{"data":[[0,130.24,194.77,1171.89,119.27,99.58,42.7,22.44,119.34,159.24,116.9,37.47,95.82,15.12,1045.72,39.77,66.24,21.71,46.85,202.82,19.49,68.81,77.74,17.42,64.19,503.38,25.5,36.53,67.73,42.66,32.08,32.48,29.31,28.24,382.38,85.59,185.22,169.02,39.93,120.45,58.38,117.83,623.45,51.85,161.81,50.51,21.21,38.62,615.89,175.13,302.13,74.16,55.11,48.34,191.34,65.5,48.21,97.19,202.18,31.72,373.56,71.84,273.52,81.29,29,999.63,21.24,196.52,22.9,11.35,27.62,459.64,21.23,214.15,185.19,25.75,98.77,20.49,10.86,21.56,234.15,33.63,36.98,18.18,50.9,10.79,43.83,1.28,128.32,4.14,12.16,12.67,85.97,110.29,11.46,75.94,32.69,21.36,182.02,724.73],[130.24,0,379.52,121.7,26.22,50.73,18.83,26.56,50.3,18.94,26.88,18.24,12.24,12.53,99.59,3.35,7.37,5.09,26.45,36.67,2.4,13.61,13.9,2.26,16.68,80.27,7.73,12.97,23.33,13.11,44.77,24.71,17,13.11,36.49,35.87,1.7,4.31,30.26,33.49,21.27,24.09,149.75,9.49,28.22,9.6,27.07,10.46,62.52,17.16,31.88,3.67,1.5,2.63,41.02,1.42,5.78,8.98,12.99,2.56,50.48,7.54,4.46,5.47,4.32,272.22,8.62,9.16,13.67,10.72,10.81,106.21,8.26,7.68,77.02,259,40.95,42.81,13.2,3.19,7.7,17,16.67,5.98,16.1,12.08,24.32,30.26,17.33,39.04,21.53,0.48,36.18,89.39,4.41,18.4,13.36,20.79,140.96,457.75],[194.77,379.52,0,227.54,37.82,45.7,42.79,124.35,78.52,83.36,82.62,61.13,50.89,22.32,426.03,14.6,22.71,8.87,96.43,178.8,20.79,23.66,65.93,21.74,76.88,303.44,32.16,54.31,56.99,40.52,49.94,55.33,21.3,8.72,147.88,46.64,39,20.6,17.76,46.89,38.1,65.36,425.12,23.45,70.98,16.71,18.12,4.5,147.31,36.35,43.77,4.1,1.96,5.33,13.27,2.49,5.09,7.81,16.97,1.25,72.12,6.88,7.49,8.36,1.31,238.39,4.71,9.86,3.83,2.77,3.72,135.48,6.01,12.31,137.51,106.65,14.82,155.7,5.65,8.58,16.57,18.23,23.65,18.64,21.59,28.71,40.8,17.09,40.33,14.95,12.42,0.14,28.33,52.69,10.25,109.31,63.21,12.36,53.05,132.37],[1171.89,121.7,227.54,0,1012.83,976.64,391.52,42.67,80.48,248.33,224.78,136.05,111.38,41.19,1296.01,73.48,53.03,10.67,88.42,146.37,15.96,77.08,82.46,49.11,93.32,520.54,29.42,131.09,61.88,46.24,141.35,57.06,31.88,43.58,710.88,91.36,196.94,186.13,37.22,319.96,153.33,1071.17,5040.56,14.63,37.53,56.19,348.47,26.58,1528.66,377.52,416.78,52.74,31.72,58.58,98.86,42.52,50.19,91.35,200.71,15.7,737.3,74.35,145.41,99.88,12.36,2110.23,16.37,111.9,12.15,6.64,17.61,1241.24,8.01,386.21,216.48,34.79,15.87,19.58,6.29,22.83,30.89,127.99,412.18,1107.96,144.84,85.35,338.74,86.84,329.17,154.09,135.67,11.94,185.08,325.89,170.42,138.42,69.82,44.3,422.53,517.07],[119.27,26.22,37.82,1012.83,0,294.34,10.97,6.64,54.23,44.8,33.13,96.25,1.44,4.65,58.27,3.23,40.64,11.39,5.6,6.75,2.83,32.46,19.38,2.76,1.63,35.88,0.22,0.84,21.96,12.3,5.04,7.84,0.7,1.03,4.31,3.12,0,0.17,2.59,388.42,96.56,15.13,40.5,0.17,0.35,0.77,18.2,81.56,354.66,137.65,553.55,195.22,146.91,103.52,493.59,175.35,99.58,229.94,427.44,80.93,454.27,152.17,678.59,142.49,81.09,819.84,39.57,471.74,39.37,13.3,54.91,164.49,0.87,3.57,23.77,22.87,6.3,2.49,0.12,5.79,0,1.52,3.39,3.25,2.73,1.31,27.2,0,43.67,10.12,1.81,0.45,11.07,57.2,1.67,2.34,0.77,6.32,1.6,13.56],[99.58,50.73,45.7,976.64,294.34,0,90.41,11.24,10.67,94.72,50.85,89.15,18.25,8.57,834.8,38.72,10.87,4.37,4.95,71.26,5.56,45.26,30.95,26.14,9.39,33.66,5.87,73.69,23.9,19.09,19.79,25.81,8.64,4.24,70,17.32,28.43,24.83,1.77,18.75,9.63,24.87,145.18,3.83,5.44,0.76,6.04,24.3,428.28,117.06,219.48,57.33,40.69,37.06,138.67,50.71,34.64,74.51,144.37,22.13,273.97,52.82,194.41,57.09,21.84,686.38,10.53,128.05,10.73,4.09,15.57,309.61,74.54,21.37,53.75,7.52,1.97,10.14,0,48.76,16.24,10.06,179.72,670,15.68,4.23,9.08,2.33,20.09,4.91,2.02,5.99,75.42,14.88,1.41,40.82,1.76,9.24,28.65,10.6],[42.7,18.83,42.79,391.52,10.97,90.41,0,160.46,54.05,35.46,126.48,35.89,117.8,75.04,442.84,29.23,8.63,2.57,23.25,80.96,28.5,29.56,51.94,28.31,22.78,35.47,8.32,10.26,36.62,32.3,33.59,13.69,7.85,3.76,45.76,27.16,4.2,7.75,0.3,8.51,9.92,13.91,60.28,11.77,40.32,30.05,40.17,11.18,140.94,38.31,67.71,9.67,6.87,8.74,32.83,6.65,9.1,13.51,30.45,4,80.33,11.38,27.05,12.73,4.08,297.41,15.47,32.23,7.87,5.07,8,130.31,1.72,4.44,58.25,19.59,0.98,12.26,0.3,9.2,18.67,90.96,51.02,75.79,14.12,3.38,12.93,2.82,2.27,6.14,9.31,1.5,25.57,65.41,9.99,4.88,1.56,8.39,3.41,9.19],[22.44,26.56,124.35,42.67,6.64,11.24,160.46,0,261.41,148.06,176.72,33.35,45,30.33,281.76,10.65,21.97,10.73,57.34,87.18,5.22,16.33,21.35,3.66,20.55,73.05,8.67,15.07,27.21,29.91,10.33,15,14.38,13.42,38.12,24.89,1.68,6.43,3.84,6.26,8.23,12.7,58.23,3.14,8.38,2.82,4.78,35.58,445.72,113.97,162.82,16.88,4.78,14.73,132.05,7.18,23.37,36.5,59.16,8.63,256,31.12,18.08,26.7,13.65,1184.59,28.24,34.3,42.84,33.02,34.65,559.32,21.37,2.61,43.31,29.85,3.6,11.97,4.16,5.92,33.04,20.65,59.54,44.39,27.46,10.53,19.49,5.56,9.57,4.18,2.89,0,23.86,45.24,16.94,34.3,23.66,74.73,8.8,18.27],[119.34,50.3,78.52,80.48,54.23,10.67,54.05,261.41,0,188.94,340.39,266.94,178.41,100.95,1694.28,55.13,73.93,56.86,103.4,532.09,24.28,363.04,124.51,21.02,47.28,415.66,41.88,93.79,102.83,51.85,19.9,31.13,17.79,27.39,169.79,103.88,44.01,61.28,3.51,155.71,12.88,60.65,179.32,2.99,9.01,13.65,198.12,41.41,607.16,159.07,259.76,47.98,27.62,32.54,171.15,35.05,35.74,69.93,123.28,19.62,339.32,50.37,110.24,47.79,22.2,1250.73,26.68,99.81,38.24,26.8,35.5,624.08,5.12,14.02,336.36,34.18,10.08,35.19,2.47,21.9,88.75,81.56,597.87,500.85,28.35,4.91,7.51,8.39,15.18,9.48,54.74,5.68,64.96,205.89,21.91,27.57,20.1,83.07,12.08,121.66],[159.24,18.94,83.36,248.33,44.8,94.72,35.46,148.06,188.94,0,2529.06,259.2,451.62,346.49,746.41,26.55,95.65,64.45,117.16,237.15,54.74,124.09,137.85,25.38,64.47,542.32,39.85,12.87,130,53.99,40.28,83.01,27.55,98.12,137.64,182.64,73.75,37.49,86.92,161.1,71.16,178.6,454.81,47.89,150.37,111.49,169.02,64.01,809.2,208.46,310.81,37.85,14.63,29.28,238.55,19.33,43.1,70.31,118.4,17.85,459.58,57.77,55.11,50.41,25.64,2049.37,47.86,75.1,74.79,57.22,61.73,1025.24,21.35,34.54,343.06,76.88,3.92,346.85,19.7,6.22,92.93,138.72,294.3,165.4,108.53,25.45,51.67,62.48,256.68,41.43,143.77,2.09,123.69,183.85,1.8,76.56,128.34,8.9,36.64,241.61],[116.9,26.88,82.62,224.78,33.13,50.85,126.48,176.72,340.39,2529.06,0,494.28,2010.95,506.78,1728.98,75.11,168.43,151,258.32,436.77,185.92,231.22,209.11,34.36,81.96,533.06,68.15,48.81,142.49,95.74,25.95,89.55,93.01,74.69,311.87,280.18,49.91,36.38,52.7,122.96,35.2,119.91,417.3,30.44,101.87,57.11,128.15,68.28,667.3,174.8,286.81,35.68,13.99,25.49,254.44,16.85,42.06,67.37,108.47,18.37,411.92,55.39,48.98,44.76,27.33,1998.89,52.1,74.07,81.24,62.18,66.18,935.76,69.34,25.23,517.53,51.77,6.06,104.28,40.48,37.04,233.21,342.87,582.84,246.68,144.33,101.27,154.21,48.84,102.92,17.08,40.03,1.01,92.52,209.98,51.99,128.07,92.2,484.59,33.52,157.66],[37.47,18.24,61.13,136.05,96.25,89.15,35.89,33.35,266.94,259.2,494.28,0,191.57,98.65,697.75,26.71,78.26,29.34,13.09,420.32,127.73,80.7,490.08,99.09,50.84,281.79,24.42,11.63,175.37,86.86,12.15,89.64,22,24.41,32.23,560.63,58.14,43.16,26.35,49.37,27.75,82.88,304.05,20.54,66.64,4.47,39.34,88.2,532.44,165.7,524.04,161.16,114.36,83.28,407.19,130.03,78.78,187.11,327.19,66.18,442.47,113.72,424.4,97.61,64.02,1241.45,46.14,364.79,59.53,32.58,66.62,492.79,3.82,8.86,124.99,13.63,40.11,50.7,5.58,25.63,89.47,1085.15,377.41,111.45,37,42.44,58.45,8.84,21.61,10.16,136.99,0.53,96.39,156.15,12.55,20.86,7.46,24.77,35.73,16.97],[95.82,12.24,50.89,111.38,1.44,18.25,117.8,45,178.41,451.62,2010.95,191.57,0,199.84,959.97,36.69,109.67,99.6,69.44,137.95,43.36,260.58,127.27,16.97,44.82,906.84,30.16,16.87,121.51,48.78,8.92,18.81,166.23,2.56,171.25,294.44,4.82,37.04,81.79,99.27,7.77,58.06,338.31,27,83.87,43.33,108.49,12.55,104.79,29.63,70.81,17.93,12.77,9.89,53.32,13.85,10.37,22.44,40.22,7.55,71.93,14.7,46.85,13.5,7.67,249.72,7.13,39.17,9.93,6.38,9.94,112.39,32.14,10.66,1037.59,49.38,10.34,62.71,17.92,23.52,206.33,90.04,211.89,81.1,53.35,23.85,42.79,0,7.09,1.13,9.15,0.13,24.99,91.03,4.43,20.51,17.98,356.95,4.47,146.23],[15.12,12.53,22.32,41.19,4.65,8.57,75.04,30.33,100.95,346.49,506.78,98.65,199.84,0,2663.07,58.48,240.77,111.12,262.69,427.9,43.96,44.54,77.76,7.15,26.36,190.64,27.78,30.18,61.37,42.18,10.02,21.8,28.81,28.36,68.96,39.78,1.07,9.11,1.28,3.48,8.32,12.54,46.99,2.61,6.65,2.53,3.69,31.13,538.03,133.87,178.69,18.19,4.72,16.21,112.65,8.23,22.79,36.1,62.01,7.77,274.23,30.76,20.28,28.45,11.62,1199.78,22.81,31.5,35.41,26.9,29.13,620.99,25.71,3.33,72.31,11.76,0.18,2.14,9.84,11.07,75.84,65.76,170.23,102.82,55.24,27.23,42.55,7.56,10.68,2.86,2.54,0,37.52,75.25,23.5,39.76,26.77,114.4,7.13,14.73],[1045.72,99.59,426.03,1296.01,58.27,834.8,442.84,281.76,1694.28,746.41,1728.98,697.75,959.97,2663.07,0,381.75,1028.22,2029.51,1049.4,2999.16,537.45,643.65,687.42,144.88,137.5,3211.22,134.94,495.56,464.44,404.57,316.84,1155.46,196.7,475.98,1413.69,2281.5,70.09,362.71,642.05,782.42,236.38,632.18,2013.43,94.01,262.89,952.67,946.22,333.12,4064.69,1030.24,1548.05,171.02,52.23,130.39,1213.46,72.23,213.72,336.66,542.24,83.57,2258.91,283.45,191.93,238,127.94,11251.8,245.31,311.78,378.06,284.36,306.28,5231.5,2.3,201.07,1419.78,1133.65,319.24,1551.66,148.63,578.81,362.12,1423.97,1369.94,828.57,529.5,92.25,248.67,298.55,307.88,383.45,99.43,238.75,449.06,939.3,849.39,790.74,625.37,137.88,108.46,244.39],[39.77,3.35,14.6,73.48,3.23,38.72,29.23,10.65,55.13,26.55,75.11,26.71,36.69,58.48,381.75,0,71.54,140.03,97.05,135.59,19.9,29.22,34.84,6.8,7.44,145.84,6.04,27.23,24.17,33.96,22.95,64.31,11.18,34.52,93.15,187.82,3.32,17.62,64.89,67.86,21.77,58.06,136.39,6.99,20.24,86.58,74.7,22.24,364.94,90.76,122.8,12.33,3,10.59,79.49,5.19,15.66,24.53,41.56,5.39,185.06,21.06,12.67,19.1,8.19,862.05,16.1,20.8,24.82,18.65,20.26,430.64,0.22,11.21,107.06,93.1,30.64,91.27,6.32,30.12,13.9,71.4,50.7,37.47,26.82,5.13,16.62,23.36,33.79,46.36,6.41,25.43,25.63,52.51,36.39,34.02,25.02,4.75,7.29,14.09],[66.24,7.37,22.71,53.03,40.64,10.87,8.63,21.97,73.93,95.65,168.43,78.26,109.67,240.77,1028.22,71.54,0,323.64,124.68,312.16,32.36,126.8,55.31,7.19,35.76,212.67,32.09,61.24,85.92,61.93,30.09,24.9,21.67,19.32,88.66,85.66,12.1,22.62,16.36,11.93,7.36,29.18,129.92,16.07,48.59,9.18,24.72,22.68,283.36,83.66,95.03,11.62,5.34,7.81,76.75,6.34,12.83,20.85,33.92,6.17,128.03,17.46,15.88,16.57,8.49,684.3,14.02,19.72,22.2,16.63,18.08,308.28,14.27,17.6,140.62,21.79,27.35,7.36,18.69,7.32,31.88,86.81,83.36,47.71,89.34,17.66,24.1,7.33,130.88,20.36,27.13,24.42,27.54,35.01,10.14,46.01,22.65,5.23,8.82,43.82],[21.71,5.09,8.87,10.67,11.39,4.37,2.57,10.73,56.86,64.45,151,29.34,99.6,111.12,2029.51,140.03,323.64,0,384.55,88.47,8.82,73.23,29.14,3.84,22.14,107.26,18.5,33.47,53.18,29.33,16.98,8.5,10.5,8.87,32.68,26.89,1.77,8.32,6.07,1.66,1.89,8.5,32.7,5.41,15.91,2.74,3.15,40.17,436.82,117.28,201.13,35.31,18.26,21.47,154.76,23.02,27.94,52.3,85.54,15.46,246.14,38.06,68.31,32.84,19.07,1129.45,25.78,64.51,38.47,27.6,33.72,521,4.94,18.54,30.64,7.35,6.44,4.79,5.61,2.5,17.76,42.62,52.85,43.71,130.95,5.21,7.99,1.34,19.64,3.39,3.23,2.38,25.38,11.98,9.94,41.15,25.44,6.66,1.74,13.75],[46.85,26.45,96.43,88.42,5.6,4.95,23.25,57.34,103.4,117.16,258.32,13.09,69.44,262.69,1049.4,97.05,124.68,384.55,0,384.91,30.16,30.39,50.25,10.54,27.69,722.81,29.43,23.54,44.04,31.2,37.97,60.1,25.23,43.32,93.21,118.88,16.68,36.26,3.37,28.32,1.88,18.72,112.51,11.3,37.23,9.64,27.35,11.88,111.42,29.38,48.84,6.09,2.46,3.84,42.24,2.64,6.92,10.96,17.11,3.12,64.14,9,7.54,7.22,4.6,355.07,8.4,10.95,12.79,9.46,10.39,159.08,0.13,5.69,154.34,41.15,6.41,5.59,29.2,22.65,50.51,136.78,43.74,18.27,56.34,64.6,76.36,2.68,11.4,3.6,23.67,2.68,18.9,73.48,9.69,7.55,5.66,4.69,6.99,9.4],[202.82,36.67,178.8,146.37,6.75,71.26,80.96,87.18,532.09,237.15,436.77,420.32,137.95,427.9,2999.16,135.59,312.16,88.47,384.91,0,58.6,179.49,196.32,18.62,159.43,1618.12,223.21,130.29,403.93,124.03,36.16,149.75,90.3,299.06,276.35,126.89,18.38,96.35,137.62,202.68,17.96,37.09,193.41,40.5,129.42,92.43,95.86,29.36,231.85,72.58,94.6,11.46,4.74,6.5,100.64,4.98,14.38,21.99,32.46,7.27,123.26,18.78,11.77,15.33,10.83,736.84,20.05,21.85,31.78,24.34,25.39,313.26,24.77,15.1,242.5,77.82,288.34,66.44,42.18,14.95,120.18,178.44,574.7,165.93,150.59,82.53,105.01,146.12,67.53,18.37,243.64,119.81,115.79,399.46,72.56,93.48,32.24,49.75,76.42,92.42],[19.49,2.4,20.79,15.96,2.83,5.56,28.5,5.22,24.28,54.74,185.92,127.73,43.36,43.96,537.45,19.9,32.36,8.82,30.16,58.6,0,59.7,111.6,16.7,47.32,122.25,15.02,16.51,26.45,21.06,8.6,7.97,10.8,23.77,21.54,11.92,6.63,15.14,15.74,73.03,18.72,16.55,44.81,4.65,14.64,8.04,27.13,39.8,852.67,213.99,259.63,25.01,5.55,23.46,139.27,11.61,30.86,48.58,87.17,9.74,400.26,42.04,26.32,41.58,14.11,1674.63,28.15,40.02,44.05,33.62,36.69,940.1,5.6,4.71,26.69,10.75,22.04,3.91,1.94,1.59,16.34,28.57,56.45,39.83,42.1,4.54,14,28.82,6.51,5.11,12.06,5.24,22.82,69.62,17.91,48.77,11.26,2.7,5.09,4.64],[68.81,13.61,23.66,77.08,32.46,45.26,29.56,16.33,363.04,124.09,231.22,80.7,260.58,44.54,643.65,29.22,126.8,73.23,30.39,179.49,59.7,0,221.83,61.21,151.22,548.32,43.09,29.34,258.8,185.02,23.37,34.8,87.13,56.46,42.8,215.75,67.4,57.55,54.58,0.54,29.59,51.49,258.57,16.16,51.55,21.11,12.9,50.52,302.8,94.09,310.53,97.68,68.08,49.8,229.99,78.73,44.79,110.59,189.16,39.07,244.52,64.26,245.86,55.07,37.09,652.26,24.07,204.38,29.92,15.47,36.04,260.2,33.4,24.94,151.66,20.39,29.85,306.71,30.9,7.66,91.45,14.99,139.49,160.54,118.58,18.77,37.57,3.43,24.59,8.99,1.27,0.32,46.12,15.16,187.14,102.08,121.89,32.62,3.05,9.32],[77.74,13.9,65.93,82.46,19.38,30.95,51.94,21.35,124.51,137.85,209.11,490.08,127.27,77.76,687.42,34.84,55.31,29.14,50.25,196.32,111.6,221.83,0,130.95,156.95,346.48,45.36,68.58,86.11,75.46,25.73,51.68,34.53,111.6,136.85,69.63,95.27,68.77,97.72,423.42,116.93,98.77,301.03,29.37,101.32,42.99,148.73,55.5,555.36,150.36,223.39,24.45,8.23,17.31,194.81,9.49,31.28,47.19,76.15,13.17,313.56,40.5,24.35,33.33,20.21,1596.74,41.98,47.81,65.37,50.56,52.86,781.93,19.38,18.08,146.26,41.61,151.85,63.16,19.59,7.57,110.2,235.79,447.38,142.62,108.42,39.53,82.07,142.03,51.1,32.6,79.5,35.15,110.21,411.87,48.62,213.75,46.02,17.41,26.16,30.3],[17.42,2.26,21.74,49.11,2.76,26.14,28.31,3.66,21.02,25.38,34.36,99.09,16.97,7.15,144.88,6.8,7.19,3.84,10.54,18.62,16.7,61.21,130.95,0,647.73,103.53,16.56,17.44,23.62,21.07,10.25,14.81,14.25,107.42,80.96,34.72,9.33,24.64,18.86,82.55,25.12,30.41,93.48,10.45,34.53,10.29,37.21,56.86,1195.36,298.92,376.53,36.09,7.33,33.19,196.5,15.71,43.04,65.89,122.61,13.28,566.09,57.53,35.14,55.48,19.47,2278.8,42.82,59.15,68.59,53.83,57.61,1417.63,9.21,11.05,54.49,15.9,33.59,19.29,7.47,27.17,59.74,128.99,146.83,173.7,153.55,11.03,27.05,40.1,11.32,9.42,62.46,9.74,55.06,116.46,36.26,60.06,16.31,4.09,11.99,7.61],[64.19,16.68,76.88,93.32,1.63,9.39,22.78,20.55,47.28,64.47,81.96,50.84,44.82,26.36,137.5,7.44,35.76,22.14,27.69,159.43,47.32,151.22,156.95,647.73,0,287.57,115.56,14.61,79.73,157.18,71.27,32.63,124.09,130.08,436.88,180.06,10.68,38.47,100.55,38.41,3.84,41.84,143.45,5.41,15.89,21.78,43.69,16.14,216.2,65.37,77.5,12.65,7.53,7.93,52.79,8.78,9.62,17.52,31.38,5.85,92.05,13.38,23.71,13.93,6.34,391.15,9.08,23.82,14.05,10.75,12.47,212.67,6.03,50.93,96.2,105.37,234.96,96.42,33.87,13.78,126.94,173.51,363.51,296.99,48.22,5.69,26.95,145.38,16.3,1.68,19.17,0.51,42.06,121.57,30.33,120.17,75.96,10.73,41.01,43.04],[503.38,80.27,303.44,520.54,35.88,33.66,35.47,73.05,415.66,542.32,533.06,281.79,906.84,190.64,3211.22,145.84,212.67,107.26,722.81,1618.12,122.25,548.32,346.48,103.53,287.57,0,744.23,1414.22,458.01,374.24,298.09,1156.57,356.33,99.58,329.9,625.12,54.6,103.85,68.32,131.43,116.19,131.69,665.12,44.08,143.17,438.62,193.67,49.27,1109.05,272.52,363.04,37.58,16.37,33.65,151.97,18.42,39.16,60.46,120.73,13.11,491.65,52.02,56.66,55.59,15.77,2019.99,35.32,63.67,45.52,33.52,39.84,1180.05,128.81,167.22,495.62,444.99,297.62,363.61,80.69,89.57,135.36,346.12,585.38,392.73,105.2,53.77,156.87,87.93,176.44,52.54,485.54,36.84,264.6,714.05,301.71,130.75,165.95,132.01,31.42,62.25],[25.5,7.73,32.16,29.42,0.22,5.87,8.32,8.67,41.88,39.85,68.15,24.42,30.16,27.78,134.94,6.04,32.09,18.5,29.43,223.21,15.02,43.09,45.36,16.56,115.56,744.23,0,53,142.29,127.43,68.83,30.89,121.01,20.32,51.88,45.29,1.8,11.2,15.33,8.71,2.12,10.38,43.73,1.59,4.94,9.17,8.85,24.12,246.07,64.29,130.78,25.92,13.41,14.25,91.7,17.15,16.75,33.86,53.8,10.31,137.46,22.39,47.18,18.64,11.91,624.52,14.39,42.13,21.03,14.69,19.5,303.58,1.2,10.64,29.13,59.84,57.52,27.79,5.16,1.88,12.11,49.18,111.26,102.64,10.42,1.46,7.03,32.42,1.88,0.37,4.06,0.1,10.22,21.28,7.92,32.35,18.63,7.66,13.3,13.63],[36.53,12.97,54.31,131.09,0.84,73.69,10.26,15.07,93.79,12.87,48.81,11.63,16.87,30.18,495.56,27.23,61.24,33.47,23.54,130.29,16.51,29.34,68.58,17.44,14.61,1414.22,53,0,343.52,207.3,53.14,120.93,46.23,27.83,78.93,812.03,1.27,6.4,77.56,11.94,0,51.76,293.81,33.3,74.55,70.26,45.09,13.4,192.19,47.87,74.48,8.14,3.34,6.3,41.92,3.31,8.63,12.84,23.37,3.25,92.85,10.96,9.55,10.06,4.39,452.06,10.47,14.96,13.07,9.54,11.04,233.71,0.85,4.23,136.1,19.99,0,28.11,4.97,37.16,6.55,175.37,74.13,62.77,26.82,7.19,9.97,3.56,17.35,53.95,2.52,0,21.27,72.98,2.14,16.51,12.97,2.03,16.39,12.49],[67.73,23.33,56.99,61.88,21.96,23.9,36.62,27.21,102.83,130,142.49,175.37,121.51,61.37,464.44,24.17,85.92,53.18,44.04,403.93,26.45,258.8,86.11,23.62,79.73,458.01,142.29,343.52,0,494.68,193.33,181.69,103.17,59.07,89.01,39.38,12.69,80.53,24.08,20.59,154.67,51.69,314.18,22.2,49.06,102.14,17.87,48.99,448.1,114.82,205.41,24.38,7.95,13.96,166.9,8.51,27.29,41.2,63.78,11.91,249.66,34.32,24.07,25.97,17.73,1507.39,34.45,40.21,52.15,38.24,42.3,680.63,38.36,4.32,65.09,81.84,0.46,83.56,49.46,8.94,38.21,50.08,227.96,60.83,62.31,10.42,28.36,2.93,12.95,5.62,38.77,0.11,65.94,100.09,57.83,50.24,35.05,25.89,14.6,16.19],[42.66,13.11,40.52,46.24,12.3,19.09,32.3,29.91,51.85,53.99,95.74,86.86,48.78,42.18,404.57,33.96,61.93,29.33,31.2,124.03,21.06,185.02,75.46,21.07,157.18,374.24,127.43,207.3,494.68,0,160.27,197.22,64.3,26.87,58.86,35.65,13.74,49.47,16.12,12.6,75.29,41.11,172.04,13.35,38.11,55.69,22.64,10.7,194.32,56.3,56.31,6.23,3.07,4.39,32.37,3.36,6.25,10.03,17.99,2.8,71.25,8.55,7.68,9.14,3.5,356.7,5.74,8.74,9.2,6.88,7.63,185.33,25.79,12.54,35.27,42.01,4.63,25.48,21.28,5.7,33.85,28.22,94.11,28.88,62.07,6.78,23.04,9.14,21.31,5.58,49.51,0.63,35.64,56.1,15.72,79.51,41.56,6.68,8.92,161.64],[32.08,44.77,49.94,141.35,5.04,19.79,33.59,10.33,19.9,40.28,25.95,12.15,8.92,10.02,316.84,22.95,30.09,16.98,37.97,36.16,8.6,23.37,25.73,10.25,71.27,298.09,68.83,53.14,193.33,160.27,0,1102.66,531.79,21.14,38.33,19.09,26.82,35.05,4.66,157.11,10.89,30.03,158.41,1.72,5.13,19.79,92.57,7.19,208.73,66.8,44.86,4.83,2.81,3.59,15.58,3.07,3.76,5.9,12.52,1.84,48.98,5.43,6.16,7.07,1.65,233.18,2.79,6.01,3.33,2.36,2.94,138.86,3.45,21.41,120.59,37.16,0.95,52.94,14.9,3.45,5.47,16.85,34.61,19.95,26.04,13.79,19.29,0.75,22.24,2.85,4.42,1.52,46.56,95.41,2.21,11.46,5.31,3.92,12.3,33.37],[32.48,24.71,55.33,57.06,7.84,25.81,13.69,15,31.13,83.01,89.55,89.64,18.81,21.8,1155.46,64.31,24.9,8.5,60.1,149.75,7.97,34.8,51.68,14.81,32.63,1156.57,30.89,120.93,181.69,197.22,1102.66,0,243.32,31.37,120.23,52.36,8.44,47.5,12.61,54.51,26.94,79.76,337.75,6.36,16.83,71.49,107.18,9.63,408.64,101.69,114.72,13.3,5.62,10.13,27.67,8.07,9.64,17.37,34.95,3.54,136.21,13.54,21.17,16.18,3.32,537.21,3.56,14.1,5.36,3.67,5.61,362.91,4.97,23.73,160.17,59.11,11.81,23.07,2.07,21.58,14.96,76.47,108.79,219.05,23.78,11.3,45.58,11.99,141.18,9.81,3.77,4.49,40.94,79.89,1.07,33.74,5.85,14.49,8.02,33.12],[29.31,17,21.3,31.88,0.7,8.64,7.85,14.38,17.79,27.55,93.01,22,166.23,28.81,196.7,11.18,21.67,10.5,25.23,90.3,10.8,87.13,34.53,14.25,124.09,356.33,121.01,46.23,103.17,64.3,531.79,243.32,0,125.66,31.51,182.97,37.77,181.85,26.03,142.16,13.15,121.76,539.48,2.19,4.83,22.96,23.4,13.43,209.12,52.54,84.77,11.79,5.1,7.52,40.92,6.13,8.73,14.84,25.84,4.11,88.89,11.1,15.4,10.17,4.78,425.99,8.49,16.68,10.82,7.54,9.82,244.44,24.3,30.56,242.31,94.03,7.04,25.89,36.24,4.45,39.59,29.66,42.22,37.36,72.99,37.37,52.22,2.25,49.39,7.38,13.71,3.59,128.56,74.43,27.01,113.83,69.3,31.42,15.59,6.76],[28.24,13.11,8.72,43.58,1.03,4.24,3.76,13.42,27.39,98.12,74.69,24.41,2.56,28.36,475.98,34.52,19.32,8.87,43.32,299.06,23.77,56.46,111.6,107.42,130.08,99.58,20.32,27.83,59.07,26.87,21.14,31.37,125.66,0,483.49,523.84,37.84,122.54,3.33,50.7,51.51,36.59,226.83,13.94,41.41,3.41,53.36,20.04,256.79,89.27,85.88,17.54,13.21,9.82,55.87,13.65,10.34,20.22,39.12,8.23,84.57,15.03,39.19,17.77,7.23,340.52,8.91,34.45,11.66,8.58,11.46,185.08,34.35,95.96,284.69,37.62,63.34,53.69,35.62,50.6,108.07,80.46,217.37,143.87,108.53,1.69,6.53,0.83,11.54,8.44,1.19,6.53,44.65,71.96,5.56,69.36,37.01,12.63,14.41,38.57],[382.38,36.49,147.88,710.88,4.31,70,45.76,38.12,169.79,137.64,311.87,32.23,171.25,68.96,1413.69,93.15,88.66,32.68,93.21,276.35,21.54,42.8,136.85,80.96,436.88,329.9,51.88,78.93,89.01,58.86,38.33,120.23,31.51,483.49,0,822.06,48.64,178.37,33.61,103.59,122.56,352.21,1694.65,23.93,71.2,45.75,47.05,76.76,842.53,232.74,524.92,140.61,89.37,73.78,306.74,106.8,67.08,155.34,282.06,54.27,465.68,95.46,353.21,90.37,47.79,1413.81,33.98,269.23,42.8,23.62,52.42,767.23,104.84,187.53,470.2,204.65,165.34,99.66,9.71,58.12,198.71,300.4,79.42,116.29,106.08,1.29,15.09,43.97,251.8,74.82,5.31,94.34,205.61,1173.9,10.37,39.77,16.08,18.21,48.4,241.98],[85.59,35.87,46.64,91.36,3.12,17.32,27.16,24.89,103.88,182.64,280.18,560.63,294.44,39.78,2281.5,187.82,85.66,26.89,118.88,126.89,11.92,215.75,69.63,34.72,180.06,625.12,45.29,812.03,39.38,35.65,19.09,52.36,182.97,523.84,822.06,0,111.78,240.87,103.85,459.15,449.57,146,443.69,26.25,76.27,12.08,364.92,73.39,1468.8,357.03,502.42,51.65,14.33,36.94,222.47,19.72,49.76,73.33,140.11,17.09,606.63,63.42,49.62,60.03,22.81,2744.21,49.42,71.47,72.62,53.41,61.81,1820.56,574.86,102.2,357.22,56.75,1954.67,45.79,2.53,21.81,239.28,156.06,76.57,83.87,190.39,2.77,10.79,0.93,98.35,11.22,42.58,0.59,125.91,116.64,0.63,81.92,55.43,128,405.75,562.49],[185.22,1.7,39,196.94,0,28.43,4.2,1.68,44.01,73.75,49.91,58.14,4.82,1.07,70.09,3.32,12.1,1.77,16.68,18.38,6.63,67.4,95.27,9.33,10.68,54.6,1.8,1.27,12.69,13.74,26.82,8.44,37.77,37.84,48.64,111.78,0,735.33,9.98,59.96,6.18,37.66,149.09,2.85,6.18,974.52,110.41,130.63,535.4,183.96,817.19,303.64,175.14,133.28,509.21,229.76,95.78,292.22,446.97,107.8,410.03,137.56,644.64,115.93,90.44,837.94,27.36,405.24,30.92,9.27,67.84,198.62,94.86,881.08,578.49,348.73,9.75,36.57,0.92,52.36,18.14,10.33,2.05,24.52,9.25,3.91,20,26.63,105.85,7.09,0.35,7.43,121.72,24.37,0.4,99.61,3.06,0.19,7.62,2.6],[169.02,4.31,20.6,186.13,0.17,24.83,7.75,6.43,61.28,37.49,36.38,43.16,37.04,9.11,362.71,17.62,22.62,8.32,36.26,96.35,15.14,57.55,68.77,24.64,38.47,103.85,11.2,6.4,80.53,49.47,35.05,47.5,181.85,122.54,178.37,240.87,735.33,0,128.01,142.87,40.31,114.53,795.33,6.26,12.91,262.61,356.13,14.99,216.3,67.31,85.5,18.99,11.72,9.76,42.55,13.63,8.58,19.53,34.15,7.06,70.88,12.16,35.29,12.8,6.07,270.9,4.86,25.43,6.52,4.33,7.56,172.26,177.72,72.26,1159.44,61.61,29.36,28.46,2,19.67,59.11,9.15,6.02,4.38,7.5,12.71,48.44,15.29,163.19,3.76,19.8,11.05,79.47,53.19,0.29,28.26,5.02,2.51,9.2,7.49],[39.93,30.26,17.76,37.22,2.59,1.77,0.3,3.84,3.51,86.92,52.7,26.35,81.79,1.28,642.05,64.89,16.36,6.07,3.37,137.62,15.74,54.58,97.72,18.86,100.55,68.32,15.33,77.56,24.08,16.12,4.66,12.61,26.03,3.33,33.61,103.85,9.98,128.01,0,39.39,273.99,120.49,538.95,89.87,138.52,16.01,388.12,6.45,344.19,77.65,107.08,13.44,5.72,8.3,13.58,7.46,6.26,12.66,25.61,2.63,93.08,8.48,16.01,9.79,2.08,338.57,1.11,9.36,1.28,0.68,2.44,312.26,11.73,18.12,315.8,79.65,0,251.28,0.69,4.28,2.1,4.78,6.31,10.9,126.77,5.98,38.97,23.65,28.07,172.44,0,4.91,38.23,45.25,1.72,8.9,7.29,6.22,1.38,40.39],[120.45,33.49,46.89,319.96,388.42,18.75,8.51,6.26,155.71,161.1,122.96,49.37,99.27,3.48,782.42,67.86,11.93,1.66,28.32,202.68,73.03,0.54,423.42,82.55,38.41,131.43,8.71,11.94,20.59,12.6,157.11,54.51,142.16,50.7,103.59,459.15,59.96,142.87,39.39,0,162.94,508.63,1732.08,28.48,55.06,15.21,3999.37,93.25,552.84,158.95,565.36,200.3,81.88,74.03,244.51,126.54,36.47,160.78,163.78,50.58,210.03,49.66,178.95,33.45,45.81,512.12,7.26,104.34,10.11,3.69,35.17,381.88,33.74,26.46,139.06,60.82,22.14,33.93,2.42,41.36,8.57,39.5,17.71,54.87,91.19,1.22,18.26,22.36,78.58,14.89,8.59,2.82,130.5,333.8,3.37,27.49,20.24,100.28,45.8,42.95],[58.38,21.27,38.1,153.33,96.56,9.63,9.92,8.23,12.88,71.16,35.2,27.75,7.77,8.32,236.38,21.77,7.36,1.89,1.88,17.96,18.72,29.59,116.93,25.12,3.84,116.19,2.12,0,154.67,75.29,10.89,26.94,13.15,51.51,122.56,449.57,6.18,40.31,273.99,162.94,0,683.86,3582.26,32.54,58.32,11.86,73.34,37.14,455.36,133.23,220.58,63.16,29.88,22.17,72.93,37.49,11.63,47.49,51.56,15.18,91.3,16.14,53.14,12.7,12.77,310.74,1.73,22.85,2.74,1.31,10,290.86,29.27,2.11,329.76,44.49,0.2,17.7,0.5,4.54,0,7.32,26.39,197.18,11.19,1.08,114.18,4.09,98.72,10.53,3.05,0,21.05,56.65,0.2,20.83,2.37,63.02,4.63,12.48],[117.83,24.09,65.36,1071.17,15.13,24.87,13.91,12.7,60.65,178.6,119.91,82.88,58.06,12.54,632.18,58.06,29.18,8.5,18.72,37.09,16.55,51.49,98.77,30.41,41.84,131.69,10.38,51.76,51.69,41.11,30.03,79.76,121.76,36.59,352.21,146,37.66,114.53,120.49,508.63,683.86,0,2793.23,150.46,418.3,174.75,496.1,16.13,369.58,85.87,137.85,18.96,6.91,6.37,25.22,6.9,6.55,11.65,21.21,3.89,72.65,7.24,12.51,6.43,3.27,405.46,3.93,7.55,5.17,2.69,5.8,397.07,29.29,10.31,259.5,79.01,26.23,68.92,7.03,20.08,29.59,14.66,70.36,268.64,29.41,33.82,142.49,39.15,153.16,24.65,9.13,17.94,47.54,90.94,2.67,50.14,46.66,4.98,70.57,385.45],[623.45,149.75,425.12,5040.56,40.5,145.18,60.28,58.23,179.32,454.81,417.3,304.05,338.31,46.99,2013.43,136.39,129.92,32.7,112.51,193.41,44.81,258.57,301.03,93.48,143.45,665.12,43.73,293.81,314.18,172.04,158.41,337.75,539.48,226.83,1694.65,443.69,149.09,795.33,538.95,1732.08,3582.26,2793.23,0,1003.56,2546.14,1023.62,1600.55,203.26,1704.33,444.74,1351.67,443.54,157.77,158.2,507.7,271.06,72.82,344.92,305.77,99.23,485.05,96.88,322.39,62.59,95.75,1404.51,11.99,150.45,17.22,6.72,73.73,1255.25,162.65,50.66,1030.96,311.99,94.52,273.52,28.44,119.81,125.11,80.01,244.48,940.65,123.25,102.37,576.55,198.43,795.11,107.45,35.26,87.57,288.08,618.78,15.18,149.88,157.74,28.72,262.91,2374.88],[51.85,9.49,23.45,14.63,0.17,3.83,11.77,3.14,2.99,47.89,30.44,20.54,27,2.61,94.01,6.99,16.07,5.41,11.3,40.5,4.65,16.16,29.37,10.45,5.41,44.08,1.59,33.3,22.2,13.35,1.72,6.36,2.19,13.94,23.93,26.25,2.85,6.26,89.87,28.48,32.54,150.46,1003.56,0,2285.47,37.91,36.44,15.69,247.45,60.04,125.28,32.11,10.45,11.03,34.98,18.31,5.64,23.83,21.84,6.38,49.27,7.06,19.02,4.91,6.38,191.33,1.09,7.97,1.48,0.59,5.25,190.13,1.98,3.04,21.79,10.73,4.69,2.79,0,6.77,2.12,13.8,44.91,146.65,24.75,3.61,14.75,2.65,11.56,19.23,0.39,0,6.28,21.43,0.65,16.04,3.09,0.21,1.97,0.67],[161.81,28.22,70.98,37.53,0.35,5.44,40.32,8.38,9.01,150.37,101.87,66.64,83.87,6.65,262.89,20.24,48.59,15.91,37.23,129.42,14.64,51.55,101.32,34.53,15.89,143.17,4.94,74.55,49.06,38.11,5.13,16.83,4.83,41.41,71.2,76.27,6.18,12.91,138.52,55.06,58.32,418.3,2546.14,2285.47,0,103.87,86.8,25.63,809.82,177.86,268.9,27.83,7.64,6.76,28.79,5.54,10.48,12.67,32.02,4.34,132.38,10.64,12.47,10.02,3.11,818.71,6.07,7.82,7.3,3.08,7.43,795.7,3,8.96,58.69,26.62,11.19,6.41,0,10.65,6.55,41.46,135.64,522.78,61.6,11.62,45.31,5.05,18.94,60.96,0.3,0.12,17.23,49.63,0.69,48.13,6.63,0.63,3.83,0.81],[50.51,9.6,16.71,56.19,0.77,0.76,30.05,2.82,13.65,111.49,57.11,4.47,43.33,2.53,952.67,86.58,9.18,2.74,9.64,92.43,8.04,21.11,42.99,10.29,21.78,438.62,9.17,70.26,102.14,55.69,19.79,71.49,22.96,3.41,45.75,12.08,974.52,262.61,16.01,15.21,11.86,174.75,1023.62,37.91,103.87,0,1110.78,12.93,247.58,59.07,104.25,18,5.31,6.85,18.52,7.91,4.01,11.11,13.1,3.06,40.85,4.48,7.52,3.53,2.92,251.04,1.9,4.74,1.86,0.7,3.31,188.37,3.14,16.81,167.13,48.91,6.47,60.46,0.63,0.84,1.46,3.36,17.2,8.84,37.64,0.25,5.88,7.37,6.6,0.3,0.47,0,61.02,26.59,3.76,29.79,33.67,19.05,6.99,3.06],[21.21,27.07,18.12,348.47,18.2,6.04,40.17,4.78,198.12,169.02,128.15,39.34,108.49,3.69,946.22,74.7,24.72,3.15,27.35,95.86,27.13,12.9,148.73,37.21,43.69,193.67,8.85,45.09,17.87,22.64,92.57,107.18,23.4,53.36,47.05,364.92,110.41,356.13,388.12,3999.37,73.34,496.1,1600.55,36.44,86.8,1110.78,0,425.43,2170.28,669.28,2995.35,1157.73,343.14,439.74,1423.6,798.4,161.89,993.18,578.59,229.99,782.08,214.25,735.44,110.48,277.31,1545,10.49,242.88,16.39,6.32,195.13,526.21,38.06,4.54,328.74,86.48,8.45,157.03,6.16,360.56,39.47,321.93,66.66,250.2,18.99,0.15,46.58,67.47,108.11,21.64,2.24,1.04,36.63,63.17,2.32,75.32,82.72,1.58,16.84,16.78],[38.62,10.46,4.5,26.58,81.56,24.3,11.18,35.58,41.41,64.01,68.28,88.2,12.55,31.13,333.12,22.24,22.68,40.17,11.88,29.36,39.8,50.52,55.5,56.86,16.14,49.27,24.12,13.4,48.99,10.7,7.19,9.63,13.43,20.04,76.76,73.39,130.63,14.99,6.45,93.25,37.14,16.13,203.26,15.69,25.63,12.93,425.43,0,0,0,0,0,0,0,0,0,0,0,0,0,0,0,0,0,0,0,0,0,0,0,0,0,23.51,16.32,172.71,14.72,32.37,15.04,32.38,8.62,70.72,45.9,80.88,29.02,34.63,37.58,62.87,7.87,20.41,14.65,5.84,20.71,35.47,40,35.84,44.17,9.87,21.9,14.66,8.22],[615.89,62.52,147.31,1528.66,354.66,428.28,140.94,445.72,607.16,809.2,667.3,532.44,104.79,538.03,4064.69,364.94,283.36,436.82,111.42,231.85,852.67,302.8,555.36,1195.36,216.2,1109.05,246.07,192.19,448.1,194.32,208.73,408.64,209.12,256.79,842.53,1468.8,535.4,216.3,344.19,552.84,455.36,369.58,1704.33,247.45,809.82,247.58,2170.28,0,0,0,0,0,0,0,0,0,0,0,0,0,0,0,0,0,0,0,0,0,0,0,0,0,225.12,199.67,1080.18,235.54,251.99,527.58,711.77,162.63,819.36,886.94,896.87,292.34,339.63,744.93,573.2,190.71,387.21,168.76,106.34,97.92,370.05,506.65,362.56,456.71,149.2,165.53,621.5,256.97],[175.13,17.16,36.35,377.52,137.65,117.06,38.31,113.97,159.07,208.46,174.8,165.7,29.63,133.87,1030.24,90.76,83.66,117.28,29.38,72.58,213.99,94.09,150.36,298.92,65.37,272.52,64.29,47.87,114.82,56.3,66.8,101.69,52.54,89.27,232.74,357.03,183.96,67.31,77.65,158.95,133.23,85.87,444.74,60.04,177.86,59.07,669.28,0,0,0,0,0,0,0,0,0,0,0,0,0,0,0,0,0,0,0,0,0,0,0,0,0,59.71,63.1,328.57,62.22,72.6,134.33,179.93,41.56,224.31,225.47,235.32,81.18,101.85,190.98,160.1,58.5,116.43,54.8,30.81,36.11,108.02,143.77,97.11,131.69,39.7,44.9,155.89,66.64],[302.13,31.88,43.77,416.78,553.55,219.48,67.71,162.82,259.76,310.81,286.81,524.04,70.81,178.69,1548.05,122.8,95.03,201.13,48.84,94.6,259.63,310.53,223.39,376.53,77.5,363.04,130.78,74.48,205.41,56.31,44.86,114.72,84.77,85.88,524.92,502.42,817.19,85.5,107.08,565.36,220.58,137.85,1351.67,125.28,268.9,104.25,2995.35,0,0,0,0,0,0,0,0,0,0,0,0,0,0,0,0,0,0,0,0,0,0,0,0,0,129.95,70.74,1038.92,95.32,193.3,164.19,226.46,60.64,306.93,289.41,372.35,133.63,124.58,238.46,308.83,46.62,142.82,89.95,44.48,130.27,170.39,292.33,149.86,171.49,57.5,75.15,170.46,79.37],[74.16,3.67,4.1,52.74,195.22,57.33,9.67,16.88,47.98,37.85,35.68,161.16,17.93,18.19,171.02,12.33,11.62,35.31,6.09,11.46,25.01,97.68,24.45,36.09,12.65,37.58,25.92,8.14,24.38,6.23,4.83,13.3,11.79,17.54,140.61,51.65,303.64,18.99,13.44,200.3,63.16,18.96,443.54,32.11,27.83,18,1157.73,0,0,0,0,0,0,0,0,0,0,0,0,0,0,0,0,0,0,0,0,0,0,0,0,0,28.15,10.4,339.46,15.01,58.15,21.11,21.57,8.77,34.66,31.23,48.88,21.44,14.33,22.95,62.02,5.94,30.18,25.63,9.45,46.16,32.55,76.87,15.69,20.52,8.52,8.3,19.43,11.73],[55.11,1.5,1.96,31.72,146.91,40.69,6.87,4.78,27.62,14.63,13.99,114.36,12.77,4.72,52.23,3,5.34,18.26,2.46,4.74,5.55,68.08,8.23,7.33,7.53,16.37,13.41,3.34,7.95,3.07,2.81,5.62,5.1,13.21,89.37,14.33,175.14,11.72,5.72,81.88,29.88,6.91,157.77,10.45,7.64,5.31,343.14,0,0,0,0,0,0,0,0,0,0,0,0,0,0,0,0,0,0,0,0,0,0,0,0,0,14.96,6.52,204.32,8.68,34.95,13.65,4.34,4.97,12.89,10.04,19.96,12.27,6.34,4.64,38.19,5.38,24.58,20.33,8.48,37.27,20.85,57.48,5.31,10.31,5.24,2.61,25.91,9.82],[48.34,2.63,5.33,58.58,103.52,37.06,8.74,14.73,32.54,29.28,25.49,83.28,9.89,16.21,130.39,10.59,7.81,21.47,3.84,6.5,23.46,49.8,17.31,33.19,7.93,33.65,14.25,6.3,13.96,4.39,3.59,10.13,7.52,9.82,73.78,36.94,133.28,9.76,8.3,74.03,22.17,6.37,158.2,11.03,6.76,6.85,439.74,0,0,0,0,0,0,0,0,0,0,0,0,0,0,0,0,0,0,0,0,0,0,0,0,0,13.53,6.72,148.76,9.01,24.39,15.63,19.37,6.22,26,27.81,34.95,14.01,9.95,21.88,35.54,5.63,19.78,13.83,6.38,22.23,20.16,43.61,14.28,17.1,6.89,6.38,21.59,10.82],[191.34,41.02,13.27,98.86,493.59,138.67,32.83,132.05,171.15,238.55,254.44,407.19,53.32,112.65,1213.46,79.49,76.75,154.76,42.24,100.64,139.27,229.99,194.81,196.5,52.79,151.97,91.7,41.92,166.9,32.37,15.58,27.67,40.92,55.87,306.74,222.47,509.21,42.55,13.58,244.51,72.93,25.22,507.7,34.98,28.79,18.52,1423.6,0,0,0,0,0,0,0,0,0,0,0,0,0,0,0,0,0,0,0,0,0,0,0,0,0,77.56,44,573.45,36.72,97.01,32.5,108.55,28.3,246.73,162.22,301.35,104.46,116.98,131.57,237.36,20.57,70.23,57.63,20.73,100.34,133.99,169.4,129.85,162.46,37.97,84.11,34.88,29.99],[65.5,1.42,2.49,42.52,175.35,50.71,6.65,7.18,35.05,19.33,16.85,130.03,13.85,8.23,72.23,5.19,6.34,23.02,2.64,4.98,11.61,78.73,9.49,15.71,8.78,18.42,17.15,3.31,8.51,3.36,3.07,8.07,6.13,13.65,106.8,19.72,229.76,13.63,7.46,126.54,37.49,6.9,271.06,18.31,5.54,7.91,798.4,0,0,0,0,0,0,0,0,0,0,0,0,0,0,0,0,0,0,0,0,0,0,0,0,0,17.45,6.42,234.45,7.93,37.54,12.18,9.1,5.23,16.19,15.98,25.46,13.13,7.64,10.18,39.98,6.06,24.51,20.85,7.63,37.82,22.79,59.99,6.45,12.3,5.64,3.21,15.84,9.62],[48.21,5.78,5.09,50.19,99.58,34.64,9.1,23.37,35.74,43.1,42.06,78.78,10.37,22.79,213.72,15.66,12.83,27.94,6.92,14.38,30.86,44.79,31.28,43.04,9.62,39.16,16.75,8.63,27.29,6.25,3.76,9.64,8.73,10.34,67.08,49.76,95.78,8.58,6.26,36.47,11.63,6.55,72.82,5.64,10.48,4.01,161.89,0,0,0,0,0,0,0,0,0,0,0,0,0,0,0,0,0,0,0,0,0,0,0,0,0,14.49,7.94,115.49,8.53,19.56,13.42,24.24,6.79,40.78,34.94,52.4,18.5,17.41,27.87,44.62,5.48,19.46,13.41,6.11,23.32,24.76,42.71,21.62,26.3,8.12,12.24,21.35,10.54],[97.19,8.98,7.81,91.35,229.94,74.51,13.51,36.5,69.93,70.31,67.37,187.11,22.44,36.1,336.66,24.53,20.85,52.3,10.96,21.99,48.58,110.59,47.19,65.89,17.52,60.46,33.86,12.84,41.2,10.03,5.9,17.37,14.84,20.22,155.34,73.33,292.22,19.53,12.66,160.78,47.49,11.65,344.92,23.83,12.67,11.11,993.18,0,0,0,0,0,0,0,0,0,0,0,0,0,0,0,0,0,0,0,0,0,0,0,0,0,30.32,12.66,312.44,14.57,51.5,22.2,35.41,11.62,62.98,55.83,84.91,31.99,26.77,41.68,79.61,9.67,36.89,28.48,11.54,49.05,44.78,87.67,31.81,41.72,13.82,18.77,34.73,18.96],[202.18,12.99,16.97,200.71,427.44,144.37,30.45,59.16,123.28,118.4,108.47,327.19,40.22,62.01,542.24,41.56,33.92,85.54,17.11,32.46,87.17,189.16,76.15,122.61,31.38,120.73,53.8,23.37,63.78,17.99,12.52,34.95,25.84,39.12,282.06,140.11,446.97,34.15,25.61,163.78,51.56,21.21,305.77,21.84,32.02,13.1,578.59,0,0,0,0,0,0,0,0,0,0,0,0,0,0,0,0,0,0,0,0,0,0,0,0,0,51.38,24.67,531.06,29.87,89.11,54.4,70.78,24.05,109.67,103.23,147.01,57.22,45.41,80.06,157.24,22.71,85.29,60.51,27.38,109.71,86.91,189.24,55.35,73.54,27.56,28.98,100.41,43.68],[31.72,2.56,1.25,15.7,80.93,22.13,4,8.63,19.62,17.85,18.37,66.18,7.55,7.77,83.57,5.39,6.17,15.46,3.12,7.27,9.74,39.07,13.17,13.28,5.85,13.11,10.31,3.25,11.91,2.8,1.84,3.54,4.11,8.23,54.27,17.09,107.8,7.06,2.63,50.58,15.18,3.89,99.23,6.38,4.34,3.06,229.99,0,0,0,0,0,0,0,0,0,0,0,0,0,0,0,0,0,0,0,0,0,0,0,0,0,10.48,4.74,120.85,4.82,19.98,5.75,7.3,3.25,17.53,12.32,23.55,9.99,8.75,8.63,27.81,3.4,13.05,11.04,4.07,20.52,15.25,32.06,8.24,12.34,3.75,5.17,7.73,4.63],[373.56,50.48,72.12,737.3,454.27,273.97,80.33,256,339.32,459.58,411.92,442.47,71.93,274.23,2258.91,185.06,128.03,246.14,64.14,123.26,400.26,244.52,313.56,566.09,92.05,491.65,137.46,92.85,249.66,71.25,48.98,136.21,88.89,84.57,465.68,606.63,410.03,70.88,93.08,210.03,91.3,72.65,485.05,49.27,132.38,40.85,782.08,0,0,0,0,0,0,0,0,0,0,0,0,0,0,0,0,0,0,0,0,0,0,0,0,0,114.13,76.9,635,89.23,124.85,186.25,329.17,76.81,446.16,437.87,531.75,171.16,178.25,371.28,370.78,77.27,194.3,96.26,56.38,104.06,222.03,310.61,232.47,275.02,87.7,119.67,297.56,129.16],[71.84,7.54,6.88,74.35,152.17,52.82,11.38,31.12,50.37,57.77,55.39,113.72,14.7,30.76,283.45,21.06,17.46,38.06,9,18.78,42.04,64.26,40.5,57.53,13.38,52.02,22.39,10.96,34.32,8.55,5.43,13.54,11.1,15.03,95.46,63.42,137.56,12.16,8.48,49.66,16.14,7.24,96.88,7.06,10.64,4.48,214.25,0,0,0,0,0,0,0,0,0,0,0,0,0,0,0,0,0,0,0,0,0,0,0,0,0,19.05,10.55,164.67,10.86,27.52,18.18,31.48,9.19,53.67,47.33,69.7,24.77,23.23,36.71,60.93,8.68,29.48,20.62,9.07,35.24,34.7,62.68,27.62,35.7,11.27,15.9,31.07,15.47],[273.52,4.46,7.49,145.41,678.59,194.41,27.05,18.08,110.24,55.11,48.98,424.4,46.85,20.28,191.93,12.67,15.88,68.31,7.54,11.77,26.32,245.86,24.35,35.14,23.71,56.66,47.18,9.55,24.07,7.68,6.16,21.17,15.4,39.19,353.21,49.62,644.64,35.29,16.01,178.95,53.14,12.51,322.39,19.02,12.47,7.52,735.44,0,0,0,0,0,0,0,0,0,0,0,0,0,0,0,0,0,0,0,0,0,0,0,0,0,49.13,14.89,687.13,21.03,108.74,36.35,19.99,17.68,39.22,40.79,82.49,41.46,16.8,22.21,158.54,15.15,91.58,74.84,31.34,174.54,79.45,249.42,16.27,36.18,20.61,8.58,92.7,40.43],[81.29,5.47,8.36,99.88,142.49,57.09,12.73,26.7,47.79,50.41,44.76,97.61,13.5,28.45,238,19.1,16.57,32.84,7.22,15.33,41.58,55.07,33.33,55.48,13.93,55.59,18.64,10.06,25.97,9.14,7.07,16.18,10.17,17.77,90.37,60.03,115.93,12.8,9.79,33.45,12.7,6.43,62.59,4.91,10.02,3.53,110.48,0,0,0,0,0,0,0,0,0,0,0,0,0,0,0,0,0,0,0,0,0,0,0,0,0,16.07,11.36,141.88,11.08,24.75,22.82,30.65,9.57,48.15,46.06,59.37,22.38,22.54,35.05,55.34,15.17,40.4,23.46,11.87,36.33,34,66.28,22.76,35.07,11.44,11.91,56.33,21.51],[29,4.32,1.31,12.36,81.09,21.84,4.08,13.65,22.2,25.64,27.33,64.02,7.67,11.62,127.94,8.19,8.49,19.07,4.6,10.83,14.11,37.09,20.21,19.47,6.34,15.77,11.91,4.39,17.73,3.5,1.65,3.32,4.78,7.23,47.79,22.81,90.44,6.07,2.08,45.81,12.77,3.27,95.75,6.38,3.11,2.92,277.31,0,0,0,0,0,0,0,0,0,0,0,0,0,0,0,0,0,0,0,0,0,0,0,0,0,10.42,4.88,96.98,4.37,15.79,3.94,10.49,3.32,25.34,16.95,32.72,12.12,12.16,12.85,29.25,2.37,10.03,9.11,3.08,16.53,16.44,26.24,13.09,17.31,4.37,8.63,3.49,3.81],[999.63,272.22,238.39,2110.23,819.84,686.38,297.41,1184.59,1250.73,2049.37,1998.89,1241.45,249.72,1199.78,11251.8,862.05,684.3,1129.45,355.07,736.84,1674.63,652.26,1596.74,2278.8,391.15,2019.99,624.52,452.06,1507.39,356.7,233.18,537.21,425.99,340.52,1413.81,2744.21,837.94,270.9,338.57,512.12,310.74,405.46,1404.51,191.33,818.71,251.04,1545,0,0,0,0,0,0,0,0,0,0,0,0,0,0,0,0,0,0,0,0,0,0,0,0,0,492.58,336.66,1703.6,351.71,389.7,587.25,1257.83,278.52,1975.12,1732.91,2370.62,732.93,841.83,1404.29,1415.32,234.47,549.26,234.08,146.78,212.75,811.22,819.65,987.13,1156.58,307.31,571.87,901.9,387.48],[21.24,8.62,4.71,16.37,39.57,10.53,15.47,28.24,26.68,47.86,52.1,46.14,7.13,22.81,245.31,16.1,14.02,25.78,8.4,20.05,28.15,24.07,41.98,42.82,9.08,35.32,14.39,10.47,34.45,5.74,2.79,3.56,8.49,8.91,33.98,49.42,27.36,4.86,1.11,7.26,1.73,3.93,11.99,1.09,6.07,1.9,10.49,0,0,0,0,0,0,0,0,0,0,0,0,0,0,0,0,0,0,0,0,0,0,0,0,0,12.17,10.45,55.54,8.88,10.37,6.8,25.29,5.59,54.19,34.14,62.09,21.32,24.95,30.42,47.98,2.69,11.45,8.4,3.01,12.87,25.89,22.42,34.59,35.59,7.9,18.76,3.58,4.17],[196.52,9.16,9.86,111.9,471.74,128.05,32.23,34.3,99.81,75.1,74.07,364.79,39.17,31.5,311.78,20.8,19.72,64.51,10.95,21.85,40.02,204.38,47.81,59.15,23.82,63.67,42.13,14.96,40.21,8.74,6.01,14.1,16.68,34.45,269.23,71.47,405.24,25.43,9.36,104.34,22.85,7.55,150.45,7.97,7.82,4.74,242.88,0,0,0,0,0,0,0,0,0,0,0,0,0,0,0,0,0,0,0,0,0,0,0,0,0,43.16,21.42,569.65,24.86,93.44,33.85,34.94,17.34,70.55,57.09,105.05,48.79,30.12,40.98,178.47,14.49,113.57,95.94,32.46,170.47,95.78,226.7,41.96,53.05,23.24,20.16,43.93,28.22],[22.9,13.67,3.83,12.15,39.37,10.73,7.87,42.84,38.24,74.79,81.24,59.53,9.93,35.41,378.06,24.82,22.2,38.47,12.79,31.78,44.05,29.92,65.37,68.59,14.05,45.52,21.03,13.07,52.15,9.2,3.33,5.36,10.82,11.66,42.8,72.62,30.92,6.52,1.28,10.11,2.74,5.17,17.22,1.48,7.3,1.86,16.39,0,0,0,0,0,0,0,0,0,0,0,0,0,0,0,0,0,0,0,0,0,0,0,0,0,17.84,13.15,67.34,10.25,14.43,7.51,41.47,8.23,89.12,53.35,98.11,31.73,41.69,50.04,71.97,5.66,17.32,11.48,4.02,14.42,40.97,27.91,49.53,57.03,11.78,30.49,4.99,5.29],[11.35,10.72,2.77,6.64,13.3,4.09,5.07,33.02,26.8,57.22,62.18,32.58,6.38,26.9,284.36,18.65,16.63,27.6,9.46,24.34,33.62,15.47,50.56,53.83,10.75,33.52,14.69,9.54,38.24,6.88,2.36,3.67,7.54,8.58,23.62,53.41,9.27,4.33,0.68,3.69,1.31,2.69,6.72,0.59,3.08,0.7,6.32,0,0,0,0,0,0,0,0,0,0,0,0,0,0,0,0,0,0,0,0,0,0,0,0,0,12.14,10.12,29.82,7.22,7.55,5.06,33.16,6.06,71.83,41.49,75.86,24.13,34.2,40.45,52.31,5.59,11.12,5.77,2.14,3.97,30.94,13.24,40,46.58,8.96,24.55,3.25,3.48],[27.62,10.81,3.72,17.61,54.91,15.57,8,34.65,35.5,61.73,66.18,66.62,9.94,29.13,306.28,20.26,18.08,33.72,10.39,25.39,36.69,36.04,52.86,57.61,12.47,39.84,19.5,11.04,42.3,7.63,2.94,5.61,9.82,11.46,52.42,61.81,67.84,7.56,2.44,35.17,10,5.8,73.73,5.25,7.43,3.31,195.13,0,0,0,0,0,0,0,0,0,0,0,0,0,0,0,0,0,0,0,0,0,0,0,0,0,17.39,11.8,96.44,10.17,18.39,9.11,35.38,7.56,73.43,45.3,81.43,27.29,34.21,42.37,63.39,6.04,18.03