{"data":[[0,398.44,1375.29,150.14,1203.78,3766.52,47.67,223.65,113.64,327.01,118.97,10.86,62.66,53.3,152.08,82.96,70.85,105.49,51.01,18.61,181.98,20.72,398.36,45.33,70.2,16.48,70.92,4.66,43.09,68.56,80.3,62.53,16.03,179.74,316.73,75.93,66.5,1149.94,23.34,31.06,65.8,71.73,36.23,23.31,29.23,1325.46,317.95,160.74,218.64,58.15,25.62,20.17,20.17,13.47,24.14,25.13,26.22,10.89,138.67,33.53,11.9,118.4,27.99,33.37,13.95,49.42,191.9,148.15,186.12,27.54,6.59,174.1,88.27,32.92,147.55,34.75,50.51,77.25,432.41,29.72,49.81,57.12,5.87,90.59,247.33,147.55,55.32,84.2,26.21,18.74,157.71,322.4,217.64,20.27,70.08,543.04,64.7,190.83,253.99,191.28],[398.44,0,96.81,8.86,55.12,587.36,0.34,1.74,28.63,33.59,46.54,4.12,21.75,2.39,16.03,14.72,8.53,4.65,0.91,2.3,5.79,1.31,11.31,3,6.59,1.87,3.26,1.02,3.65,3.37,4.34,10.69,15.37,93.48,44.33,7.67,5.01,117.93,1.3,5.42,17.67,18.17,14.05,1.97,2.29,98.98,23.72,11.82,16.07,4.54,1.92,1.53,1.65,1.07,1.89,1.99,1.95,0.81,10.15,2.46,0.88,10.04,2.18,2.56,1.1,3.92,14.93,12.16,9.91,14.04,57.74,97.82,4.37,2.32,53.03,2.39,10.21,13.16,34.97,0.96,67.38,1.67,0.93,12.94,89.98,25.86,4.62,10.74,2.73,2.38,26.2,72.32,145.14,12.24,45.62,0.68,5.43,32.61,4.25,141.51],[1375.29,96.81,0,207.53,205.2,1030.61,3.33,12.49,47.59,84.15,103.94,20.26,119.67,24.93,204.99,94.54,36.54,65.63,7.35,16.22,40.91,10.91,96.92,42.33,47.91,6.41,18.99,5.66,19.84,31.07,33.4,219,318.9,1289.73,581.76,37.74,112.76,874.89,4.7,96,252.51,306.99,302.51,11.43,10.43,356.98,85.03,41.81,56.46,21.17,7.64,6.43,8.92,5.23,8.69,9.88,7.43,3.23,36.11,8.83,3.34,62.04,9.64,10.54,4.8,17.45,61.33,63.11,105.15,47.08,756.64,1280.93,15.36,19.12,654.28,9.38,37.47,28.14,244.36,11.2,548.06,19.17,3.32,60.44,1007.82,60.33,28.64,25.17,10.67,7.15,48.23,395.6,1590.93,55.6,172.9,3.21,9.56,53.36,25.59,599.84],[150.14,8.86,207.53,0,49,556.96,0.49,2.37,28.24,36.11,68.54,5.15,14.96,2.03,12.14,11.13,5.66,4.41,1.12,1.81,4.18,1.18,10.99,2.76,8.65,1.75,3.54,0.81,3.48,2.72,3.58,23.21,33.14,76.21,40.22,7.17,11.96,133.72,1.03,10.89,31.55,34.38,29.45,2.47,2.68,109.65,26.19,13.1,17.77,5.37,2.19,1.77,2.04,1.28,2.22,2.4,2.2,0.93,11.36,2.74,0.99,13.12,2.51,2.88,1.23,4.41,16.51,14.58,7.56,11.22,45.81,76.79,3,2.62,39.12,1.86,9.87,8.09,23.87,0.84,67.59,1.22,0.71,9.57,67.89,15.81,3.04,6.54,1.88,1.52,14.83,45.29,100.95,7.34,26.14,0.45,2.73,16.6,1.64,35.83],[1203.78,55.12,205.2,49,0,1594.5,1.58,6.13,49.03,63.97,84.53,10.78,31.32,6.79,66.67,31.03,16.21,19.19,2.25,5.41,14.26,3.67,32.24,13.11,15.68,3.39,8.97,2.22,7.24,10.83,12.5,33.52,49.48,453.67,199.87,15.19,15.07,199.9,2.18,14.78,40.27,50.55,48.04,3.92,4.25,172.7,41.3,20.8,28.21,8.59,3.49,2.82,3.26,2.04,3.54,3.84,3.51,1.48,18.05,4.36,1.58,20.84,4.02,4.61,1.98,7.09,26.47,23.36,41.99,22.2,274.31,466.31,7.12,6.97,237.97,3.73,14.57,15.76,97.33,4.22,203.04,7.52,1.69,26.38,371.06,36.84,11.58,13.39,4.76,3.47,28.36,161.86,585.59,24.47,80.04,1.88,4.79,29.98,9.85,246.6],[3766.52,587.36,1030.61,556.96,1594.5,0,367.91,1215.44,550.94,1379.1,316.46,114.54,378.45,425.71,1074.78,341.07,450.16,202.43,86.58,73.83,246.59,103.28,2216.6,155.22,196.19,86.95,239.38,194.85,93.07,384.38,412.97,175.79,106.93,289.78,975.61,450.26,478.08,5792.38,106.64,338.53,586.03,271.49,506.03,90.67,110.86,4938.87,1181.66,605.25,821.99,223.62,97.3,77.37,79.06,51.67,92.32,97.5,99.55,41.47,529.04,126.99,45.17,480.23,105.6,123.63,50.62,179.17,694.73,563.99,1279.05,367.89,338.99,779,255.55,181.33,232,663.17,220.61,152.44,257.24,280.7,1016.01,112.78,109.89,343.7,1009.5,584.43,125.24,277.22,142.98,92.38,162.33,641.45,1005.65,169.46,551.12,487.47,181.02,480.95,1598.58,862.4],[47.67,0.34,3.33,0.49,1.58,367.91,0,344.64,45.57,92.93,13.53,1.49,3.57,3.66,16.23,4.91,1.26,0.47,1.07,0,0.37,0,10.61,1.02,2.56,5.72,13.63,0,6.59,2.96,0,2.29,0.33,2.5,15.76,9.16,10.69,118.11,0.42,1.68,5.87,10.12,5.81,4.17,6.05,300.84,72,37.07,50.47,12,5.67,4.42,3.82,2.67,4.96,5.01,5.93,2.42,32.56,7.75,2.7,21.04,5.75,6.91,2.66,9.31,38.17,27.89,15.27,4.87,4.62,4.29,9.35,4.33,2.08,0.94,1.63,2.69,30.85,4.21,20.44,0,24.66,22.87,29.51,65.31,10.84,13.28,5.85,4.1,3.51,23.76,9.82,26.87,98.39,1.26,4.1,10.61,30.78,12.93],[223.65,1.74,12.49,2.37,6.13,1215.44,344.64,0,326.64,1015.04,63.93,0.1,0,1.62,2.69,2.19,34.39,1.67,11.71,2.04,17.41,2.58,7.16,0.13,15.13,2.22,9.93,0.8,3.32,1.84,1.21,1.3,1,0.43,4.01,11.6,4.33,71.61,1.36,1.22,4.25,4.59,41.28,3.98,5.46,263.12,62.9,32.52,44.22,10.95,5.05,3.97,3.61,2.46,4.51,4.64,5.24,2.15,28.69,6.82,2.39,20.95,5.17,6.12,2.36,8.29,33.54,25.81,0.99,0.16,2.15,3.82,4.11,0.17,68.61,4.99,15.19,28.73,2.16,1.06,31.35,2.56,7.82,29.68,41.35,26.93,4.04,6.18,6.2,3.82,17.33,36.57,12.89,18.86,71.28,5.36,2.35,34.04,38.09,7.5],[113.64,28.63,47.59,28.24,49.03,550.94,45.57,326.64,0,637.18,16.51,10.47,76.15,28.23,61.85,20.13,27.19,70.93,15.8,6.96,26.4,9.52,114.54,63.97,29.48,3.35,30.47,18.02,11.7,21.24,5.23,8,23.32,21.99,29.04,21.03,21.81,190,6.73,15.82,28.59,19.46,16.29,16.56,13.24,359.32,84.87,45.51,60.52,29.59,9.47,8.42,13.77,7.42,11.96,14.78,8.79,4.04,41.11,10.02,3.94,107.1,12.6,12.77,5.94,21.62,70.5,87.68,71.89,40.12,7.91,55.59,7.56,99.18,40.93,21.29,25.43,23.98,25.01,12.94,85.58,23.1,22.41,20.68,29.24,38.21,32.62,29.41,33.31,19.76,27.17,68.36,44.61,10.34,31.22,14.23,7.09,36.93,118.69,100.36],[327.01,33.59,84.15,36.11,63.97,1379.1,92.93,1015.04,637.18,0,99.78,54.98,56.96,65.95,220.8,52.83,100.92,179.91,18.15,9.51,52.92,10.9,344.48,113.71,76.77,15.93,74.09,44.33,26.08,34.64,19.21,24.5,49.94,32.87,66.98,49.28,48.12,516.07,25.64,32.51,83.82,61.63,89.08,26.91,28.47,1121.17,266.78,140.9,190.21,60.25,24.04,19.86,23.47,14.17,24.54,27.58,24.04,10.27,126.03,30.08,10.91,163.6,26.97,29.79,12.2,43.41,161.23,156.45,136.57,72.82,10.17,100.95,26.7,56.86,89.09,131.23,26.07,32.35,79.9,20.05,114.87,37.39,39.9,72.14,84.51,104.85,45.06,40.3,35.24,24.32,51.79,140.98,82.93,28.74,99.11,27.83,12.3,108.02,129.83,207.07],[118.97,46.54,103.94,68.54,84.53,316.46,13.53,63.93,16.51,99.78,0,76.16,10.33,21.69,23.83,15.27,47.14,19.59,7.14,3.54,4.95,4.06,56.65,68.59,23.06,7.82,22.82,1.87,4.72,8.39,4.91,1.01,4.05,5.12,7.36,13.8,8.02,114.78,2.83,14.84,38.33,15.16,11.53,11.44,9.41,278.67,65.95,33.18,44.48,19.77,6.54,5.73,8.95,4.95,8.07,9.65,6.21,2.78,29.34,7.14,2.78,68.29,8.54,8.83,4.07,14.78,49.93,60.2,23.45,7.73,3.86,58.56,9.49,15.15,44.65,4.33,26.7,8.18,7.25,14.11,47.16,5.51,7.44,16.26,28.07,19.4,3.61,12.41,4.03,3.08,8.26,44.07,50.41,17.52,46.17,5.84,57.16,53.51,22.33,41.18],[10.86,4.12,20.26,5.15,10.78,114.54,1.49,0.1,10.47,54.98,76.16,0,16.39,13.83,10.6,63.27,12.92,13.39,0.76,1.58,11.46,5.2,104.53,781.86,9.55,5.97,17.35,4.43,36.57,1.99,2.8,82.47,5.23,6.71,16.87,9.79,5.94,37.93,37.62,5.67,8.46,17.09,20.23,5.24,5.57,231.16,55.08,26.06,35.55,10.6,4.29,3.51,4.03,2.53,4.44,4.72,4.38,1.82,22.41,5.38,1.96,26.79,4.91,5.53,2.34,8.35,32.1,30.75,10.23,40.62,0.68,5.85,4.57,5.96,1.85,11.58,52.99,1.58,7.57,1.86,4.02,12.14,7.16,37.35,15.6,83.2,1.54,6.87,2.83,1.98,2.08,11.08,11.1,1.44,4.3,4.65,1.88,3.17,66.45,6.83],[62.66,21.75,119.67,14.96,31.32,378.45,3.57,0,76.15,56.96,10.33,16.39,0,101.03,76.04,125.51,20.46,35.59,7.28,27.3,24.64,16.28,50.34,39.07,25.66,34.3,30.64,7.92,3.74,3.06,67.41,17.29,14.29,1.89,27.56,74.9,20.02,144.58,0.64,10.17,30.59,126.08,52.47,8.04,10.63,515.64,123.61,57.7,79.17,19.41,8.86,6.91,6.49,4.53,8.31,8.26,9.26,3.76,48.62,11.74,4.14,36.32,9.59,11.61,4.87,17.14,69.21,52.95,13.44,15.29,9.82,18.12,2.84,47.09,46.32,2.91,3.92,9.72,9.06,140.57,19.65,37.48,2.65,28.3,18.95,23.16,3.57,5.26,4.29,2.55,18.39,40.16,24.44,12.68,30.93,0.16,5,26.12,50.08,1.08],[53.3,2.39,24.93,2.03,6.79,425.71,3.66,1.62,28.23,65.95,21.69,13.83,101.03,0,68.74,231.87,30.06,24.49,6.55,1.26,5.48,0.97,57.72,3.63,7.87,16.21,28.51,39.44,9.24,5.84,10.77,0.82,1.72,6.91,16.24,14.32,5.43,96.25,7.76,0.79,2.22,4.08,6.48,5.44,8.53,459.65,110.07,49.54,68.41,14.63,7.24,5.55,4.44,3.34,6.43,6.04,7.77,3.07,41.46,9.93,3.44,22.11,7.43,9.17,3.7,12.85,55.22,39.14,8.65,5.21,5.08,5.14,11.6,21.88,115.27,13.12,11.53,10.7,8.28,6.63,17.24,8.9,2.86,34.97,16.92,113.3,0.98,19.39,32.84,30.97,6.65,17.35,14.3,0.97,3.1,0.66,1.53,6.8,7.91,3.32],[152.08,16.03,204.99,12.14,66.67,1074.78,16.23,2.69,61.85,220.8,23.83,10.6,76.04,68.74,0,115.44,72.32,76.57,14.58,3.44,43.56,4.62,594.01,5.08,14.45,14.71,124.35,23.48,7.56,37.07,10.79,7.13,46.51,0.15,19.42,37.03,54.61,906.33,13.9,26.63,55.61,33.46,144.33,5.1,7.99,431.54,103.64,45.61,63.17,13.45,6.64,5.08,4.09,3.12,5.98,5.57,7.16,2.82,37.7,9.07,3.14,20.19,6.94,8.6,3.55,12.33,53.14,37.89,159.96,44.16,69.58,144.29,63.37,80.83,10.64,42.48,388.2,41.43,51.01,41.48,116.57,38.64,0.97,63.41,158.25,93.97,19.52,67.4,4.84,4.5,39.05,69.48,36.73,34.56,108.88,280.34,1.48,56.43,139.38,215.51],[82.96,14.72,94.54,11.13,31.03,341.07,4.91,2.19,20.13,52.83,15.27,63.27,125.51,231.87,115.44,0,80.06,59.2,7.63,67.55,36.22,14.37,125.64,4.8,9.21,6.93,25.33,6.67,5.05,16.52,13.93,3.38,6.3,4.96,6.92,17.65,17.46,207.04,3.77,4.77,13.14,14.67,31.79,10.83,10.83,431.4,103,46.01,63.07,19.82,7.71,6.31,7.72,4.86,8.35,8.82,7.82,3.25,38.39,9.37,3.48,51.39,9.34,10.56,4.73,16.96,64.48,63.39,70.08,15.22,13.64,19.92,21.09,9.75,11.78,19.89,53.33,13.07,26.68,13.7,22.88,10.33,8.48,13.63,58.7,15.42,4.18,9.54,3.58,3.02,18.71,36.01,19.52,3.34,9.56,36.46,4.33,28.67,37.75,39.98],[70.85,8.53,36.54,5.66,16.21,450.16,1.26,34.39,27.19,100.92,47.14,12.92,20.46,30.06,72.32,80.06,0,21.18,11.53,15.17,345.71,26.34,144.32,32.6,20.66,5.04,23.74,518.55,11.11,14.67,16.42,1.26,16.5,10.02,3.09,13.05,17.26,227.95,3.95,7.31,13.93,22.66,8.07,9.76,10.96,486.22,116.55,50.42,69.59,19.14,8.01,6.39,6.96,4.66,8.25,8.29,8.32,3.37,41.3,10.08,3.67,42.96,9.4,11,4.88,17.36,69.08,62,25.25,11.01,4.52,24.2,26.26,5.53,29.02,1427.42,80.45,90.85,24.07,10.66,12.23,8.54,13.03,50.37,50.4,103.84,6.78,8.84,5.54,3.78,12.21,42.83,44.55,12.61,42.18,11.99,20.66,8.44,31.21,11.68],[105.49,4.65,65.63,4.41,19.19,202.43,0.47,1.67,70.93,179.91,19.59,13.39,35.59,24.49,76.57,59.2,21.18,0,75.68,16.25,89.26,10.55,99.87,2.23,21.49,21.85,58.8,52.28,3.91,16.52,1.07,2.5,0.65,5.33,1.24,14.2,17.46,192.81,5.61,6.8,9.3,24.05,6.21,12.82,19.3,1037.48,247.83,106.39,147.53,31.59,15.47,11.98,9.84,7.33,14.09,13.17,16.73,6.53,88.35,21.06,7.32,52.11,15.91,19.04,7.55,26.18,115.77,90.55,37.15,6.01,1.03,2.65,8.01,4.13,78.12,3.1,29.99,9.76,12.94,9.2,6.99,1.68,5.97,42.36,14.48,191.73,5.08,11.66,9.19,6.91,21.52,34.08,7.82,6.39,18.02,0.83,1.49,22.25,6.65,6.15],[51.01,0.91,7.35,1.12,2.25,86.58,1.07,11.71,15.8,18.15,7.14,0.76,7.28,6.55,14.58,7.63,11.53,75.68,0,9.12,140,11.3,54.27,29.13,22.74,22.29,54.29,18.51,4.46,11.8,2.11,6.25,4.66,11.07,4.29,26.73,8.67,76.16,2.48,6.09,20.67,10.51,2.08,6.55,7.04,313.1,74.2,30.62,42.39,11.7,4.81,3.92,4.34,2.84,5.08,5.1,5.05,2.01,25.25,6.06,2.22,30.11,5.45,6.01,2.52,8.86,37.15,39.51,12.13,7.38,2.4,2.24,4.46,3.86,51.26,4.29,7.17,11.95,6.08,3.2,12.93,1.8,3.61,13.29,29.81,8.12,5.01,8.33,3.52,1.98,4.86,17.82,15.16,3.29,10.43,3.65,2.24,20.25,10.22,2.94],[18.61,2.3,16.22,1.81,5.41,73.83,0,2.04,6.96,9.51,3.54,1.58,27.3,1.26,3.44,67.55,15.17,16.25,9.12,0,360.87,66.78,222.24,2.45,4.22,3.17,44.07,13.62,199,86.78,4.22,0.13,0.65,0,0,1.62,2.09,40.88,0.65,2.98,15.1,8.05,1.52,4.3,3.52,113.92,26.98,11.6,15.86,6.44,2.14,1.84,2.77,1.62,2.65,2.92,2.11,0.9,9.69,2.38,0.95,20.5,2.85,3.01,1.4,5.09,18.54,23.11,5.95,24.63,1.28,69.59,3.2,9.3,126.3,251.07,3.38,11.69,24.51,9.81,18.14,1.51,1.15,25.56,9.87,85.44,37.73,23.01,10.21,9.57,8.23,18.28,26.87,1.89,6.76,96.09,90.8,17.01,0.36,1.31],[181.98,5.79,40.91,4.18,14.26,246.59,0.37,17.41,26.4,52.92,4.95,11.46,24.64,5.48,43.56,36.22,345.71,89.26,140,360.87,0,228.53,521.64,4.09,23.81,10.63,9.94,38.2,2.51,15.58,2.21,1.39,21.13,10.16,16.3,3.89,13.46,229.77,1.79,11.33,27.08,17.87,16.09,5.66,7.6,387.41,92.81,38.35,53.42,12.26,5.69,4.44,4.05,2.93,5.49,5.19,6.12,2.4,31.12,7.51,2.65,22.53,6.26,7.52,3.21,11.23,47.94,39.54,29.93,19.75,15.4,28.51,19.24,14.62,5.09,223.3,97.57,61.97,36,32.47,98.74,1.95,32.33,21.13,20.54,26.94,0.3,2.84,3.99,2.86,4.02,26.14,10.34,31.56,111.1,14.98,0,21.98,90.32,23.02],[20.72,1.31,10.91,1.18,3.67,103.28,0,2.58,9.52,10.9,4.06,5.2,16.28,0.97,4.62,14.37,26.34,10.55,11.3,66.78,228.53,0,132.02,1.6,10.96,4.28,21.3,6.77,83.73,38.82,7.17,0.53,3.38,1.62,1.63,4.75,5.23,59.7,2.51,7.51,28.6,13.08,3.02,5.29,6.09,281.01,67.21,27.96,38.81,10.15,4.33,3.45,3.62,2.46,4.43,4.37,4.57,1.82,22.76,5.52,2,22.52,4.98,5.81,2.53,8.95,36.83,33.82,9.08,13.1,3.5,27.73,4.97,19.55,81.27,205.05,10.24,12.83,17.82,5.29,20.16,0.89,3.84,16.98,10.68,39.03,14.24,17.43,10.03,8.61,7.28,18.02,15.98,1.99,6.66,41.23,30.43,14.8,10.09,3.44],[398.36,11.31,96.92,10.99,32.24,2216.6,10.61,7.16,114.54,344.48,56.65,104.53,50.34,57.72,594.01,125.64,144.32,99.87,54.27,222.24,521.64,132.02,0,1196.5,66.53,135.92,112.97,371.03,106.05,169.34,88.41,6.29,51.33,23.3,157.14,85.88,55.26,757.56,11.8,45.03,147.43,60.52,141.79,37.05,47.05,2376.24,565.13,222.13,311.09,72.11,32.79,25.99,24.45,17.3,32.4,30.69,35.59,13.81,179.94,43,15.31,146.42,35.96,41.67,17.34,60.54,265.79,244.92,434.99,61.98,12.24,25.4,131.37,195.46,20.85,434.14,73.89,53.64,48.41,34.68,88.15,58.48,29.36,132.36,216.7,302.15,18.8,43.58,34.92,26.61,65.68,149.76,76,37.83,129.86,21.27,6.83,154.35,125.12,67.18],[45.33,3,42.33,2.76,13.11,155.22,1.02,0.13,63.97,113.71,68.59,781.86,39.07,3.63,5.08,4.8,32.6,2.23,29.13,2.45,4.09,1.6,1196.5,0,165.19,96.23,312.36,62.75,11.15,8.56,32.99,0,1.92,5.39,8.34,12.36,11.4,451.78,13.16,11.11,22.7,14.63,9.52,12.81,10.72,383.25,90.17,35.3,48.9,17.83,6.12,5.23,7.4,4.46,7.45,7.89,6.22,2.55,28.71,7,2.78,57.25,7.83,8.25,3.76,13.41,52.44,68.02,17.78,10.39,0.17,1,22.26,35.75,0,6.51,15.04,0.91,4.75,2.77,8.01,0.48,4.21,37.78,57.73,16.62,2.33,9.88,4.95,3.26,4.51,12.55,5.9,10.87,39.3,51.58,0.91,2.23,30.89,5.04],[70.2,6.59,47.91,8.65,15.68,196.19,2.56,15.13,29.48,76.77,23.06,9.55,25.66,7.87,14.45,9.21,20.66,21.49,22.74,4.22,23.81,10.96,66.53,165.19,0,33.38,50.19,11.95,9.29,20.87,8.72,7.81,12.5,6.67,18.02,20.27,18.21,160.05,4.72,5.71,18.53,48.19,8.89,5.58,6.25,300.35,70.62,25.87,36.45,9.05,3.85,3.13,3.24,2.21,4.07,3.88,4.17,1.6,20.57,4.92,1.79,22.89,4.33,4.78,1.99,6.97,31.24,34.19,21.61,15,6.97,4.58,21.26,35.63,203.59,22.26,19.79,26.04,18.52,58.62,12.87,5.88,7.25,44.48,87.98,77.08,4.17,13.51,3.67,2.32,13.23,45.71,38.35,6.68,21.97,13.15,4.27,41.37,40.46,13.96],[16.48,1.87,6.41,1.75,3.39,86.95,5.72,2.22,3.35,15.93,7.82,5.97,34.3,16.21,14.71,6.93,5.04,21.85,22.29,3.17,10.63,4.28,135.92,96.23,33.38,0,281.01,31.41,7.4,10.42,6.42,6.67,19.27,5.3,14.61,18.76,5.93,44.43,3.11,4.99,12.98,24.02,14.27,8.73,7.54,306.31,71.14,23.18,33,10.45,3.66,3.15,4.17,2.59,4.51,4.47,3.89,1.5,17.84,4.29,1.71,35.86,4.48,4.56,1.99,6.95,30.89,47.55,33.14,9.72,0,13.46,3.55,14.95,57.42,3.2,5.85,9.98,1.55,3.7,13.06,2.76,8.04,8.24,11.92,13.36,3.15,3.38,2.11,1.27,2.68,12.03,8.32,0.56,1.55,7.68,0.72,1.5,24.92,9.93],[70.92,3.26,18.99,3.54,8.97,239.38,13.63,9.93,30.47,74.09,22.82,17.35,30.64,28.51,124.35,25.33,23.74,58.8,54.29,44.07,9.94,21.3,112.97,312.36,50.19,281.01,0,94.85,11.19,51.67,33.15,15.57,60.46,10.4,21.77,42.89,15.43,132.51,6.77,11.21,31.27,33.39,35.42,13.71,15.92,805.23,188.09,63.17,90.16,20.65,9.04,7.38,7.23,5.04,9.54,8.77,9.97,3.73,48.95,11.62,4.21,51.53,9.98,10.8,4.39,15.26,72.59,86.68,62.02,11.53,0.42,30.51,38.34,5.17,43.72,10.93,68.12,19.73,11.26,9.67,34.9,5.71,29.55,85.27,72.66,228.45,6.66,13.03,10.96,7.86,11.01,41.84,23.46,10.2,36.43,20.46,5.86,21.49,67.13,24.19],[4.66,1.02,5.66,0.81,2.22,194.85,0,0.8,18.02,44.33,1.87,4.43,7.92,39.44,23.48,6.67,518.55,52.28,18.51,13.62,38.2,6.77,371.03,62.75,11.95,31.41,94.85,0,15.46,49.87,113.94,3.78,114.79,2.13,5.46,3.02,6.86,112.96,0.74,93.9,126.27,125.08,25.11,5.8,6.24,297.44,70.36,23.89,34.06,8.54,3.54,2.89,3.08,2.08,3.83,3.62,3.85,1.46,18.55,4.44,1.64,22.13,4.06,4.46,1.9,6.65,30.23,36.11,191.43,7.05,28.96,56.53,6.73,3.1,30.96,7.14,7.3,3.71,3.54,0.56,25.05,8.35,1.31,10.1,8.58,19.58,0.46,2.3,1.31,0.91,6.58,30.25,26.69,3.81,11.47,5.15,0,1.43,54.48,0.75],[43.09,3.65,19.84,3.48,7.24,93.07,6.59,3.32,11.7,26.08,4.72,36.57,3.74,9.24,7.56,5.05,11.11,3.91,4.46,199,2.51,83.73,106.05,11.15,9.29,7.4,11.19,15.46,0,132.94,278.2,0.72,2.64,11.89,3.78,5.37,29.39,216.94,11.5,7.08,18.2,30.36,5.64,6.08,6.74,316.41,76,27.09,38.37,9.9,4.11,3.29,3.52,2.44,4.41,4.18,4.39,1.7,20.7,5.1,1.87,23.2,4.94,5.66,2.57,9.1,39.17,41.02,56.09,11.19,5.28,133.05,40.18,6.77,50.47,54.87,6.93,9.09,16.1,7.57,13.9,8.61,5.72,13.72,13.95,36.46,31.96,31.31,5.58,4.52,12.02,30.09,26.44,1.83,5.57,9.4,1.6,10.18,3.74,6.58],[68.56,3.37,31.07,2.72,10.83,384.38,2.96,1.84,21.24,34.64,8.39,1.99,3.06,5.84,37.07,16.52,14.67,16.52,11.8,86.78,15.58,38.82,169.34,8.56,20.87,10.42,51.67,49.87,132.94,0,729.61,6.73,9.08,20.38,2.71,8.84,23.95,322.19,4.4,27.52,92.48,20.11,14.9,13.81,15.18,694.72,166.85,62.81,88.23,23.51,9.73,7.77,8.49,5.78,10.33,10.02,10.28,4.05,49.21,12.07,4.43,54.67,11.65,13.48,6.1,21.65,90.43,90.46,50.35,7.55,2.38,40.27,67.97,19.3,59.77,45.66,40.08,15.37,7.93,9.27,186.29,2.75,11.01,34.43,62.1,75.99,1.5,8,12.4,8.11,7.38,24.38,19.17,10.75,34.04,7.38,9.36,25.75,39.03,5.95],[80.3,4.34,33.4,3.58,12.5,412.97,0,1.21,5.23,19.21,4.91,2.8,67.41,10.77,10.79,13.93,16.42,1.07,2.11,4.22,2.21,7.17,88.41,32.99,8.72,6.42,33.15,113.94,278.2,729.61,0,34.89,27.19,4.46,16.82,25.37,16.55,255.83,5.58,41.43,74.8,19.12,477.87,8.6,10.35,526.62,125.86,42.11,60.31,13.81,6.09,4.84,4.72,3.38,6.35,5.82,6.65,2.51,31.74,7.72,2.78,30.46,7.01,7.98,3.5,12.25,55.9,59.85,121.96,32.43,13.71,156.54,39.79,22.77,99.07,11.81,20.54,23.25,25.65,5.56,26.57,1.68,7.01,39.74,94.85,119.25,4.61,11.01,8.84,7.28,33.83,55.27,10.69,4.05,12.9,6.52,0,50.5,7.81,11.07],[62.53,10.69,219,23.21,33.52,175.79,2.29,1.3,8,24.5,1.01,82.47,17.29,0.82,7.13,3.38,1.26,2.5,6.25,0.13,1.39,0.53,6.29,0,7.81,6.67,15.57,3.78,0.72,6.73,34.89,0,20.43,5.68,28.64,10.87,9.65,218.88,145.12,22.92,124.5,17.26,40.56,4.16,4.79,272.19,63.69,11.7,18.99,2.99,1.29,1.15,1.04,0.74,1.52,1.24,1.58,0.5,6.77,1.52,0.56,10.3,1.41,1.39,0.57,1.9,13.02,25.6,14.72,14.02,35.53,19.31,98.07,19.58,52.86,3.03,9.96,4.27,35.21,27.03,6.21,9.71,0.32,24.89,23.66,64.42,3.53,14.02,3.27,2.43,14.57,35.94,15.54,4.44,16.25,8.85,0.58,49.98,18.58,0],[16.03,15.37,318.9,33.14,49.48,106.93,0.33,1,23.32,49.94,4.05,5.23,14.29,1.72,46.51,6.3,16.5,0.65,4.66,0.65,21.13,3.38,51.33,1.92,12.5,19.27,60.46,114.79,2.64,9.08,27.19,20.43,0,29.8,4.81,36.99,28.83,997.28,58.63,7.58,12.93,22.97,28.59,10.54,13.57,779.49,184.27,43.71,66.74,11.6,5.45,4.53,3.84,2.92,5.91,4.91,6.36,2.17,28.66,6.78,2.4,29.41,6.06,6.35,2.67,9.18,52.15,74.86,45.44,33.54,3.2,6.48,7.05,11.46,38.83,6.63,11.59,16.66,32.17,1.92,14.74,0.62,7.49,22.03,12.21,66.76,1.04,6.21,6.24,4.7,4.13,19.48,14.21,5.45,16.16,0.24,0,5,8.86,2.55],[179.74,93.48,1289.73,76.21,453.67,289.78,2.5,0.43,21.99,32.87,5.12,6.71,1.89,6.91,0.15,4.96,10.02,5.33,11.07,0,10.16,1.62,23.3,5.39,6.67,5.3,10.4,2.13,11.89,20.38,4.46,5.68,29.8,0,90.85,58.04,38.24,1517.32,139.23,18.15,63.1,11.9,12.66,12.83,14.98,864.51,207.52,35.3,58.81,9,3.78,3.35,3.05,2.25,4.63,3.66,4.84,1.48,18.15,4.18,1.56,28.81,4.73,4.79,2.27,7.73,50.65,93.97,69.79,18.44,2.15,4.75,4.96,60.5,8.8,17.61,26.88,17.29,20.03,0,66.45,31.11,6.11,36.25,34.87,79.18,4.52,15.9,4.9,2.29,11.63,31.32,7.94,20.07,76.14,2.03,0.79,10.3,5.3,11.41],[316.73,44.33,581.76,40.22,199.87,975.61,15.76,4.01,29.04,66.98,7.36,16.87,27.56,16.24,19.42,6.92,3.09,1.24,4.29,0,16.3,1.63,157.14,8.34,18.02,14.61,21.77,5.46,3.78,2.71,16.82,28.64,4.81,90.85,0,84.98,53.82,876.03,28.78,147.24,176.34,16.69,45.31,5.78,7.11,425.81,101.24,16.18,27.43,3.59,1.62,1.48,1.22,0.92,1.98,1.51,2.12,0.62,8.11,1.79,0.64,12.39,1.91,1.86,0.83,2.78,20.49,40.33,20.77,9.81,0.49,19.96,14.27,9.49,0,1.01,5.7,9.55,14.6,15.54,58.34,15.04,12.27,25.59,19.59,42.57,2.22,11.94,7.83,5.86,1.93,13.16,7.98,18.5,59.54,0,4.73,5.22,96.38,14.07],[75.93,7.67,37.74,7.17,15.19,450.26,9.16,11.6,21.03,49.28,13.8,9.79,74.9,14.32,37.03,17.65,13.05,14.2,26.73,1.62,3.89,4.75,85.88,12.36,20.27,18.76,42.89,3.02,5.37,8.84,25.37,10.87,36.99,58.04,84.98,0,127.71,2921.67,138.18,110.4,187.2,37.06,217.88,13.03,14.56,840.63,201.13,28.96,50.76,6.99,2.73,2.57,2.43,1.7,3.58,2.77,3.73,1.04,12.88,2.79,1.09,25.84,3.4,3.36,1.61,5.3,40.37,88.94,120.69,15.53,0.15,24.32,12.2,31.41,4.85,10.26,11.71,7.34,14.22,43.57,48.76,11.82,36.06,15.56,14.4,33.2,2.14,12.99,9.34,5.34,20.88,59.7,43.44,12.72,45.91,9.95,13.41,37.81,31.03,53.66],[66.5,5.01,112.76,11.96,15.07,478.08,10.69,4.33,21.81,48.12,8.02,5.94,20.02,5.43,54.61,17.46,17.26,17.46,8.67,2.09,13.46,5.23,55.26,11.4,18.21,5.93,15.43,6.86,29.39,23.95,16.55,9.65,28.83,38.24,53.82,127.71,0,1143.16,35.64,38.44,124.96,38.98,35.02,10.34,12.11,716.49,171.24,25.09,43.69,5.63,2.37,2.22,1.95,1.41,3.03,2.3,3.21,0.9,11.49,2.47,0.92,20.87,2.87,2.78,1.29,4.23,32.95,71.59,53.73,23.7,30.96,16.18,6.08,17.48,8.76,16.08,52.17,19.82,11.72,11.59,92.67,10.27,9.84,24.92,29.3,45.29,3.37,18.13,13.66,7.53,5.33,27.29,25.81,6.94,20.8,11.94,2.43,17.87,25.45,19.24],[1149.94,117.93,874.89,133.72,199.9,5792.38,118.11,71.61,190,516.07,114.78,37.93,144.58,96.25,906.33,207.04,227.95,192.81,76.16,40.88,229.77,59.7,757.56,451.78,160.05,44.43,132.51,112.96,216.94,322.19,255.83,218.88,997.28,1517.32,876.03,2921.67,1143.16,0,875.38,978.54,1625.74,867.6,631.87,136.09,100.84,4111.27,973.68,144.28,247.28,73.91,15.92,15.93,27.43,14.77,26.19,25.03,20.81,6.04,67.31,15.49,9.5,308.24,21.53,20.85,10.1,31.19,230.95,704.8,762.62,295.1,1652.22,446.34,62.98,332.83,118.64,388.16,382.89,165.3,155.14,215.82,1307.12,234.14,121.09,300.52,501.91,826.37,77.49,173.81,133.13,88.07,121.46,404.55,538.66,118.21,384.17,139.45,28.7,208.04,546.5,424.22],[23.34,1.3,4.7,1.03,2.18,106.64,0.42,1.36,6.73,25.64,2.83,37.62,0.64,7.76,13.9,3.77,3.95,5.61,2.48,0.65,1.79,2.51,11.8,13.16,4.72,3.11,6.77,0.74,11.5,4.4,5.58,145.12,58.63,139.23,28.78,138.18,35.64,875.38,0,144.8,142.53,201.65,164.53,5.9,4.28,173.74,40.86,5.64,9.89,2.89,0.57,0.59,1.07,0.55,0.98,0.96,0.77,0.21,2.46,0.55,0.36,12.57,0.74,0.72,0.34,0.99,8.43,28.47,147.49,6.94,1.25,35.55,29.4,2.62,0,1.21,11.28,1.23,3.38,0.8,13.4,8.93,1,4.6,32.76,5.18,2.29,7.93,2.68,1.5,1.85,6.94,5.8,2.71,10.27,1.24,1.45,4.66,3.8,37.82],[31.06,5.42,96,10.89,14.78,338.53,1.68,1.22,15.82,32.51,14.84,5.67,10.17,0.79,26.63,4.77,7.31,6.8,6.09,2.98,11.33,7.51,45.03,11.11,5.71,4.99,11.21,93.9,7.08,27.52,41.43,22.92,7.58,18.15,147.24,110.4,38.44,978.54,144.8,0,790.29,68.51,42.89,9.72,10.34,588.28,138.48,18.2,32.79,4.23,1.54,1.54,1.52,0.99,2.1,1.64,2.19,0.57,7.72,1.53,0.63,18.52,1.76,1.69,0.76,2.29,21.51,57.01,45.5,9.08,3.44,14.49,12.54,12.78,1.77,93.48,19.35,21.22,6.88,5.38,13.3,1.43,21.63,24.98,26.32,45.77,15.56,32.3,4.74,2.91,2.85,19.4,18.14,16.22,61.42,1.4,0.59,13.09,5.93,6.31],[65.8,17.67,252.51,31.55,40.27,586.03,5.87,4.25,28.59,83.82,38.33,8.46,30.59,2.22,55.61,13.14,13.93,9.3,20.67,15.1,27.08,28.6,147.43,22.7,18.53,12.98,31.27,126.27,18.2,92.48,74.8,124.5,12.93,63.1,176.34,187.2,124.96,1625.74,142.53,790.29,0,190.56,88.01,21.87,25.49,1527.8,359.46,47.05,84.95,9.22,3.9,3.89,3.28,2.29,5.07,3.75,5.56,1.44,20.07,3.9,1.47,40.46,4.32,4.14,1.82,5.54,53,134.61,170.64,29.72,14.35,70.51,26.2,30.95,7.8,112.25,50.91,30.26,16.77,14.24,32.06,4.98,84.69,36.98,47.39,55.02,62.35,115.62,12.26,6.81,7.3,38.93,42.79,19.15,68.34,4.88,1.9,37.27,24.18,18.62],[71.73,18.17,306.99,34.38,50.55,271.49,10.12,4.59,19.46,61.63,15.16,17.09,126.08,4.08,33.46,14.67,22.66,24.05,10.51,8.05,17.87,13.08,60.52,14.63,48.19,24.02,33.39,125.08,30.36,20.11,19.12,17.26,22.97,11.9,16.69,37.06,38.98,867.6,201.65,68.51,190.56,0,2407.01,10.76,10.05,530.19,121.05,15.82,28.39,4.28,1.34,1.38,1.57,0.96,1.94,1.59,1.85,0.48,6.84,1.36,0.63,22.25,1.39,1.4,0.6,1.67,16.71,48.62,23.49,15.42,3.08,3.71,1.34,12.35,0.4,15.28,24.91,10.44,20.79,1.83,11.18,0.71,18.19,13.43,19.39,36.98,4.54,8.75,8.29,5.53,8.42,26.34,2.95,16.14,60.85,11.55,4.5,10.44,225.69,4.86],[36.23,14.05,302.51,29.45,48.04,506.03,5.81,41.28,16.29,89.08,11.53,20.23,52.47,6.48,144.33,31.79,8.07,6.21,2.08,1.52,16.09,3.02,141.79,9.52,8.89,14.27,35.42,25.11,5.64,14.9,477.87,40.56,28.59,12.66,45.31,217.88,35.02,631.87,164.53,42.89,88.01,2407.01,0,17.62,17.8,986.25,223.13,29.24,52.37,6.77,2.44,2.5,2.49,1.61,3.36,2.63,3.35,0.87,12.89,2.51,1.07,36.1,2.42,2.44,1.01,2.82,28.88,81.02,62.05,11.56,14.44,62.09,35.39,37.34,15.23,16.21,34.24,4.26,23.9,23.35,57.74,8.5,7.62,85.68,47.72,222.13,22.12,12.81,3.33,2.56,11.56,32.39,23.79,13.66,43.25,117.82,0,93.74,27.69,10.1],[23.31,1.97,11.43,2.47,3.92,90.67,4.17,3.98,16.56,26.91,11.44,5.24,8.04,5.44,5.1,10.83,9.76,12.82,6.55,4.3,5.66,5.29,37.05,12.81,5.58,8.73,13.71,5.8,6.08,13.81,8.6,4.16,10.54,12.83,5.78,13.03,10.34,136.09,5.9,9.72,21.87,10.76,17.62,0,0,0,0,0,0,0,0,0,0,0,0,0,0,0,0,0,0,0,0,0,0,0,0,0,25.05,16.5,7.36,16.91,13.16,4.24,12.56,4.27,7,12.24,26.24,7.82,13.82,3.67,2.8,37.13,25.87,33.98,4.58,16.92,11,9.07,12.35,48.4,22.76,8.34,21.05,4.21,4.52,13.38,16.01,9.05],[29.23,2.29,10.43,2.68,4.25,110.86,6.05,5.46,13.24,28.47,9.41,5.57,10.63,8.53,7.99,10.83,10.96,19.3,7.04,3.52,7.6,6.09,47.05,10.72,6.25,7.54,15.92,6.24,6.74,15.18,10.35,4.79,13.57,14.98,7.11,14.56,12.11,100.84,4.28,10.34,25.49,10.05,17.8,0,0,0,0,0,0,0,0,0,0,0,0,0,0,0,0,0,0,0,0,0,0,0,0,0,29.44,14.12,8.29,24.09,11.42,5.64,11.43,5.72,7.94,11.02,18.37,10.16,19.41,5.93,4.49,24.83,27.29,20.27,4.44,11.91,7.82,5.97,8.54,33.65,17.15,6.01,14.24,6.57,5.66,9.94,27.54,13.01],[1325.46,98.98,356.98,109.65,172.7,4938.87,300.84,263.12,359.32,1121.17,278.67,231.16,515.64,459.65,431.54,431.4,486.22,1037.48,313.1,113.92,387.41,281.01,2376.24,383.25,300.35,306.31,805.23,297.44,316.41,694.72,526.62,272.19,779.49,864.51,425.81,840.63,716.49,4111.27,173.74,588.28,1527.8,530.19,986.25,0,0,0,0,0,0,0,0,0,0,0,0,0,0,0,0,0,0,0,0,0,0,0,0,0,1492.34,551.29,418.22,1356.26,394.7,290.18,411.12,288,353.76,385.32,391.66,476.13,946.14,315.73,238.63,433.65,1107.12,219.01,158.43,231.71,162.15,95.76,161.91,624.91,403.59,127.55,244.04,335.42,254.37,226.89,1489.36,643.9],[317.95,23.72,85.03,26.19,41.3,1181.66,72,62.9,84.87,266.78,65.95,55.08,123.61,110.07,103.64,103,116.55,247.83,74.2,26.98,92.81,67.21,565.13,90.17,70.62,71.14,188.09,70.36,76,166.85,125.86,63.69,184.27,207.52,101.24,201.13,171.24,973.68,40.86,138.48,359.46,121.05,223.13,0,0,0,0,0,0,0,0,0,0,0,0,0,0,0,0,0,0,0,0,0,0,0,0,0,362.94,133.62,102.19,332.42,95.8,70.62,99.22,69.35,85.29,93,94.03,117.17,233.4,77.79,58.7,103.35,269.32,50.68,38.42,55.34,38.73,22.63,38.5,148.55,96.74,30.4,57.76,81.27,61.48,54.04,359.02,154.9],[160.74,11.82,41.81,13.1,20.8,605.25,37.07,32.52,45.51,140.9,33.18,26.06,57.7,49.54,45.61,46.01,50.42,106.39,30.62,11.6,38.35,27.96,222.13,35.3,25.87,23.18,63.17,23.89,27.09,62.81,42.11,11.7,43.71,35.3,16.18,28.96,25.09,144.28,5.64,18.2,47.05,15.82,29.24,0,0,0,0,0,0,0,0,0,0,0,0,0,0,0,0,0,0,0,0,0,0,0,0,0,109.09,38.56,27.61,99.63,36.89,26.35,41.09,29.02,36.22,39.2,40.55,51.02,102.71,34.1,26.07,48.43,116.77,25.09,18.03,27.19,18.55,11.16,18.87,75.12,46.97,15.01,29.29,40.92,30.52,27.02,177.91,77.21],[218.64,16.07,56.46,17.77,28.21,821.99,50.47,44.22,60.52,190.21,44.48,35.55,79.17,68.41,63.17,63.07,69.59,147.53,42.39,15.86,53.42,38.81,311.09,48.9,36.45,33,90.16,34.06,38.37,88.23,60.31,18.99,66.74,58.81,27.43,50.76,43.69,247.28,9.89,32.79,84.95,28.39,52.37,0,0,0,0,0,0,0,0,0,0,0,0,0,0,0,0,0,0,0,0,0,0,0,0,0,159.4,56.31,41.22,146.43,51.29,37.22,56.63,40.34,50.1,53.85,54.2,70.71,142.46,47.41,36.17,63.33,160.93,31.16,24.52,35.69,24.5,14.43,24.74,98.03,62.46,19.8,37.98,55.82,41.56,35.76,243.34,105.33],[58.15,4.54,21.17,5.37,8.59,223.62,12,10.95,29.59,60.25,19.77,10.6,19.41,14.63,13.45,19.82,19.14,31.59,11.7,6.44,12.26,10.15,72.11,17.83,9.05,10.45,20.65,8.54,9.9,23.51,13.81,2.99,11.6,9,3.59,6.99,5.63,73.91,2.89,4.23,9.22,4.28,6.77,0,0,0,0,0,0,0,0,0,0,0,0,0,0,0,0,0,0,0,0,0,0,0,0,0,36.9,19.15,9.64,28.83,19.85,8.48,20.44,9.42,13.77,20.22,36.92,18.52,35.48,10.39,7.94,52.67,50.09,43.62,8.87,25.95,16.65,13.02,18.39,74.19,36.53,12.95,31.53,12.82,11.21,21.39,51.82,25.13],[25.62,1.92,7.64,2.19,3.49,97.3,5.67,5.05,9.47,24.04,6.54,4.29,8.86,7.24,6.64,7.71,8.01,15.47,4.81,2.14,5.69,4.33,32.79,6.12,3.85,3.66,9.04,3.54,4.11,9.73,6.09,1.29,5.45,3.78,1.62,2.73,2.37,15.92,0.57,1.54,3.9,1.34,2.44,0,0,0,0,0,0,0,0,0,0,0,0,0,0,0,0,0,0,0,0,0,0,0,0,0,15.66,6.21,3.91,13.7,6.71,3.88,7.29,4.33,5.75,7.11,10.03,8.08,16.02,5.05,3.86,13.62,19.67,9.74,3.27,7.14,4.65,3.31,4.98,20.19,10.85,3.69,8.31,6.18,4.89,6.3,26.17,11.82],[20.17,1.53,6.43,1.77,2.82,77.37,4.42,3.97,8.42,19.86,5.73,3.51,6.91,5.55,5.08,6.31,6.39,11.98,3.92,1.84,4.44,3.45,25.99,5.23,3.13,3.15,7.38,2.89,3.29,7.77,4.84,1.15,4.53,3.35,1.48,2.57,2.22,15.93,0.59,1.54,3.89,1.38,2.5,0,0,0,0,0,0,0,0,0,0,0,0,0,0,0,0,0,0,0,0,0,0,0,0,0,12.35,5.15,3.1,10.43,5.55,2.98,6,3.36,4.55,5.89,8.95,6.08,11.82,3.68,2.83,12.47,15.58,9.5,2.65,6.47,4.18,3.1,4.56,18.48,9.57,3.32,7.72,4.65,3.81,5.62,19.66,9.08],[20.17,1.65,8.92,2.04,3.26,79.06,3.82,3.61,13.77,23.47,8.95,4.03,6.49,4.44,4.09,7.72,6.96,9.84,4.34,2.77,4.05,3.62,24.45,7.4,3.24,4.17,7.23,3.08,3.52,8.49,4.72,1.04,3.84,3.05,1.22,2.43,1.95,27.43,1.07,1.52,3.28,1.57,2.49,0,0,0,0,0,0,0,0,0,0,0,0,0,0,0,0,0,0,0,0,0,0,0,0,0,12.42,7.06,3.23,8.78,7.94,2.76,8.17,3.1,4.93,8.21,16.72,5.95,10.77,2.96,2.29,24.8,18.48,21.89,3.49,12.24,7.76,6.34,8.81,35.66,16.67,6.1,15.47,3.86,3.86,10,14.84,8.01],[13.47,1.07,5.23,1.28,2.04,51.67,2.67,2.46,7.42,14.17,4.95,2.53,4.53,3.34,3.12,4.86,4.66,7.33,2.84,1.62,2.93,2.46,17.3,4.46,2.21,2.59,5.04,2.08,2.44,5.78,3.38,0.74,2.92,2.25,0.92,1.7,1.41,14.77,0.55,0.99,2.29,0.96,1.61,0,0,0,0,0,0,0,0,0,0,0,0,0,0,0,0,0,0,0,0,0,0,0,0,0,9.3,4.63,2.43,7.34,5.02,2.08,5.14,2.27,3.39,5.11,9.53,4.58,8.77,2.51,1.9,13.76,12.46,11.52,2.22,6.81,4.35,3.44,4.82,19.48,9.47,3.38,8.32,2.92,2.65,5.54,11.59,5.74],[24.14,1.89,8.69,2.22,3.54,92.32,4.96,4.51,11.96,24.54,8.07,4.44,8.31,6.43,5.98,8.35,8.25,14.09,5.08,2.65,5.49,4.43,32.4,7.45,4.07,4.51,9.54,3.83,4.41,10.33,6.35,1.52,5.91,4.63,1.98,3.58,3.03,26.19,0.98,2.1,5.07,1.94,3.36,0,0,0,0,0,0,0,0,0,0,0,0,0,0,0,0,0,0,0,0,0,0,0,0,0,17.13,7.75,4.43,14.1,8.1,3.88,8.46,4.21,5.96,8.33,14.03,7.93,15.24,4.6,3.5,19.83,21.03,16.06,3.62,9.98,6.43,4.94,7.09,28.61,14.29,5.05,12.16,5.42,4.68,8.41,22.22,10.61],[25.13,1.99,9.88,2.4,3.84,97.5,5.01,4.64,14.78,27.58,9.65,4.72,8.26,6.04,5.57,8.82,8.29,13.17,5.1,2.92,5.19,4.37,30.69,7.89,3.88,4.47,8.77,3.62,4.18,10.02,5.82,1.24,4.91,3.66,1.51,2.77,2.3,25.03,0.96,1.64,3.75,1.59,2.63,0,0,0,0,0,0,0,0,0,0,0,0,0,0,0,0,0,0,0,0,0,0,0,0,0,15.22,7.4,3.88,11.94,8.4,3.55,8.87,3.98,5.91,8.87,16.1,7.61,14.39,4.21,3.23,23.59,21.38,19.99,3.89,12.02,7.63,6.07,8.63,35.08,16.84,6.09,15.09,5.26,4.81,10.14,20.95,10.52],[26.22,1.95,7.43,2.2,3.51,99.55,5.93,5.24,8.79,24.04,6.21,4.38,9.26,7.77,7.16,7.82,8.32,16.73,5.05,2.11,6.12,4.57,35.59,6.22,4.17,3.89,9.97,3.85,4.39,10.28,6.65,1.58,6.36,4.84,2.12,3.73,3.21,20.81,0.77,2.19,5.56,1.85,3.35,0,0,0,0,0,0,0,0,0,0,0,0,0,0,0,0,0,0,0,0,0,0,0,0,0,17.04,6.42,4.28,15.12,6.49,4.15,7.15,4.63,5.94,6.9,8.49,8.01,15.76,5.19,3.99,10.94,19.46,7.22,3.11,5.86,3.91,2.63,4.13,16.54,9.4,3.13,6.72,6.41,4.95,5.49,27.7,12.29],[10.89,0.81,3.23,0.93,1.48,41.47,2.42,2.15,4.04,10.27,2.78,1.82,3.76,3.07,2.82,3.25,3.37,6.53,2.01,0.9,2.4,1.82,13.81,2.55,1.6,1.5,3.73,1.46,1.7,4.05,2.51,0.5,2.17,1.48,0.62,1.04,0.9,6.04,0.21,0.57,1.44,0.48,0.87,0,0,0,0,0,0,0,0,0,0,0,0,0,0,0,0,0,0,0,0,0,0,0,0,0,6.37,2.47,1.58,5.64,2.73,1.61,3.01,1.83,2.41,2.93,4,3.37,6.68,2.13,1.63,5.41,8.17,3.84,1.35,2.87,1.87,1.33,2.02,8.17,4.43,1.5,3.36,2.61,2.06,2.59,11.15,5.02],[138.67,10.15,36.11,11.36,18.05,529.04,32.56,28.69,41.11,126.03,29.34,22.41,48.62,41.46,37.7,38.39,41.3,88.35,25.25,9.69,31.12,22.76,179.94,28.71,20.57,17.84,48.95,18.55,20.7,49.21,31.74,6.77,28.66,18.15,8.11,12.88,11.49,67.31,2.46,7.72,20.07,6.84,12.89,0,0,0,0,0,0,0,0,0,0,0,0,0,0,0,0,0,0,0,0,0,0,0,0,0,74.64,25.77,17.63,66.56,27.87,19.9,32.41,23.26,28.92,31.07,31.89,38.04,75.29,25.6,19.93,39,91.29,21.28,14.45,22.3,15.18,9.3,15.75,63,38.7,12.54,24.77,34.08,25.5,22.89,150.12,65.64],[33.53,2.46,8.83,2.74,4.36,126.99,7.75,6.82,10.02,30.08,7.14,5.38,11.74,9.93,9.07,9.37,10.08,21.06,6.06,2.38,7.51,5.52,43,7,4.92,4.29,11.62,4.44,5.1,12.07,7.72,1.52,6.78,4.18,1.79,2.79,2.47,15.49,0.55,1.53,3.9,1.36,2.51,0,0,0,0,0,0,0,0,0,0,0,0,0,0,0,0,0,0,0,0,0,0,0,0,0,19.05,6.8,4.6,17.25,7.28,4.98,8.24,5.69,7.19,7.92,8.73,10.13,20.4,6.72,5.16,10.9,23.47,6.21,3.73,6.07,4.08,2.56,4.22,16.98,10.22,3.32,6.7,8.42,6.31,5.93,36.45,15.93],[11.9,0.88,3.34,0.99,1.58,45.17,2.7,2.39,3.94,10.91,2.78,1.96,4.14,3.44,3.14,3.48,3.67,7.32,2.22,0.95,2.65,2,15.31,2.78,1.79,1.71,4.21,1.64,1.87,4.43,2.78,0.56,2.4,1.56,0.64,1.09,0.92,9.5,0.36,0.63,1.47,0.63,1.07,0,0,0,0,0,0,0,0,0,0,0,0,0,0,0,0,0,0,0,0,0,0,0,0,0,7,2.88,1.72,6.05,2.93,1.77,3.21,2.01,2.62,3.1,4.04,3.64,7.27,2.34,1.8,5.25,8.76,3.56,1.41,2.73,1.82,1.24,1.92,7.66,4.33,1.44,3.1,2.93,2.25,2.51,12.57,5.57],[118.4,10.04,62.04,13.12,20.84,480.23,21.04,20.95,107.1,163.6,68.29,26.79,36.32,22.11,20.19,51.39,42.96,52.11,30.11,20.5,22.53,22.52,146.42,57.25,22.89,35.86,51.53,22.13,23.2,54.67,30.46,10.3,29.41,28.81,12.39,25.84,20.87,308.24,12.57,18.52,40.46,22.25,36.1,0,0,0,0,0,0,0,0,0,0,0,0,0,0,0,0,0,0,0,0,0,0,0,0,0,82.95,56.16,23.23,52.56,56.12,15.63,55.48,17.17,30.31,55.82,125.03,35.31,63.82,14.86,11.23,186.62,115.78,169.74,22.75,90.17,56.76,47.45,64.89,263.07,119.56,44.56,115.18,19.17,22.09,72.4,67.29,42.26],[27.99,2.18,9.64,2.51,4.02,105.6,5.75,5.17,12.6,26.97,8.54,4.91,9.59,7.43,6.94,9.34,9.4,15.91,5.45,2.85,6.26,4.98,35.96,7.83,4.33,4.48,9.98,4.06,4.94,11.65,7.01,1.41,6.06,4.73,1.91,3.4,2.87,21.53,0.74,1.76,4.32,1.39,2.42,0,0,0,0,0,0,0,0,0,0,0,0,0,0,0,0,0,0,0,0,0,0,0,0,0,19.79,8.9,5.24,17.01,9.61,4.55,9.91,4.87,6.93,9.79,17.1,10.4,20.51,5.97,4.48,24.33,25.72,19.11,4.45,12.17,7.75,5.94,8.43,34.25,17.23,5.99,14.37,6.56,5.61,9.81,26.57,12.53],[33.37,2.56,10.54,2.88,4.61,123.63,6.91,6.12,12.77,29.79,8.83,5.53,11.61,9.17,8.6,10.56,11,19.04,6.01,3.01,7.52,5.81,41.67,8.25,4.78,4.56,10.8,4.46,5.66,13.48,7.98,1.39,6.35,4.79,1.86,3.36,2.78,20.85,0.72,1.69,4.14,1.4,2.44,0,0,0,0,0,0,0,0,0,0,0,0,0,0,0,0,0,0,0,0,0,0,0,0,0,23.16,9.84,6.2,21.42,10.8,5.59,11.26,5.94,8.24,11.03,17.76,14.07,29.12,8.49,6.24,24.72,31.13,18.14,5.23,12.52,8,5.9,8.53,34.58,18.2,6.16,14.29,8.41,6.87,10.12,34.26,15.57],[13.95,1.1,4.8,1.23,1.98,50.62,2.66,2.36,5.94,12.2,4.07,2.34,4.87,3.7,3.55,4.73,4.88,7.55,2.52,1.4,3.21,2.53,17.34,3.76,1.99,1.99,4.39,1.9,2.57,6.1,3.5,0.57,2.67,2.27,0.83,1.61,1.29,10.1,0.34,0.76,1.82,0.6,1.01,0,0,0,0,0,0,0,0,0,0,0,0,0,0,0,0,0,0,0,0,0,0,0,0,0,11.25,4.99,3.16,10.72,5.45,2.59,5.51,2.61,3.79,5.42,9.5,7.24,15.3,4.27,3.06,13.44,15.29,10.13,2.59,6.7,4.24,3.2,4.54,18.42,9.47,3.23,7.67,3.61,3.06,5.19,14.09,6.5],[49.42,3.92,17.45,4.41,7.09,179.17,9.31,8.29,21.62,43.41,14.78,8.35,17.14,12.85,12.33,16.96,17.36,26.18,8.86,5.09,11.23,8.95,60.54,13.41,6.97,6.95,15.26,6.65,9.1,21.65,12.25,1.9,9.18,7.73,2.78,5.3,4.23,31.19,0.99,2.29,5.54,1.67,2.82,0,0,0,0,0,0,0,0,0,0,0,0,0,0,0,0,0,0,0,0,0,0,0,0,0,39.75,17.98,11.25,37.68,20.11,9.13,20.21,9.17,13.53,19.98,36.76,26.28,55.39,15.09,10.8,52.72,55.69,40.42,9.6,26.08,16.39,12.58,17.58,71.56,36.31,12.42,29.85,12.66,10.93,19.76,48.84,22.83],[191.9,14.93,61.33,16.51,26.47,694.73,38.17,33.54,70.5,161.23,49.93,32.1,69.21,55.22,53.14,64.48,69.08,115.77,37.15,18.54,47.94,36.83,265.79,52.44,31.24,30.89,72.59,30.23,39.17,90.43,55.9,13.02,52.15,50.65,20.49,40.37,32.95,230.95,8.43,21.51,53,16.71,28.88,0,0,0,0,0,0,0,0,0,0,0,0,0,0,0,0,0,0,0,0,0,0,0,0,0,179.95,76.71,51.28,171.99,74.33,39.26,74.16,38.49,53.57,72.1,116.08,99.23,209.01,60.02,43.27,157.82,207.39,113.06,33.67,78.34,50.28,36.66,52.76,212.37,113.66,37.99,87.38,51.25,41.83,61.41,204.35,91.75],[148.15,12.16,63.11,14.58,23.36,563.99,27.89,25.81,87.68,156.45,60.2,30.75,52.95,39.14,37.89,63.39,62,90.55,39.51,23.11,39.54,33.82,244.92,68.02,34.19,47.55,86.68,36.11,41.02,90.46,59.85,25.6,74.86,93.97,40.33,88.94,71.59,704.8,28.47,57.01,134.61,48.62,81.02,0,0,0,0,0,0,0,0,0,0,0,0,0,0,0,0,0,0,0,0,0,0,0,0,0,195.88,111.46,59.5,156.14,83.9,32.84,77.21,30.51,46.72,75.23,155.2,65.67,123.47,34.03,25.33,214.12,178.51,180.36,30.08,97.83,63.59,50.52,68.1,271.39,132.56,46.48,115.55,31.93,30.63,74.07,122.7,62.51],[186.12,9.91,105.15,7.56,41.99,1279.05,15.27,0.99,71.89,136.57,23.45,10.23,13.44,8.65,159.96,70.08,25.25,37.15,12.13,5.95,29.93,9.08,434.99,17.78,21.61,33.14,62.02,191.43,56.09,50.35,121.96,14.72,45.44,69.79,20.77,120.69,53.73,762.62,147.49,45.5,170.64,23.49,62.05,25.05,29.44,1492.34,362.94,109.09,159.4,36.9,15.66,12.35,12.42,9.3,17.13,15.22,17.04,6.37,74.64,19.05,7,82.95,19.79,23.16,11.25,39.75,179.95,195.88,0,293.47,252.4,382.49,95.71,258.35,358.61,39.96,34.39,44.31,75.69,36.83,328.74,19,23.51,120.06,128.81,244.6,20.23,89.64,165.15,120.6,37.31,117.58,115.64,42.14,140.96,15.91,7.94,35.3,95.01,43.5],[27.54,14.04,47.08,11.22,22.2,367.89,4.87,0.16,40.12,72.82,7.73,40.62,15.29,5.21,44.16,15.22,11.01,6.01,7.38,24.63,19.75,13.1,61.98,10.39,15,9.72,11.53,7.05,11.19,7.55,32.43,14.02,33.54,18.44,9.81,15.53,23.7,295.1,6.94,9.08,29.72,15.42,11.56,16.5,14.12,551.29,133.62,38.56,56.31,19.15,6.21,5.15,7.06,4.63,7.75,7.4,6.42,2.47,25.77,6.8,2.88,56.16,8.9,9.84,4.99,17.98,76.71,111.46,293.47,0,60.5,138.37,32.52,12.71,20.12,24.72,26.3,11.12,32.36,6.38,179.8,2.7,3.9,29.62,43.98,30.43,6.13,22.83,19.77,13.64,27.69,71.39,40.73,10.72,35.64,3.54,2.48,35.41,24.4,7.24],[6.59,57.74,756.64,45.81,274.31,338.99,4.62,2.15,7.91,10.17,3.86,0.68,9.82,5.08,69.58,13.64,4.52,1.03,2.4,1.28,15.4,3.5,12.24,0.17,6.97,0,0.42,28.96,5.28,2.38,13.71,35.53,3.2,2.15,0.49,0.15,30.96,1652.22,1.25,3.44,14.35,3.08,14.44,7.36,8.29,418.22,102.19,27.61,41.22,9.64,3.91,3.1,3.23,2.43,4.43,3.88,4.28,1.58,17.63,4.6,1.72,23.23,5.24,6.2,3.16,11.25,51.28,59.5,252.4,60.5,0,136.61,14.92,41.97,0.3,3.71,29.16,4.29,17.88,7.56,13.64,2.73,9.17,27.71,5.79,101.1,8.89,10.7,4.83,3.21,13.1,14.97,4.26,2.27,7.9,2.93,5.44,33.8,1.89,0],[174.1,97.82,1280.93,76.79,466.31,779,4.29,3.82,55.59,100.95,58.56,5.85,18.12,5.14,144.29,19.92,24.2,2.65,2.24,69.59,28.51,27.73,25.4,1,4.58,13.46,30.51,56.53,133.05,40.27,156.54,19.31,6.48,4.75,19.96,24.32,16.18,446.34,35.55,14.49,70.51,3.71,62.09,16.91,24.09,1356.26,332.42,99.63,146.43,28.83,13.7,10.43,8.78,7.34,14.1,11.94,15.12,5.64,66.56,17.25,6.05,52.56,17.01,21.42,10.72,37.68,171.99,156.14,382.49,138.37,136.61,0,23.82,30.66,8.11,6.36,10.97,7.65,32.42,1.83,26.94,2.16,13.54,102.91,75.59,233.49,66.95,39.32,7.82,6.7,19.14,51.13,46.11,19.34,72.31,1.06,1.02,58.48,6.39,16.16],[88.27,4.37,15.36,3,7.12,255.55,9.35,4.11,7.56,26.7,9.49,4.57,2.84,11.6,63.37,21.09,26.26,8.01,4.46,3.2,19.24,4.97,131.37,22.26,21.26,3.55,38.34,6.73,40.18,67.97,39.79,98.07,7.05,4.96,14.27,12.2,6.08,62.98,29.4,12.54,26.2,1.34,35.39,13.16,11.42,394.7,95.8,36.89,51.29,19.85,6.71,5.55,7.94,5.02,8.1,8.4,6.49,2.73,27.87,7.28,2.93,56.12,9.61,10.8,5.45,20.11,74.33,83.9,95.71,32.52,14.92,23.82,0,116.29,2.62,16.18,11.33,110.55,57.67,1.61,30.67,0.49,14.15,19.12,64.52,35.15,20.24,28.12,14.09,9.03,13.14,52.27,51,18.81,58.81,8.63,1.08,24.69,29.13,10.9],[32.92,2.32,19.12,2.62,6.97,181.33,4.33,0.17,99.18,56.86,15.15,5.96,47.09,21.88,80.83,9.75,5.53,4.13,3.86,9.3,14.62,19.55,195.46,35.75,35.63,14.95,5.17,3.1,6.77,19.3,22.77,19.58,11.46,60.5,9.49,31.41,17.48,332.83,2.62,12.78,30.95,12.35,37.34,4.24,5.64,290.18,70.62,26.35,37.22,8.48,3.88,2.98,2.76,2.08,3.88,3.55,4.15,1.61,19.9,4.98,1.77,15.63,4.55,5.59,2.59,9.13,39.26,32.84,258.35,12.71,41.97,30.66,116.29,0,27.22,6.42,7,8.83,22.23,100.61,8.37,0,23.4,34.4,46.83,53.49,1.63,16.19,34.97,22.31,4.85,28.62,37.17,15.66,55.77,1.28,0.96,14.89,7.32,39.2],[147.55,53.03,654.28,39.12,237.97,232,2.08,68.61,40.93,89.09,44.65,1.85,46.32,115.27,10.64,11.78,29.02,78.12,51.26,126.3,5.09,81.27,20.85,0,203.59,57.42,43.72,30.96,50.47,59.77,99.07,52.86,38.83,8.8,0,4.85,8.76,118.64,0,1.77,7.8,0.4,15.23,12.56,11.43,411.12,99.22,41.09,56.63,20.44,7.29,6,8.17,5.14,8.46,8.87,7.15,3.01,32.41,8.24,3.21,55.48,9.91,11.26,5.51,20.21,74.16,77.21,358.61,20.12,0.3,8.11,2.62,27.22,0,60.91,161.53,48.22,41.7,3.99,69.82,0.59,4.88,14.93,23.87,51.74,5.92,5.27,5.13,4.68,23.52,108.73,154.28,39.68,139.37,6.52,1.89,4.57,59.78,82.25],[34.75,2.39,9.38,1.86,3.73,663.17,0.94,4.99,21.29,131.23,4.33,11.58,2.91,13.12,42.48,19.89,1427.42,3.1,4.29,251.07,223.3,205.05,434.14,6.51,22.26,3.2,10.93,7.14,54.87,45.66,11.81,3.03,6.63,17.61,1.01,10.26,16.08,388.16,1.21,93.48,112.25,15.28,16.21,4.27,5.72,288,69.35,29.02,40.34,9.42,4.33,3.36,3.1,2.27,4.21,3.98