{"data":[[0,39.72,67.67,5.75,13.74,12.62,40.28,3.61,15.84,52.62,0.65,32.24,36.78,1.51,0,0.82,0.12,0.23,0,0.62,0.16,1.12,4.42,0.13,0.5,0,0,0,0,0,0,0,0,0.18,2.35,0,0,0,0,7.92,0,0,11.54,8.85,23.74,2.41,5.21,0,0.51,20.45,2.12,0.59,5.57,3.06,0.86,2.13,0.97,1.28,1.76,1.18,0.85,1.18,1.05,0.83,2.23,2.3,2.01,1.64,25.41,3.03,3.77,2.02,1.54,5.35,0,4.65,0.62,5.07,0,0.19,2.49,4.58,0.23,5.59,0.14,2.4,11.31,4.07,5.79,0.43,3.91,0,0,4.38,0.86,2.96,0,13.72,7.06,46.03],[39.72,0,17.59,5.02,17.55,2.81,109.58,18.21,0.26,15.35,1.14,3.83,19.52,3.32,9.15,4.79,4.58,46.53,5.05,6.04,7.55,0.18,0.35,0,2.87,0.17,21.01,10.22,0,1.65,1.14,0,0,0,0,0.39,0,0,0,1.2,0,0,1.26,0.27,0.58,0.68,1.48,0,3.88,19.65,0.69,0.11,2.64,2.49,0.37,2.01,0.35,0.99,0.35,0.21,0.31,0.56,0.22,0.31,1.12,0.68,1.98,1.03,15.21,1.76,2.08,1.7,1.94,2.46,0.84,7.43,7.32,1.47,0,1.23,0.61,10.34,7.39,16.43,6.03,13.7,0.63,1.49,0.58,0.84,2.22,2.91,0,8.16,3.36,3.08,1.16,21.87,45.87,12.38],[67.67,17.59,0,21.3,40.46,0.71,1.93,6.93,0,14.62,2.33,13.19,29.54,10.14,5.74,29.43,5.89,20.88,3.73,0.18,0.59,0,0,35.42,4.57,0.23,1.42,0,0,0,0,0,0,20.31,55.82,0,0,0,0,0,0,0,0,1.09,3.45,0.88,2.6,1.55,0,38.45,3.55,0.93,11.71,5.35,1.89,4.01,1.44,2.31,1.94,1.94,2.37,2.45,2.39,1.34,3.84,3.23,3.87,2.49,48.15,5.45,6.55,3.62,3.27,8.97,6,0.45,0.84,2.93,0,3.26,0,0.21,0.53,0.1,0.58,7.12,0,0,0,0,1.86,0.39,0,3.54,1.67,1.86,1.52,5.47,10.64,8.23],[5.75,5.02,21.3,0,14.67,0.82,5.8,1.57,0.24,0.76,0.3,0.2,1.94,0.22,0,0.97,0.36,4.85,0,0.15,0.68,0,0,0,4.74,0,0,0,0,0,0,0,1.5,0,0,0.62,0,0,0,0,0,0,2.18,2.8,7.5,0,0,0,0,7.22,0.79,0.15,2.89,0.99,0.52,0.77,0.46,0.52,0.51,0.35,0.45,0.57,0.27,0.38,1.18,1.13,0.75,0.52,12.97,1.77,1.98,0.76,0.7,2.75,0,0,1.41,0.83,0,12.15,0,0,0,0.74,0,0,0,3.56,0,0,1.69,7.86,0,3.12,0,0.49,0,4.82,0.57,0.76],[13.74,17.55,40.46,14.67,0,22.04,0.85,9.06,1.31,17.34,5.68,19.37,7.66,0.89,4.44,4.94,3.24,17.19,0,0.3,0.45,7.24,0,0,9.19,2.83,1.1,0,0,0,0,0,0,0,0,0.1,0,0,0,0,0,0,0,9.84,26.36,0,0.2,0,0.21,5.59,3.48,1.15,6.53,1.62,0.66,0.57,0.8,0.49,2.21,2.21,1.47,1.85,2.38,0.73,1.17,1.64,0.55,1.19,15.41,0.9,1.96,0.81,0.45,2.76,0,2.17,1.86,3.39,0,1.98,0.2,0.11,3.43,0.97,2.6,2.64,0.89,1.24,0.24,0.17,0.35,6.58,0.27,1.48,16.07,20.55,48.59,4.03,2.15,9.39],[12.62,2.81,0.71,0.82,22.04,0,0,1.92,2.6,11.02,0.2,6.85,0,0,3.16,0.16,0.2,4.36,2.84,0,0,2.68,0.31,3.17,7.07,0.11,0,0,0,0,0,0,0,0,0,0.29,0.82,0,0.11,1.11,0.11,0,0,19.67,52.75,0,0,0,0,8.69,0.21,0,1.04,1.07,0.15,0.89,0.16,0.45,0.11,0,0.14,0.18,0,0.14,0.49,0.37,0.9,0.44,7.56,0.9,1.01,0.76,0.35,1.29,0,0,0,0,0,1.55,0.25,0,0.37,2.06,0.36,1.53,0,15.64,0,0,0,0,0,1.81,1.04,12.75,81.18,1.12,0.2,4.41],[40.28,109.58,1.93,5.8,0.85,0,0,25.83,8.13,49.42,16.83,10.36,86.56,0.87,1.41,2.83,0,219.1,2.39,26.33,57.05,0.43,0.9,0,6.23,11.46,278.64,224.45,0.13,1.77,0,0,0,0,0,0,0,0,0,0,0,0,0,0.53,1.41,0,0,2.24,22.43,59.63,0.95,0.31,4.65,7.45,0.49,6.06,0.54,2.78,0.38,0.6,0.99,0.68,1.16,0.59,1.9,0.74,5.94,2.95,38.74,3.94,4.87,4.95,2.34,4.75,0.19,0,1.77,4.41,0,3.18,1.06,0,17.41,215.82,8.37,43.3,2.78,0.32,4.83,1.21,21.44,0,0,6.74,0.95,2.93,0,1.16,1.35,1.16],[3.61,18.21,6.93,1.57,9.06,1.92,25.83,0,26.49,60.03,11.44,52.37,19.52,15.72,23.1,14.54,6.94,10.29,13.46,138.74,97.53,1.85,0.83,1.7,0,0,0.13,0.89,0,0,0,0,0.87,0,0,2.8,0,0,0,0,0,0,0,1.49,1.58,0,0,0,0,21.97,4.61,1.45,8.66,4.03,0.93,2.24,1.58,1.48,3.76,2.56,1.29,2.18,2.34,1.28,2.7,3.46,2.16,2.51,32.35,3.1,4.77,2.54,1.26,7.18,3.37,3.21,4.42,4.02,0,3.02,1.77,1.91,11.32,8.43,9.06,29.7,0.65,3.77,0.34,0.1,0,1.18,0,6.94,9.05,9.2,0.48,0.96,0,7.21],[15.84,0.26,0,0.24,1.31,2.6,8.13,26.49,0,45.11,11.99,1.76,3.48,0.25,17.52,7.18,7.1,2.63,0,0,0,4.44,1.45,0,17.43,0,1.33,0,0,0,0,0,0,0,0,0.21,0,0,0,0,0,0,0,0,0,0,0,0,0,6.21,0.87,0.19,3.76,0.87,0.47,0.68,0.61,0.6,0.69,0.41,0.56,0.5,0.34,0.44,1.53,1.8,0.58,0.58,16.12,2.07,2.14,0.83,0.59,4.24,0,0,0,0.55,0,1.76,0,0.79,6.79,2.78,5.47,5.21,0,0.37,0.54,1.28,0,0,0,6.91,0,1.64,0,97.81,0,0],[52.62,15.35,14.62,0.76,17.34,11.02,49.42,60.03,45.11,0,49.9,79.5,16.31,9.21,8.68,9.95,10.97,11.51,3.74,30.61,8.73,2.27,2.68,7.38,3.73,0,0.83,0.64,0,0,39.44,0.17,0,0,0,0.48,0,11.14,0,0.55,0,0,1.02,0.14,0.15,0.64,0.79,0,0,22.54,1.18,0.23,4.51,2.91,0.54,2.32,0.71,1.31,0.8,0.47,0.61,0.77,0.43,0.54,1.85,1.77,2.23,1.42,24.5,2.86,3.31,2.25,1.5,5.05,0,0,0.97,4.96,0,2.86,5.08,1.21,32.83,82.3,23.35,16.61,0.95,2.34,0.68,0.32,6.24,0,0.73,16.52,6.15,12.64,3.38,24.08,0,0.3],[0.65,1.14,2.33,0.3,5.68,0.2,16.83,11.44,11.99,49.9,0,6.74,16.64,6.08,13.9,28.22,5.24,5.15,6.69,0.12,0.18,0.27,2.36,1.08,0.2,0.56,22.45,0,0,0.26,0.51,0,0,0,0,0,0.18,0.13,0,0.13,0,0,0,0,0,0,0,0,0,17.47,1.14,0.28,3.01,2.37,0.35,1.77,0.48,0.94,0.81,0.49,0.39,0.66,0.48,0.38,1.09,1.04,1.74,1.19,15.98,1.67,2.28,1.75,0.95,3.18,0.42,0.52,0,0.19,0,0,29.71,24.7,4.04,35.92,1.46,3.1,0.89,2.48,14.24,1.91,2.03,0,0,2.33,14.72,1.55,0,1.9,0.19,1.14],[32.24,3.83,13.19,0.2,19.37,6.85,10.36,52.37,1.76,79.5,6.74,0,42.36,6.29,1.75,4.76,2.9,2.74,0.38,0,0,0.24,1.84,0.23,2.82,0,0.95,0.28,0,0,11.65,0,0,0,0,0,0,0,0,0.23,0,0,1.42,0,0,0.27,0.33,0,0,14.53,0.26,0,2.31,1.75,0.27,1.5,0.4,0.85,0.26,0.12,0.32,0.18,0.11,0.3,1.18,1.11,1.45,0.81,16.09,1.96,2.08,1.4,0.77,3.27,0,0,0.12,2.53,0,0.2,1.64,0.18,3.34,2.74,2.31,8.67,0.35,1.78,0,0,0.82,0,0,14.04,1.78,3.95,0.66,0,0,0],[36.78,19.52,29.54,1.94,7.66,0,86.56,19.52,3.48,16.31,16.64,42.36,0,24.85,5.19,10.15,9.28,38.5,11.39,47.77,91.04,9.13,0.2,3.25,3.24,1.37,0.85,0,5.79,6.19,0.87,0,2.47,0,0,0.3,0,0,0,1.09,0,0,0,0.1,0.34,0,0.16,0,1.88,36.35,2.63,0.77,5.22,5.13,0.56,3.65,0.92,1.83,1.96,1.31,0.68,1.38,1.25,0.76,1.75,1.65,3.72,2.5,29.52,2.73,4.16,3.49,1.53,4.93,0.13,2.47,3.03,0.99,0,1.68,0,1.74,1.64,8.72,0.26,3.79,0,0.67,0,0,1.44,0,0,3.4,42.42,1.65,3.36,1.12,4.48,21.29],[1.51,3.32,10.14,0.22,0.89,0,0.87,15.72,0.25,9.21,6.08,6.29,24.85,0,0.85,4.62,3.49,52.58,3.14,22.68,10.85,2.01,1.03,0.36,0.25,0.57,1.41,0.43,0,3.23,2.78,0,0.64,0,0,0.33,0,0,0,0,0,0,0,0,0,0,0,0.4,0,11.45,29.67,15.38,101.02,7.17,4.84,1.2,1.26,1.61,2.51,17.35,25.32,14.76,32.44,5.7,4.39,0.97,1,1.52,162.26,1.59,5.35,1.29,1.46,13.58,0,0,0,3.03,0,0.29,2.63,0.13,4.88,0.5,4.14,1.29,0,5.02,0.11,0.16,0,0,0,11.82,1.83,0.43,0,0,0.11,0],[0,9.15,5.74,0,4.44,3.16,1.41,23.1,17.52,8.68,13.9,1.75,5.19,0.85,0,63.38,26.07,29.17,0,0,0,0,0.82,0,0,0,0.71,0,0,0,0,0,0,0,0,0,0,0,0,0,0,0,0,0,0,0,0,0,0,6.08,0.42,0,1.62,0.74,0.21,0.62,0.19,0.36,0.14,0,0.2,0.35,0,0.14,0.53,0.51,0.6,0.36,7.07,0.82,0.96,0.65,0.39,1.6,4.81,0,0,0,0,0.14,0,47.18,5.22,1.19,4.35,4.05,0.7,0.21,0,0,0,0,0,0,0,0.65,0,0,0,0],[0.82,4.79,29.43,0.97,4.94,0.16,2.83,14.54,7.18,9.95,28.22,4.76,10.15,4.62,63.38,0,16.26,51.97,6.26,0,0,0.75,3.33,17.72,6.48,12.83,1.16,0,0,0,0,0,0,0,0,0,2.66,0.71,0,0.25,0.74,0,0.65,0,0,0,0,0,0,12.58,0.74,0.15,2.23,1.63,0.26,1.27,0.33,0.68,0.45,0.27,0.28,0.46,0.26,0.25,0.79,0.76,1.27,0.81,11.85,1.25,1.66,1.28,0.59,2.37,3.46,0.68,0,2.68,0,0.38,5.44,15.85,13.99,2.22,11.56,4.25,1.17,0.23,0.21,0.52,0,0,0,4.48,0.56,0.89,0,0.48,1.32,0],[0.12,4.58,5.89,0.36,3.24,0.2,0,6.94,7.1,10.97,5.24,2.9,9.28,3.49,26.07,16.26,0,86.38,8.37,1.3,0.4,23.95,26.22,33.1,4.27,6.69,0.4,0,0.87,2.46,0.26,31.06,1.43,0.27,1.58,0.1,0,0,0,6.97,0,0,0.87,4.08,13.05,0,0,7.97,1.35,7.09,1.77,0.4,4.17,1.15,0.41,0.73,0.55,0.53,0.97,0.6,0.52,1.04,0.57,0.39,1.06,1.26,0.71,0.72,12.72,1.22,1.77,0.99,0.99,3.18,7.38,3.42,24.59,20.92,0.18,14.92,12,18.5,33.69,24.3,27.34,7.89,2.11,5.27,0.33,0.81,0.82,1.94,0,0.29,4.19,2.13,0.5,1.46,1.34,7.43],[0.23,46.53,20.88,4.85,17.19,4.36,219.1,10.29,2.63,11.51,5.15,2.74,38.5,52.58,29.17,51.97,86.38,0,210.27,60.66,190.93,88.85,5.76,20.66,11.18,0,5.59,4.66,0.25,2.06,4.63,0.18,0,10.94,33.79,22.62,0,0,0,10.47,0,0,1.08,0.53,1.65,1.75,4.66,0,0.13,101.15,2.93,0.79,9.81,12.8,1.13,10.06,1.62,4.93,2.12,1.32,1.21,1.73,1.54,1.31,4,2.9,10.54,6.02,76.32,7.39,10.66,9.97,4.54,12.56,1.01,6.37,31.45,4.84,12.85,12.76,8.58,29.98,1.85,13.05,0,0.38,4.72,11.94,0.53,1.28,2.69,0,0,12.97,2.59,2.6,0,7.93,0.21,0],[0,5.05,3.73,0,0,2.84,2.39,13.46,0,3.74,6.69,0.38,11.39,3.14,0,6.26,8.37,210.27,0,305.2,75.89,4.89,2.81,0.85,3.56,0,2.2,0.3,0,0.28,0.24,9.46,2.43,1.38,9.21,0.91,0,0,0,0.4,0,0,0,0.17,0.18,0.38,1.03,0.25,5.49,1.88,1.37,0.37,2.86,0.55,0.3,0.2,0.42,0.23,0.85,0.58,0.36,0.73,0.51,0.28,0.65,0.93,0.18,0.4,8.16,0.65,1.02,0.4,0.31,2.11,21.23,1.61,21.91,19.18,0,2.53,2.2,21.8,3.17,9.68,2.47,0.53,0,3.61,0.44,0.73,0,0.18,0,17.59,0.63,0.18,0,0,0.14,0],[0.62,6.04,0.18,0.15,0.3,0,26.33,138.74,0,30.61,0.12,0,47.77,22.68,0,0,1.3,60.66,305.2,0,499.76,2.63,0,61.58,0.18,1.33,0.4,0,0,0.34,0.24,0.49,0.52,0.24,0.94,0,0,0,0,0,0,0,0,0.4,1.33,0,0,0,0.14,5.18,52.74,29.97,183.87,11.47,6.76,0.48,1.32,1.61,3.16,25.63,37.89,22.9,49.26,10.61,5.66,0.19,0.17,1.18,255.9,0.93,5.91,0.52,1.49,22.03,0.21,0,0.75,0.64,0,0,0,0.49,0,0,0,0,68.17,10.68,0,0,0,0,0,1.35,0,0,0,0,0,0],[0.16,7.55,0.59,0.68,0.45,0,57.05,97.53,0,8.73,0.18,0,91.04,10.85,0,0,0.4,190.93,75.89,499.76,0,4.84,0,31.53,0,1.97,3.48,0.28,0,1.43,1.37,12.71,14.15,6.36,29.01,0.54,0,0,0,0,0,0,0.17,0.28,1.02,0,0,0,0,2.11,11.4,6.46,40.37,2.58,1.59,0.22,0.42,0.47,0.77,5.38,8.01,4.94,10.31,2.37,1.54,0.53,0.14,0.35,59.28,0.63,1.69,0.29,0.46,5.93,1.11,1.08,8.08,16.43,0,0,0.34,0.18,0,0.44,0,0.11,44.49,5.63,0,0,0,0,0,8.13,0,0,0,0,0,0],[1.12,0.18,0,0,7.24,2.68,0.43,1.85,4.44,2.27,0.27,0.24,9.13,2.01,0,0.75,23.95,88.85,4.89,2.63,4.84,0,1.27,2.81,4.24,22.32,166.87,0.72,0,1.86,3.68,0,620.73,118.16,48.15,0.22,0,0,0,0.5,0,0,0.82,2.31,7.73,0.11,0.14,0,0.21,6.03,0.56,0,3.13,0.72,0.39,0.65,0.43,0.53,0.29,0.15,0.36,0.38,0.11,0.26,1.07,1.38,0.63,0.46,13.88,1.44,1.54,0.83,0.51,3.55,3.41,1.02,2.6,1.32,0,1.61,3.83,2.74,3.41,1.37,2.83,0.54,0.28,0.25,0.84,1.37,0,0,1.43,1.3,1.06,0.39,0,0.58,0,0],[4.42,0.35,0,0,0,0.31,0.9,0.83,1.45,2.68,2.36,1.84,0.2,1.03,0.82,3.33,26.22,5.76,2.81,0,0,1.27,0,337.1,20.96,23.52,0.54,0,0,0.43,1.8,0,0,0,0.13,0,0,0,0,0,0,0,0,0,0.12,0,0,0.19,0,11.98,18.78,9.85,67.71,4.74,3.29,1.27,1,1.38,1.21,11.51,16.73,9.38,21.43,3.19,3.61,1.26,1.16,1.24,104.6,1.96,4.41,1.56,1.73,12.53,21.43,9.64,1.34,1.7,0,5.85,6.19,2.83,2.27,13.81,0,11.34,0.1,0,0,0,0,0,0,4.21,0.89,2.3,0,0,0.1,0],[0.13,0,35.42,0,0,3.17,0,1.7,0,7.38,1.08,0.23,3.25,0.36,0,17.72,33.1,20.66,0.85,61.58,31.53,2.81,337.1,0,5.91,13.29,6.16,0,0,3.67,2.66,0,0,0,0,0.79,0,0,0,0,0,0,0,9.51,25.57,0.9,1.11,0.1,7.09,20.31,0.41,0,2.32,2.43,0.32,2.01,0.35,1.04,0.25,0,0.24,0.33,0.1,0.25,0.98,0.82,2.12,1.25,17.13,1.74,2.43,2.19,1.03,3.44,3.32,1.02,36.38,5.4,0,0,12.12,0.36,42.67,0.67,36.21,34.25,1.32,0.23,0,0,0,0,0,4.24,0.33,0,0,0,0,4.69],[0.5,2.87,4.57,4.74,9.19,7.07,6.23,0,17.43,3.73,0.2,2.82,3.24,0.25,0,6.48,4.27,11.18,3.56,0.18,0,4.24,20.96,5.91,0,32.1,0.91,0,0,1.23,0.86,21.24,0,2.07,1.69,0,0,0.84,0,0,0,0,0,12.05,31.74,1.03,2.39,0,3.61,0.84,0.54,0.14,2,0.19,0.27,0.11,0.29,0.2,0.39,0.22,0.23,0.25,0.2,0.18,0.62,0.89,0,0.19,6.7,0.64,0.76,0.23,0.23,2.17,17.42,4.26,8.12,1.98,0,0,4.24,7.47,1.34,0,0.15,3.62,0,0,0,0,0,0,0,0.17,18.55,3.32,0,0,7.6,4.22],[0,0.17,0.23,0,2.83,0.11,11.46,0,0,0,0.56,0,1.37,0.57,0,12.83,6.69,0,0,1.33,1.97,22.32,23.52,13.29,32.1,0,0.69,2.95,0,6.72,5.53,4.04,7.17,0.16,0.9,0.9,0,0,0,0,0,0,0,0,0,0,0,0.85,3.83,0.36,1.86,0.6,4.47,0.52,0.43,0,0.71,0.32,1.3,0.8,0.48,0.72,0.78,0.43,1.08,1.77,0,0.48,12.09,0.91,1.43,0.35,0.27,4.13,54.47,3.4,3.26,12.71,0,1.11,1.9,2.21,9.43,2.38,7.25,2.29,0,0,0,0,0,0,0,1.63,1.09,0.43,0,0,0,0],[0,21.01,1.42,0,1.1,0,278.64,0.13,1.33,0.83,22.45,0.95,0.85,1.41,0.71,1.16,0.4,5.59,2.2,0.4,3.48,166.87,0.54,6.16,0.91,0.69,0,4.83,2.02,6.51,3.17,2.4,0.92,0,0.52,0,0.64,0,0,0.79,0,0,2.04,1.56,5.28,1.13,3,1.82,4.47,17.72,26.7,17.41,91.79,8.11,1.43,1.29,0.96,1,2.21,5.56,7.75,6.77,11.31,5.66,1.9,0.74,2.53,1.56,103.7,1.21,4.1,3.09,1.17,15.38,0,1.11,6.69,5.94,0,1.03,0.87,0,0.18,192.55,0,0.37,0,0.72,0,0,0,0,0.69,1.11,0.91,1.8,0.99,0,0,0],[0,10.22,0,0,0,0,224.45,0.89,0,0.64,0,0.28,0,0.43,0,0,0,4.66,0.3,0,0.28,0.72,0,0,0,2.95,4.83,0,0.76,4.6,3.01,0.4,0.12,0,0,0,0,0,0,1.07,0,0,0.17,0.24,0.8,2.13,5.5,2.85,1.78,6.78,9.21,5.27,28.16,2.96,0.54,0.47,1.19,0.53,1.78,1.92,1.8,2.13,3.11,1.65,1.05,1.39,1.08,0.96,39.25,0.92,2.7,1.7,0.58,8.61,0,0,0,0,0.21,1.06,0,0,0,0,0,0,0,0,0,0,0,0,0,0,0,0,0.12,0,0,0],[0,0,0,0,0,0,0.13,0,0,0,0,0,5.79,0,0,0,0.87,0.25,0,0,0,0,0,0,0,0,2.02,0.76,0,36.85,8.32,4,0.41,10.57,21.39,0,152.76,0,1.34,0.36,12.58,1.71,570.07,1.6,1.95,0.57,2.8,0.18,0.91,1.41,0.11,0,0.42,0.14,0,0.11,0,0,0,0,0,0,0,0,0,0.11,0.22,0.11,2.16,0.12,0.26,0.29,0.11,0.53,0.14,0,0,3.74,11.16,4.91,0,0,0,0,0,2.24,0,0,0,0,0,0,0,0,0,0,0,0,0,0],[0,1.65,0,0,0,0,1.77,0,0,0,0.26,0,6.19,3.23,0,0,2.46,2.06,0.28,0.34,1.43,1.86,0.43,3.67,1.23,6.72,6.51,4.6,36.85,0,27.87,5.3,7.76,28.24,284.79,0.61,1008.8,0,88.66,8.29,105.52,89.18,895.91,9.8,21.28,0.97,6.49,4.66,4.22,15.09,21.96,14.57,79.3,6.65,1.28,1.09,0.53,0.83,1.36,5,7.31,5.7,10.05,4.2,1.56,0.34,2.15,1.3,83.51,0.92,3.32,2.75,1.14,13.49,0.42,0,8.65,18.42,583.33,67.2,0,0,0.17,0,0.24,5.42,0,0,0,0,0,0,0,0,0,0,0,0,0,0],[0,1.14,0,0,0,0,0,0,0,39.44,0.51,11.65,0.87,2.78,0,0,0.26,4.63,0.24,0.24,1.37,3.68,1.8,2.66,0.86,5.53,3.17,3.01,8.32,27.87,0,2.48,8.32,6.88,11.08,0.78,152.85,0,1.36,5.14,12.64,1.72,374.48,5.03,11.79,0.35,1.06,5.04,3.52,3.86,11.52,6.41,33.65,3.3,0.71,0.26,1.48,0.45,2.48,2.98,2.77,2.94,4.52,1.78,1.17,1.4,0.46,0.96,40.02,0.76,2.87,1.11,0.46,9.59,0,0.51,7.05,1.58,14.2,5.93,0,0,0,0,0.12,2.08,0,0,0,0,0,0,0,0,0,0,0,0,0,0],[0,0,0,0,0,0,0,0,0,0.17,0,0,0,0,0,0,31.06,0.18,9.46,0.49,12.71,0,0,0,21.24,4.04,2.4,0.4,4,5.3,2.48,0,2.08,0.13,0.71,0,0,0,0,0,0,0,12.38,0,0,0,0.14,0.11,0.76,2.61,24.22,9.18,43.07,7.1,1.97,0.16,6.85,1.34,11.57,8.42,3.52,6.76,8.89,3.08,4.02,7.06,0,3.59,83.38,2.87,10.52,2.48,0.92,25.84,8.74,26.89,1.35,2.2,0,5.55,0.64,0,0,0.68,0,0,0,0,0,0,0,0,0,0,0.93,0,0,0,0,1.27],[0,0,0,1.5,0,0,0,0.87,0,0,0,0,2.47,0.64,0,0,1.43,0,2.43,0.52,14.15,620.73,0,0,0,7.17,0.92,0.12,0.41,7.76,8.32,2.08,0,12.63,26.55,2.7,0.42,0,0,1.89,0.35,0,0,1.15,1.1,1.51,2.6,0.14,0.42,24.73,15.31,8.73,52.31,6.1,1.66,2.23,1.57,1.72,2.51,5.28,6.79,5.17,9.2,2.92,2.91,2.78,3.16,2.52,84.38,2.63,6.01,4.14,1.92,16.12,1.72,1.69,0.35,11.02,2.63,0.13,0,0.15,0,0,0,0,0,0,0,0,0,0,0,0.16,0,0,0,0,0,0],[0.18,0,20.31,0,0,0,0,0,0,0,0,0,0,0,0,0,0.27,10.94,1.38,0.24,6.36,118.16,0,0,2.07,0.16,0,0,10.57,28.24,6.88,0.13,12.63,0,8.3,1.57,0.88,0,0,0,0.23,0,0.15,0,0,0.54,0.7,0,0,7.18,3.54,2.17,13.25,1.52,0.36,0.63,0.21,0.42,0.27,1.19,1.75,1.2,2.25,0.68,0.59,0.38,0.91,0.6,20.17,0.58,1.34,1.12,0.51,3.52,1.91,0,0,0.59,0,0.55,0.16,0,0,0,0,0,0,0,0,0,0,0,0,0,0,0,0,0,0,0],[2.35,0,55.82,0,0,0,0,0,0,0,0,0,0,0,0,0,1.58,33.79,9.21,0.94,29.01,48.15,0.13,0,1.69,0.9,0.52,0,21.39,284.79,11.08,0.71,26.55,8.3,0,2.62,4.36,0.22,0.63,0,0.98,0.24,2.04,1.38,1.44,1.69,2.6,0.8,0.77,2.57,1.86,0.9,6.65,0.65,0.3,0.26,0.38,0.31,0.43,0.54,0.68,0.65,0.82,0.35,0.66,1.03,0.32,0.35,13.3,0.62,1,0.57,0.31,3.48,3.06,0,0.77,5.32,0,7.07,0,0,0,0,0,0,0.13,0,0,0,0,0,0,0,0,0,0,0,0,0],[0,0.39,0,0.62,0.1,0.29,0,2.8,0.21,0.48,0,0,0.3,0.33,0,0,0.1,22.62,0.91,0,0.54,0.22,0,0.79,0,0.9,0,0,0,0.61,0.78,0,2.7,1.57,2.62,0,304.19,45.77,14.92,191.69,28.74,14,0,0,0,0,0,0,0,2.31,27.89,14.53,75.25,7.43,2.09,0.14,3.66,0.98,8.66,8.43,7.7,8.53,12.81,4.35,3.73,4.55,0,2.36,83.02,1.66,7.45,1.71,1.02,24.14,2.38,0.98,0,17.24,0,0.57,0,0,0,0,0,0,0,0,0,0,0,0,0,0,0,0,0,0,0,0],[0,0,0,0,0,0.82,0,0,0,0,0.18,0,0,0,0,2.66,0,0,0,0,0,0,0,0,0,0,0.64,0,152.76,1008.8,152.85,0,0.42,0.88,4.36,304.19,0,1053.14,170.4,50.26,480.55,190.26,0.13,2.34,5.44,1.54,2.99,0,0,10.75,49.56,33.37,182.42,12.56,2.55,0.64,1.32,0.9,3.1,11.58,15.92,12.55,21.04,7.72,3.23,0.77,1.19,1.46,153.27,1.04,4.72,2.21,1.57,33.22,0,0,20.42,9.06,0.27,8.47,0,2.7,0,0,0,0,0,0,0,0,0,0,0,0,0,0,0,0,0,0],[0,0,0,0,0,0,0,0,0,11.14,0.13,0,0,0,0,0.71,0,0,0,0,0,0,0,0,0.84,0,0,0,0,0,0,0,0,0,0.22,45.77,1053.14,0,80.41,1615.5,171.92,88.24,0,2.7,6.02,0,0,0.3,0,5.66,29.73,20.36,112.06,7.44,1.45,0.31,0.52,0.44,1.43,6.68,9.42,7.35,12.31,4.61,1.8,0.16,0.59,0.68,88.94,0.47,2.23,1.06,0.87,19.16,6.67,0,0.91,0,0,0,0,0.32,0,0,0,0,0,0,0,0,0.8,0,0.24,1.02,1.82,1.01,0,0,0,0],[0,0,0,0,0,0.11,0,0,0,0,0,0,0,0,0,0,0,0,0,0,0,0,0,0,0,0,0,0,1.34,88.66,1.36,0,0,0,0.63,14.92,170.4,80.41,0,7.17,37.8,5.33,0,0.44,0.77,0,0,0,0,0,0,0,0,0,0,0,0,0,0,0,0,0,0,0,0,0,0,0,0.33,0,0,0,0,0.13,0,0,2.49,1.51,0,0.1,0,0,0,0,0,0,0,0,0,0,0,0,0,0,0,0,0,0,0,0],[7.92,1.2,0,0,0,1.11,0,0,0,0.55,0.13,0.23,1.09,0,0,0.25,6.97,10.47,0.4,0,0,0.5,0,0,0,0,0.79,1.07,0.36,8.29,5.14,0,1.89,0,0,191.69,50.26,1615.5,7.17,0,58.97,3.95,0.43,22.11,27.71,4.95,8.13,1.75,0.87,10.42,48.19,32.94,180.83,12.34,2.41,0.62,1.04,0.86,2.59,10.4,14.68,11.57,19.17,7.64,3.01,0.85,1.15,1.28,146.68,0.95,4.08,2.06,1.48,32.13,0.94,8.68,3.19,1.43,0.98,0.71,0.76,0.11,0,0,0,0,0.91,0,0,0,0,0,0,0,3.3,0,0,0,8.75,0],[0,0,0,0,0,0.11,0,0,0,0,0,0,0,0,0,0.74,0,0,0,0,0,0,0,0,0,0,0,0,12.58,105.52,12.64,0,0.35,0.23,0.98,28.74,480.55,171.92,37.8,58.97,0,41.1,0,0.98,2.45,0.86,1.7,0,0,2.65,14.28,9.68,52.59,3.61,0.7,0.14,0.31,0.22,0.82,3.12,4.38,3.47,5.83,2.29,0.84,0.14,0.26,0.33,43.18,0.23,1.13,0.48,0.33,8.92,0,0,2.32,1.26,0,5.23,0,0.23,0,0,0,0,0,0,0,0,0,0,0,0,0,0,0,0,0,0],[0,0,0,0,0,0,0,0,0,0,0,0,0,0,0,0,0,0,0,0,0,0,0,0,0,0,0,0,1.71,89.18,1.72,0,0,0,0.24,14,190.26,88.24,5.33,3.95,41.1,0,0,0,0.18,0,0.15,0,0,0.28,1.34,0.91,4.99,0.34,0,0,0,0,0,0.29,0.42,0.33,0.57,0.22,0,0,0,0,4.2,0,0.1,0,0,0.82,0,0,1.99,0.28,0,0.58,0,0,0,0,0,0,0,0,0,0,0,0,0,0,0,0,0,0,0,0],[11.54,1.26,0,2.18,0,0,0,0,0,1.02,0,1.42,0,0,0,0.65,0.87,1.08,0,0,0.17,0.82,0,0,0,0,2.04,0.17,570.07,895.91,374.48,12.38,0,0.15,2.04,0,0.13,0,0,0.43,0,0,0,4.52,7.97,0.43,1.17,0.89,1.26,67.98,68.68,46.89,251.63,23.28,2.74,4.27,1.99,2.89,4.46,11.58,16.48,14.85,23.7,12.47,3.99,0.62,11.33,6.01,254.12,3.42,14.21,15.45,5.15,48.42,0,0,2.1,1.39,0,2.25,0,0,0,0,0,0,0.95,0.11,0,0,0,0,0,3.1,1.84,0,0,0,0,0],[8.85,0.27,1.09,2.8,9.84,19.67,0.53,1.49,0,0.14,0,0,0.1,0,0,0,4.08,0.53,0.17,0.4,0.28,2.31,0,9.51,12.05,0,1.56,0.24,1.6,9.8,5.03,0,1.15,0,1.38,0,2.34,2.7,0.44,22.11,0.98,0,4.52,0,199.94,6.02,13.63,2.18,13.25,3.65,1.75,0.89,5.77,0.75,0.22,0.24,0.37,0.25,0.38,0.33,0.3,0.41,0.47,0.24,0.37,0.61,0.6,0.49,10.59,0.35,1.28,1.11,0.49,3.56,1.07,0.16,0.73,5.27,1.17,36.79,0.32,1.28,0.98,0.53,0.73,4.31,0,0.34,0.1,0.15,14.43,0,0,3.36,3.64,0.14,0,0,1.02,2.46],[23.74,0.58,3.45,7.5,26.36,52.75,1.41,1.58,0,0.15,0,0,0.34,0,0,0,13.05,1.65,0.18,1.33,1.02,7.73,0.12,25.57,31.74,0,5.28,0.8,1.95,21.28,11.79,0,1.1,0,1.44,0,5.44,6.02,0.77,27.71,2.45,0.18,7.97,199.94,0,13.78,24.81,2.5,15.58,5.8,1.11,0.34,4.53,0.84,0.45,0.42,0.58,0.49,0.46,0.22,0.17,0.32,0.24,0.17,0.73,1.48,0.98,0.82,16.54,0.63,2.02,1.84,0.86,6.24,3.29,0.52,1.19,14.45,4.08,96.59,0.86,3.12,1.7,1.66,1.1,11.82,0,0.9,0.25,0.18,38.71,0,0,9.86,3.49,0.42,0.22,0,2.73,4.7],[2.41,0.68,0.88,0,0,0,0,0,0,0.64,0,0.27,0,0,0,0,0,1.75,0.38,0,0,0.11,0,0.9,1.03,0,1.13,2.13,0.57,0.97,0.35,0,1.51,0.54,1.69,0,1.54,0,0,4.95,0.86,0,0.43,6.02,13.78,0,150.71,0.67,3.18,0.78,0.16,0,0.69,0.1,0,0,0,0,0,0,0,0,0,0,0.1,0.23,0.14,0.11,2.75,0,0.28,0.27,0.11,0.98,0.49,0,5.08,2.25,0,8.64,0,0,0,0,0,1.23,0,0,0,0,0,0,0,0.79,0,0,0,0,0,0],[5.21,1.48,2.6,0,0.2,0,0,0,0,0.79,0,0.33,0.16,0,0,0,0,4.66,1.03,0,0,0.14,0,1.11,2.39,0,3,5.5,2.8,6.49,1.06,0.14,2.6,0.7,2.6,0,2.99,0,0,8.13,1.7,0.15,1.17,13.63,24.81,150.71,0,1.59,15.4,2.43,0.89,0.32,2.67,0.42,0.19,0.15,0.35,0.19,0.25,0.17,0,0.18,0.18,0,0.28,0.57,0.44,0.33,8.29,0.28,0.95,0.83,0.31,2.89,1.1,0,10.74,5.8,0,36.16,0,0,0,0,0,2.63,0,0,0,0,0,0,0,1.81,0,0,0,0,0,0],[0,0,1.55,0,0,0,2.24,0,0,0,0,0,0,0.4,0,0,7.97,0,0.25,0,0,0,0.19,0.1,0,0.85,1.82,2.85,0.18,4.66,5.04,0.11,0.14,0,0.8,0,0,0.3,0,1.75,0,0,0.89,2.18,2.5,0.67,1.59,0,77.85,1.31,3.88,2.58,13.38,1.08,0.15,0,0.19,0.1,0.33,0.45,0.6,0.73,1.03,0.81,0.24,0.25,0.18,0.13,13.48,0.15,0.42,0.29,0.1,2.49,0,0,0,0,0,1,10.89,0,0,0,0,0,0,1.61,0,0,0,0,0,0.59,0,0,0,0,0,0],[0.51,3.88,0,0,0.21,0,22.43,0,0,0,0,0,1.88,0,0,0,1.35,0.13,5.49,0.14,0,0.21,0,7.09,3.61,3.83,4.47,1.78,0.91,4.22,3.52,0.76,0.42,0,0.77,0,0,0,0,0.87,0,0,1.26,13.25,15.58,3.18,15.4,77.85,0,0.7,0.36,0,1.57,0.19,0.17,0,0.17,0.12,0.1,0,0,0.1,0,0,0.23,0.51,0.11,0.1,7.18,0.2,0.29,0.23,0.13,1.91,0,0,0,0,0,0.62,0,0,0,0,0,0,0,0,0,0,0,0,0,0,0,0.22,0,0,0,0],[20.45,19.65,38.45,7.22,5.59,8.69,59.63,21.97,6.21,22.54,17.47,14.53,36.35,11.45,6.08,12.58,7.09,101.15,1.88,5.18,2.11,6.03,11.98,20.31,0.84,0.36,17.72,6.78,1.41,15.09,3.86,2.61,24.73,7.18,2.57,2.31,10.75,5.66,0,10.42,2.65,0.28,67.98,3.65,5.8,0.78,2.43,1.31,0.7,0,0,0,0,0,0,0,0,0,0,0,0,0,0,0,0,0,0,0,0,0,0,0,0,0,3.03,10.37,8.97,9.71,3.72,15.65,4.29,4.68,3.25,10.34,2.84,8.04,13.62,5.34,3.86,2.56,3.22,4.4,1.38,2.63,8.9,15.52,11.25,3.92,3.3,15.64],[2.12,0.69,3.55,0.79,3.48,0.21,0.95,4.61,0.87,1.18,1.14,0.26,2.63,29.67,0.42,0.74,1.77,2.93,1.37,52.74,11.4,0.56,18.78,0.41,0.54,1.86,26.7,9.21,0.11,21.96,11.52,24.22,15.31,3.54,1.86,27.89,49.56,29.73,0,48.19,14.28,1.34,68.68,1.75,1.11,0.16,0.89,3.88,0.36,0,0,0,0,0,0,0,0,0,0,0,0,0,0,0,0,0,0,0,0,0,0,0,0,0,1.87,0.62,1.3,6.61,0.28,5.73,5.33,0.78,6.02,0.4,4.98,0.69,0.41,0.72,3.33,10.92,4.34,2.19,1.97,3.14,0.73,3.75,0.18,1.36,0.47,1.31],[0.59,0.11,0.93,0.15,1.15,0,0.31,1.45,0.19,0.23,0.28,0,0.77,15.38,0,0.15,0.4,0.79,0.37,29.97,6.46,0,9.85,0,0.14,0.6,17.41,5.27,0,14.57,6.41,9.18,8.73,2.17,0.9,14.53,33.37,20.36,0,32.94,9.68,0.91,46.89,0.89,0.34,0,0.32,2.58,0,0,0,0,0,0,0,0,0,0,0,0,0,0,0,0,0,0,0,0,0,0,0,0,0,0,0.59,0.19,0.3,2.25,0,1.87,1.75,0.37,3.02,0,2.37,0,0.12,0.18,1.1,3.49,1.35,0.65,0.59,0.54,0.14,1.36,0,0.43,0,0.36],[5.57,2.64,11.71,2.89,6.53,1.04,4.65,8.66,3.76,4.51,3.01,2.31,5.22,101.02,1.62,2.23,4.17,9.81,2.86,183.87,40.37,3.13,67.71,2.32,2,4.47,91.79,28.16,0.42,79.3,33.65,43.07,52.31,13.25,6.65,75.25,182.42,112.06,0,180.83,52.59,4.99,251.63,5.77,4.53,0.69,2.67,13.38,1.57,0,0,0,0,0,0,0,0,0,0,0,0,0,0,0,0,0,0,0,0,0,0,0,0,0,4.89,2.28,4.69,14.5,1.19,11.99,8.69,3.3,21.21,2.47,17.04,2.12,2.09,2.43,7.3,17.26,8.22,3.93,3.78,6.07,3.9,12.82,1.28,2.89,3.91,3.41],[3.06,2.49,5.35,0.99,1.62,1.07,7.45,4.03,0.87,2.91,2.37,1.75,5.13,7.17,0.74,1.63,1.15,12.8,0.55,11.47,2.58,0.72,4.74,2.43,0.19,0.52,8.11,2.96,0.14,6.65,3.3,7.1,6.1,1.52,0.65,7.43,12.56,7.44,0,12.34,3.61,0.34,23.28,0.75,0.84,0.1,0.42,1.08,0.19,0,0,0,0,0,0,0,0,0,0,0,0,0,0,0,0,0,0,0,0,0,0,0,0,0,0.8,1.37,1.28,2.69,0.47,3.28,2.08,0.69,1.4,1.29,1.13,0.99,1.67,0.74,1.34,3.62,1.63,1.17,0.71,0.72,1.17,2.51,1.39,0.82,0.37,2.26],[0.86,0.37,1.89,0.52,0.66,0.15,0.49,0.93,0.47,0.54,0.35,0.27,0.56,4.84,0.21,0.26,0.41,1.13,0.3,6.76,1.59,0.39,3.29,0.32,0.27,0.43,1.43,0.54,0,1.28,0.71,1.97,1.66,0.36,0.3,2.09,2.55,1.45,0,2.41,0.7,0,2.74,0.22,0.45,0,0.19,0.15,0.17,0,0,0,0,0,0,0,0,0,0,0,0,0,0,0,0,0,0,0,0,0,0,0,0,0,0.44,0.24,0.6,0.96,0.17,1.08,0.74,0.29,1.11,0.41,1.02,0.21,0.22,0.24,0.66,1.66,0.88,0.54,0.44,0.45,0.6,1.16,0.21,0.35,0.79,0.5],[2.13,2.01,4.01,0.77,0.57,0.89,6.06,2.24,0.68,2.32,1.77,1.5,3.65,1.2,0.62,1.27,0.73,10.06,0.2,0.48,0.22,0.65,1.27,2.01,0.11,0,1.29,0.47,0.11,1.09,0.26,0.16,2.23,0.63,0.26,0.14,0.64,0.31,0,0.62,0.14,0,4.27,0.24,0.42,0,0.15,0,0,0,0,0,0,0,0,0,0,0,0,0,0,0,0,0,0,0,0,0,0,0,0,0,0,0,0.34,1.03,0.89,0.96,0.34,1.49,0.44,0.47,0.35,1.06,0.31,0.81,1.36,0.55,0.43,0.33,0.38,0.45,0.16,0.29,0.94,1.65,1.15,0.41,0.4,1.62],[0.97,0.35,1.44,0.46,0.8,0.16,0.54,1.58,0.61,0.71,0.48,0.4,0.92,1.26,0.19,0.33,0.55,1.62,0.42,1.32,0.42,0.43,1,0.35,0.29,0.71,0.96,1.19,0,0.53,1.48,6.85,1.57,0.21,0.38,3.66,1.32,0.52,0,1.04,0.31,0,1.99,0.37,0.58,0,0.35,0.19,0.17,0,0,0,0,0,0,0,0,0,0,0,0,0,0,0,0,0,0,0,0,0,0,0,0,0,0.7,0.37,0.54,1.59,0.17,1.55,1.39,0.15,0.28,0.4,0.21,0.23,0.23,0.24,0.88,2.81,1.29,0.58,0.58,0.59,0.52,0.97,0.21,0.36,0.61,0.59],[1.28,0.99,2.31,0.52,0.49,0.45,2.78,1.48,0.6,1.31,0.94,0.85,1.83,1.61,0.36,0.68,0.53,4.93,0.23,1.61,0.47,0.53,1.38,1.04,0.2,0.32,1,0.53,0,0.83,0.45,1.34,1.72,0.42,0.31,0.98,0.9,0.44,0,0.86,0.22,0,2.89,0.25,0.49,0,0.19,0.1,0.12,0,0,0,0,0,0,0,0,0,0,0,0,0,0,0,0,0,0,0,0,0,0,0,0,0,0.46,0.63,0.68,1.02,0.24,1.25,0.66,0.29,0.4,0.67,0.34,0.46,0.71,0.36,0.57,1.17,0.7,0.42,0.31,0.37,0.69,1.22,0.59,0.31,0.5,0.91],[1.76,0.35,1.94,0.51,2.21,0.11,0.38,3.76,0.69,0.8,0.81,0.26,1.96,2.51,0.14,0.45,0.97,2.12,0.85,3.16,0.77,0.29,1.21,0.25,0.39,1.3,2.21,1.78,0,1.36,2.48,11.57,2.51,0.27,0.43,8.66,3.1,1.43,0,2.59,0.82,0,4.46,0.38,0.46,0,0.25,0.33,0.1,0,0,0,0,0,0,0,0,0,0,0,0,0,0,0,0,0,0,0,0,0,0,0,0,0,1.3,0.54,0.72,3.59,0.24,3.74,4.11,0.13,0.35,0.39,0.27,0.22,0.2,0.31,2.41,9.31,3.72,1.82,1.64,1.28,0.57,1.39,0.19,0.93,0.44,1.09],[1.18,0.21,1.94,0.35,2.21,0,0.6,2.56,0.41,0.47,0.49,0.12,1.31,17.35,0,0.27,0.6,1.32,0.58,25.63,5.38,0.15,11.51,0,0.22,0.8,5.56,1.92,0,5,2.98,8.42,5.28,1.19,0.54,8.43,11.58,6.68,0,10.4,3.12,0.29,11.58,0.33,0.22,0,0.17,0.45,0,0,0,0,0,0,0,0,0,0,0,0,0,0,0,0,0,0,0,0,0,0,0,0,0,0,0.75,0.27,0.36,2.29,0.1,2.06,2.13,0.54,4.06,0.19,3.77,0.12,0.21,0.29,1.6,4.76,1.89,0.87,0.84,0.76,0.28,2.39,0,0.77,0.22,0.7],[0.85,0.31,2.37,0.45,1.47,0.14,0.99,1.29,0.56,0.61,0.39,0.32,0.68,25.32,0.2,0.28,0.52,1.21,0.36,37.89,8.01,0.36,16.73,0.24,0.23,0.48,7.75,1.8,0,7.31,2.77,3.52,6.79,1.75,0.68,7.7,15.92,9.42,0,14.68,4.38,0.42,16.48,0.3,0.17,0,0,0.6,0,0,0,0,0,0,0,0,0,0,0,0,0,0,0,0,0,0,0,0,0,0,0,0,0,0,0.52,0.24,0.47,1.79,0,1.45,1.12,0.81,5.87,0.32,5.49,0.25,0.34,0.41,1.38,2.68,1.23,0.56,0.56,0.83,0.48,3.27,0.16,0.62,0.61,0.51],[1.18,0.56,2.45,0.57,1.85,0.18,0.68,2.18,0.5,0.77,0.66,0.18,1.38,14.76,0.35,0.46,1.04,1.73,0.73,22.9,4.94,0.38,9.38,0.33,0.25,0.72,6.77,2.13,0,5.7,2.94,6.76,5.17,1.2,0.65,8.53,12.55,7.35,0,11.57,3.47,0.33,14.85,0.41,0.32,0,0.18,0.73,0.1,0,0,0,0,0,0,0,0,0,0,0,0,0,0,0,0,0,0,0,0,0,0,0,0,0,0.77,0.31,0.79,2.87,0.12,2.56,2.26,0.46,3.2,0.25,2.84,0.52,0.26,0.47,1.65,5.03,2.04,1.13,0.96,2.13,0.51,2.23,0.14,0.72,0.34,0.73],[1.05,0.22,2.39,0.27,2.38,0,1.16,2.34,0.34,0.43,0.48,0.11,1.25,32.44,0,0.26,0.57,1.54,0.51,49.26,10.31,0.11,21.43,0.1,0.2,0.78,11.31,3.11,0,10.05,4.52,8.89,9.2,2.25,0.82,12.81,21.04,12.31,0,19.17,5.83,0.57,23.7,0.47,0.24,0,0.18,1.03,0,0,0,0,0,0,0,0,0,0,0,0,0,0,0,0,0,0,0,0,0,0,0,0,0,0,0.8,0.29,0.4,2.96,0.12,2.62,2.54,0.97,7.6,0.17,7.07,0.11,0.34,0.39,2.14,5.67,2.21,1.07,0.96,0.73,0.25,3.8,0,0.92,0.14,0.65],[0.83,0.31,1.34,0.38,0.73,0.14,0.59,1.28,0.44,0.54,0.38,0.3,0.76,5.7,0.14,0.25,0.39,1.31,0.28,10.61,2.37,0.26,3.19,0.25,0.18,0.43,5.66,1.65,0,4.2,1.78,3.08,2.92,0.68,0.35,4.35,7.72,4.61,0,7.64,2.29,0.22,12.47,0.24,0.17,0,0,0.81,0,0,0,0,0,0,0,0,0,0,0,0,0,0,0,0,0,0,0,0,0,0,0,0,0,0,0.45,0.25,0.34,1.19,0.1,1.18,1.14,0.2,0.96,0.29,0.76,0.16,0.19,0.19,0.83,2.64,1.15,0.56,0.52,0.45,0.39,1.01,0.17,0.35,0.48,0.51],[2.23,1.12,3.84,1.18,1.17,0.49,1.9,2.7,1.53,1.85,1.09,1.18,1.75,4.39,0.53,0.79,1.06,4,0.65,5.66,1.54,1.07,3.61,0.98,0.62,1.08,1.9,1.05,0,1.56,1.17,4.02,2.91,0.59,0.66,3.73,3.23,1.8,0,3.01,0.84,0,3.99,0.37,0.73,0.1,0.28,0.24,0.23,0,0,0,0,0,0,0,0,0,0,0,0,0,0,0,0,0,0,0,0,0,0,0,0,0,1.23,0.81,1.22,2.29,0.36,2.44,1.97,0.51,1.12,1.09,0.9,0.61,0.69,0.61,1.78,4.67,2.47,1.13,1.12,1.1,1.56,2.66,0.66,0.71,1.85,1.38],[2.3,0.68,3.23,1.13,1.64,0.37,0.74,3.46,1.8,1.77,1.04,1.11,1.65,0.97,0.51,0.76,1.26,2.9,0.93,0.19,0.53,1.38,1.26,0.82,0.89,1.77,0.74,1.39,0.11,0.34,1.4,7.06,2.78,0.38,1.03,4.55,0.77,0.16,0,0.85,0.14,0,0.62,0.61,1.48,0.23,0.57,0.25,0.51,0,0,0,0,0,0,0,0,0,0,0,0,0,0,0,0,0,0,0,0,0,0,0,0,0,1.83,0.97,1.56,3.34,0.45,3.29,3,0.33,0.2,1.15,0,0.54,0.52,0.65,2.33,6.97,3.48,1.42,1.56,1.42,1.61,2.43,0.52,0.85,1.86,1.37],[2.01,1.98,3.87,0.75,0.55,0.9,5.94,2.16,0.58,2.23,1.74,1.45,3.72,1,0.6,1.27,0.71,10.54,0.18,0.17,0.14,0.63,1.16,2.12,0,0,2.53,1.08,0.22,2.15,0.46,0,3.16,0.91,0.32,0,1.19,0.59,0,1.15,0.26,0,11.33,0.6,0.98,0.14,0.44,0.18,0.11,0,0,0,0,0,0,0,0,0,0,0,0,0,0,0,0,0,0,0,0,0,0,0,0,0,0.31,1.08,0.99,1.04,0.44,1.72,0.39,0.45,0.29,1.02,0.25,0.79,1.36,0.53,0.34,0.11,0.26,0.43,0.1,0.22,0.85,1.46,1.09,0.36,0.28,1.52],[1.64,1.03,2.49,0.52,1.19,0.44,2.95,2.51,0.58,1.42,1.19,0.81,2.5,1.52,0.36,0.81,0.72,6.02,0.4,1.18,0.35,0.46,1.24,1.25,0.19,0.48,1.56,0.96,0.11,1.3,0.96,3.59,2.52,0.6,0.35,2.36,1.46,0.68,0,1.28,0.33,0,6.01,0.49,0.82,0.11,0.33,0.13,0.1,0,0,0,0,0,0,0,0,0,0,0,0,0,0,0,0,0,0,0,0,0,0,0,0,0,0.64,0.84,0.9,1.81,0.39,2.33,1.54,0.31,0.35,0.72,0.3,0.52,0.89,0.44,1.02,3.13,1.4,0.83,0.61,0.56,0.71,1.35,0.67,0.55,0.32,1.15],[25.41,15.21,48.15,12.97,15.41,7.56,38.74,32.35,16.12,24.5,15.98,16.09,29.52,162.26,7.07,11.85,12.72,76.32,8.16,255.9,59.28,13.88,104.6,17.13,6.7,12.09,103.7,39.25,2.16,83.51,40.02,83.38,84.38,20.17,13.3,83.02,153.27,88.94,0.33,146.68,43.18,4.2,254.12,10.59,16.54,2.75,8.29,13.48,7.18,0,0,0,0,0,0,0,0,0,0,0,0,0,0,0,0,0,0,0,0,0,0,0,0,0,13.57,11.8,15.79,29.77,5.08,29.7,17.85,8.5,32.83,13.43,26.85,8,11.43,7.79,16.08,33.35,18.72,9.51,8.5,9.75,14.92,34.28,9.17,7.81,15.94,16.66],[3.03,1.76,5.45,1.77,0.9,0.9,3.94,3.1,2.07,2.86,1.67,1.96,2.73,1.59,0.82,1.25,1.22,7.39,0.65,0.93,0.63,1.44,1.96,1.74,0.64,0.91,1.21,0.92,0.12,0.92,0.76,2.87,2.63,0.58,0.62,1.66,1.04,0.47,0,0.95,0.23,0,3.42,0.35,0.63,0,0.28,0.15,0.2,0,0,0,0,0,0,0,0,0,0,0,0,0,0,0,0,0,0,0,0,0,0,0,0,0,1.05,1.1,1.26,1.79,0.38,2.04,1.26,0.55,0.47,1.56,0.3,0.87,1.12,0.75,1.39,2.82,1.83,0.82,0.84,1.02,1.79,3.07,1.08,0.7,2.41,1.94],[3.77,2.08,6.55,1.98,1.96,1.01,4.87,4.77,2.14,3.31,2.28,2.08,4.16,5.35,0.96,1.66,1.77,10.66,1.02,5.91,1.69,1.54,4.41,2.43,0.76,1.43,4.1,2.7,0.26,3.32,2.87,10.52,6.01,1.34,1,7.45,4.72,2.23,0,4.08,1.13,0.1,14.21,1.28,2.02,0.28,0.95,0.42,0.29,0,0,0,0,0,0,0,0,0,0,0,0,0,0,0,0,0,0,0,0,0,0,0,0,0,1.72,1.67,2.17,4.28,0.83,5.1,3.39,0.78,1.31,1.85,1.07,1.13,1.62,1.01,2.35,6.4,3.19,1.73,1.46,1.53,2.08,3.81,1.32,1.13,2.36,2.44],[2.02,1.7,3.62,0.76,0.81,0.76,4.95,2.54,0.83,2.25,1.75,1.4,3.49,1.29,0.65,1.28,0.99,9.97,0.4,0.52,0.29,0.83,1.56,2.19,0.23,0.35,3.09,1.7,0.29,2.75,1.11,2.48,4.14,1.12,0.57,1.71,2.21,1.06,0,2.06,0.48,0,15.45,1.11,1.84,0.27,0.83,0.29,0.23,0,0,0,0,0,0,0,0,0,0,0,0,0,0,0,0,0,0,0,0,0,0,0,0,0,0.71,1.28,1.48,2.13,0.64,2.95,1.25,0.52,0.4,1.17,0.31,0.9,1.44,0.67,0.86,1.86,1.05,0.79,0.47,0.69,1.12,1.81,1.06,0.5,0.59,1.49],[1.54,1.94,3.27,0.7,0.45,0.35,2.34,1.26,0.59,1.5,0.95,0.77,1.53,1.46,0.39,0.59,0.99,4.54,0.31,1.49,0.46,0.51,1.73,1.03,0.23,0.27,1.17,0.58,0.11,1.14,0.46,0.92,1.92,0.51,0.31,1.02,1.57,0.87,0,1.48,0.33,0,5.15,0.49,0.86,0.11,0.31,0.1,0.13,0,0,0,0,0,0,0,0,0,0,0,0,0,0,0,0,0,0,0,0,0,0,0,0,0,0.97,0.63,1.34,1.32,0.53,1.97,0.72,0.78,0.57,0.64,0.48,0.98,0.93,0.46,0.81,1.33,0.97,1,0.41,0.99,2.03,1.72,0.76,0.33,1.31,1],[5.35,2.46,8.97,2.75,2.76,1.29,4.75,7.18,4.24,5.05,3.18,3.27,4.93,13.58,1.6,2.37,3.18,12.56,2.11,22.03,5.93,3.55,12.53,3.44,2.17,4.13,15.38,8.61,0.53,13.49,9.59,25.84,16.12,3.52,3.48,24.14,33.22,19.16,0.13,32.13,8.92,0.82,48.42,3.56,6.24,0.98,2.89,2.49,1.91,0,0,0,0,0,0,0,0,0,0,0,0,0,0,0,0,0,0,0,0,0,0,0,0,0,4.56,2.96,5.14,9.87,1.65,10.06,6.88,1.48,3.47,3.29,2.46,1.81,2.25,2,4.97,12.54,6.87,3.2,3.13,3.04,4.38,6.94,1.86,1.77,4.56,3.39],[0,0.84,6,0,0,0,0.19,3.37,0,0,0.42,0,0.13,0,4.81,3.46,7.38,1.01,21.23,0.21,1.11,3.41,21.43,3.32,17.42,54.47,0,0,0.14,0.42,0,8.74,1.72,1.91,3.06,2.38,0,6.67,0,0.94,0,0,0,1.07,3.29,0.49,1.1,0,0,3.03,1.87,0.59,4.89,0.8,0.44,0.34,0.7,0.46,1.3,0.75,0.52,0.77,0.8,0.45,1.23,1.83,0.31,0.64,13.57,1.05,1.72,0.71,0.97,4.56,0,9.27,44.46,78.14,4.01,14.16,1.8,0.1,38.81,4.76,32.66,2.9,9.88,2.7,0,0,0,0,0,1.87,5.68,0.56,2.66,0,0,0],[4.65,7.43,0.45,0,2.17,0,0,3.21,0,0,0.52,0,2.47,0,0,0.68,3.42,6.37,1.61,0,1.08,1.02,9.64,1.02,4.26,3.4,1.11,0,0,0,0.51,26.89,1.69,0,0,0.98,0,0,0,8.68,0,0,0,0.16,0.52,0,0,0,0,10.37,0.62,0.19,2.28,1.37,0.24,1.03,0.37,0.63,0.54,0.27,0.24,0.31,0.29,0.25,0.81,0.97,1.08,0.84,11.8,1.1,1.67,1.28,0.63,2.96,9.27,0,15.58,44.43,0.4,5.33,17.33,5.76,22.47,3.39,18.84,4.08,0.92,4.16,0,0,0,0,0,4.33,7.26,3.12,3.39,0,0,1.86],[0.62,7.32,0.84,1.41,1.86,0,1.77,4.42,0,0.97,0,0.12,3.03,0,0,0,24.59,31.45,21.91,0.75,8.08,2.6,1.34,36.38,8.12,3.26,6.69,0,0,8.65,7.05,1.35,0.35,0,0.77,0,20.42,0.91,2.49,3.19,2.32,1.99,2.1,0.73,1.19,5.08,10.74,0,0,8.97,1.3,0.3,4.69,1.28,0.6,0.89,0.54,0.68,0.72,0.36,0.47,0.79,0.4,0.34,1.22,1.56,0.99,0.9,15.79,1.26,2.17,1.48,1.34,5.14,44.46,15.58,0,234.03,9.1,98.27,5.14,0,0.56,0.75,0.16,3.3,0,5.32,1.35,3.25,0,0,0,10.93,29.7,2.11,0.1,0,0,0],[5.07,1.47,2.93,0.83,3.39,0,4.41,4.02,0.55,4.96,0.19,2.53,0.99,3.03,0,2.68,20.92,4.84,19.18,0.64,16.43,1.32,1.7,5.4,1.98,12.71,5.94,0,3.74,18.42,1.58,2.2,11.02,0.59,5.32,17.24,9.06,0,1.51,1.43,1.26,0.28,1.39,5.27,14.45,2.25,5.8,0,0,9.71,6.61,2.25,14.5,2.69,0.96,0.96,1.59,1.02,3.59,2.29,1.79,2.87,2.96,1.19,2.29,3.34,1.04,1.81,29.77,1.79,4.28,2.13,1.32,9.87,78.14,44.43,234.03,0,63.42,178.53,18.39,0.33,13.48,2.16,10.83,2.23,5.99,8.98,0.13,0.22,0,0.11,0,20.8,13.55,3.84,0.59,0.69,0.8,6.38],[0,0,0,0,0,0,0,0,0,0,0,0,0,0,0,0,0.18,12.85,0,0,0,0,0,0,0,0,0,0.21,11.16,583.33,14.2,0,2.63,0,0,0,0.27,0,0,0.98,0,0,0,1.17,4.08,0,0,0,0,3.72,0.28,0,1.19,0.47,0.17,0.34,0.17,0.24,0.24,0.1,0,0.12,0.12,0.1,0.36,0.45,0.44,0.39,5.08,0.38,0.83,0.64,0.53,1.65,4.01,0.4,9.1,63.42,0,52.59,0,0,0,0,0,0,0.91,0.2,0,0,0.78,0.29,0,0.77,2.06,0,0,0,0,0],[0.19,1.23,3.26,12.15,1.98,1.55,3.18,3.02,1.76,2.86,0,0.2,1.68,0.29,0.14,0.38,14.92,12.76,2.53,0,0,1.61,5.85,0,0,1.11,1.03,1.06,4.91,67.2,5.93,5.55,0.13,0.55,7.07,0.57,8.47,0,0.1,0.71,5.23,0.58,2.25,36.79,96.59,8.64,36.16,1,0.62,15.65,5.73,1.87,11.99,3.28,1.08,1.49,1.55,1.25,3.74,2.06,1.45,2.56,2.62,1.18,2.44,3.29,1.72,2.33,29.7,2.04,5.1,2.95,1.97,10.06,14.16,5.33,98.27,178.53,52.59,0,13.2,1.05,4.84,0.72,3.07,12.84,0.68,3.38,1.37,1.42,0,5.11,0,6.67,3.18,0.94,0.94,1.01,3.57,54.68],[2.49,0.61,0,0,0.2,0.25,1.06,1.77,0,5.08,29.71,1.64,0,2.63,0,5.44,12,8.58,2.2,0,0.34,3.83,6.19,12.12,4.24,1.9,0.87,0,0,0,0,0.64,0,0.16,0,0,0,0,0,0.76,0,0,0,0.32,0.86,0,0,10.89,0,4.29,5.33,1.75,8.69,2.08,0.74,0.44,1.39,0.66,4.11,2.13,1.12,2.26,2.54,1.14,1.97,3,0.39,1.54,17.85,1.26,3.39,1.25,0.72,6.88,1.8,17.33,5.14,18.39,0,13.2,0,6.51,0.79,8.21,0.14,4.38,2.35,7,0.61,1.3,0,1.13,0,8.29,0.54,2.73,0,0,0.5,0.9],[4.58,10.34,0.21,0,0.11,0,0,1.91,0.79,1.21,24.7,0.18,1.74,0.13,47.18,15.85,18.5,29.98,21.8,0.49,0.18,2.74,2.83,0.36,7.47,2.21,0,0,0,0,0,0,0.15,0,0,0,2.7,0.32,0,0.11,0.23,0,0,1.28,3.12,0,0,0,0,4.68,0.78,0.37,3.3,0.69,0.29,0.47,0.15,0.29,0.13,0.54,0.81,0.46,0.97,0.2,0.51,0.33,0.45,0.31,8.5,0.55,0.78,0.52,0.78,1.48,0.1,5.76,0,0.33,0,1.05,6.51,0,15.98,24.91,0.79,67.6,0,1.86,0,0,0,3.53,0.98,3.08,8.02,2.16,0.94,0,0,0],[0.23,7.39,0.53,0,3.43,0.37,17.41,11.32,6.79,32.83,4.04,3.34,1.64,4.88,5.22,13.99,33.69,1.85,3.17,0,0,3.41,2.27,42.67,1.34,9.43,0.18,0,0,0.17,0,0,0,0,0,0,0,0,0,0,0,0,0,0.98,1.7,0,0,0,0,3.25,6.02,3.02,21.21,1.4,1.11,0.35,0.28,0.4,0.35,4.06,5.87,3.2,7.6,0.96,1.12,0.2,0.29,0.35,32.83,0.47,1.31,0.4,0.57,3.47,38.81,22.47,0.56,13.48,0,4.84,0.79,15.98,0,25.83,10.3,126.66,5.44,6.63,0.43,0.11,0,0,0,5.56,31.27,4.06,1.83,0.99,0.21,0],[5.59,16.43,0.1,0.74,0.97,2.06,215.82,8.43,2.78,82.3,35.92,2.74,8.72,0.5,1.19,2.22,24.3,13.05,9.68,0,0.44,1.37,13.81,0.67,0,2.38,192.55,0,0,0,0,0.68,0,0,0,0,0,0,0,0,0,0,0,0.53,1.66,0,0,0,0,10.34,0.4,0,2.47,1.29,0.41,1.06,0.4,0.67,0.39,0.19,0.32,0.25,0.17,0.29,1.09,1.15,1.02,0.72,13.43,1.56,1.85,1.17,0.64,3.29,4.76,3.39,0.75,2.16,0,0.72,8.21,24.91,25.83,0,7.81,7.27,7.83,1.51,0.34,0.14,2.49,0,0,7.96,2.75,3.56,0.47,0,0.56,0],[0.14,6.03,0.58,0,2.6,0.36,8.37,9.06,5.47,23.35,1.46,2.31,0.26,4.14,4.35,11.56,27.34,0,2.47,0,0,2.83,0,36.21,0.15,7.25,0,0,0,0.24,0.12,0,0,0,0,0,0,0,0,0,0,0,0,0.73,1.1,0,0,0,0,2.84,4.98,2.37,17.04,1.13,1.02,0.31,0.21,0.34,0.27,3.77,5.49,2.84,7.07,0.76,0.9,0,0.25,0.3,26.85,0.3,1.07,0.31,0.48,2.46,32.66,18.84,0.16,10.83,0,3.07,0.14,0.79,10.3,7.81,0,106.39,4.57,5.06,0.5,0,0,0,0,4.17,26.7,3.62,2.08,1.26,0.75,0.11],[2.4,13.7,7.12,0,2.64,1.53,43.3,29.7,5.21,16.61,3.1,8.67,3.79,1.29,4.05,4.25,7.89,0.38,0.53,0,0.11,0.54,11.34,34.25,3.62,2.29,0.37,0,2.24,5.42,2.08,0,0,0,0,0,0,0,0,0,0,0,0,4.31,11.82,1.23,2.63,0,0,8.04,0.69,0,2.12,0.99,0.21,0.81,0.23,0.46,0.22,0.12,0.25,0.52,0.11,0.16,0.61,0.54,0.79,0.52,8,0.87,1.13,0.9,0.98,1.81,2.9,4.08,3.3,2.23,0,12.84,4.38,67.6,126.66,7.27,106.39,0,9.81,5.59,4.37,0.42,0.81,0,1.3,15.06,42.44,12.39,8.13,8.09,8.94,0.93],[11.31,0.63,0,0,0.89,0,2.78,0.65,0,0.95,0.89,0.35,0,0,0.7,1.17,2.11,4.72,0,68.17,44.49,0.28,0.1,1.32,0,0,0,0,0,0,0,0,0,0,0.13,0,0,0,0,0.91,0,0,0.95,0,0,0,0,0,0,13.62,0.41,0.12,2.09,1.67,0.22,1.36,0.23,0.71,0.2,0.21,0.34,0.26,0.34,0.19,0.69,0.52,1.36,0.89,11.43,1.12,1.62,1.44,0.93,2.25,9.88,0.92,0,5.99,0.91,0.68,2.35,0,5.44,7.83,4.57,9.81,0,32.02,0.21,0,10.17,2.21,0,8.28,36.56,1.94,0.11,0.84,0,1.75],[4.07,1.49,0,3.56,1.24,15.64,0.32,3.77,0.37,2.34,2.48,1.78,0.67,5.02,0.21,0.23,5.27,11.94,3.61,10.68,5.63,0.25,0,0.23,0,0,0.72,0,0,0,0,0,0,0,0,0,0,0,0,0,0,0,0.11,0.34,0.9,0,0,1.61,0,5.34,0.72,0.18,2.43,0.74,0.24,0.55,0.24,0.36,0.31,0.29,0.41,0.47,0.39,0.19,0.61,0.65,0.53,0.44,7.79,0.75,1.01,0.67,0.46,2,2.7,4.16,5.32,8.98,0.2,3.38,7,1.86,6.63,1.51,5.06,5.59,32.02,0,0.7,0,0.6,9.92,2.5,16.71,19.56,7.04,5.88,0.19,0,0.41],[5.79,0.58,0,0,0.24,0,4.83,0.34,0.54,0.68,14.24,0,0,0.11,0,0.21,0.33,0.53,0.44,0,0,0.84,0,0,0,0,0,0,0,0,0,0,0,0,0,0,0,0,0,0,0,0,0,0.1,0.25,0,0,0,0,3.86,3.33,1.1,7.3,1.34,0.66,0.43,0.88,0.57,2.41,1.6,1.38,1.65,2.14,0.83,1.78,2.33,0.34,1.02,16.08,1.39,2.35,0.86,0.81,4.97,0,0,1.35,0.13,0,1.37,0.61,0,0.43,0.34,0.5,4.37,0.21,0.7,0,140.93,103.69,14.99,49.68,10.31,3.3,0.54,0.13,0,1.11,0.24],[0.43,0.84,0,0,0.17,0,1.21,0.1,1.28,0.32,1.91,0,0,0.16,0,0.52,0.81,1.28,0.73,0,0,1.37,0,0,0,0,0,0,0,0,0,0,0,0,0,0,0,0,0,0,0,0,0,0.15,0.18,0,0,0,0,2.56,10.92,3.49,17.26,3.62,1.66,0.33,2.81,1.17,9.31,4.76,2.68,5.03,5.67,2.64,4.67,6.97,0.11,3.13,33.35,2.82,6.4,1.86,1.33,12.54,0,0,3.25,0.22,0,1.42,1.3,0,0.11,0.14,0,0.42,0,0,140.93,0,110.51,10.6,194.68,3,2.03,0.48,0,0,1.28,0.11],[3.91,2.22,1.86,1.69,0.35,0,21.44,0,0,6.24,2.03,0.82,1.44,0,0,0,0.82,2.69,0,0,0,0,0,0,0,0,0,0,0,0,0,0,0,0,0,0,0,0.8,0,0,0,0,0,14.43,38.71,0,0,0,0,3.22,4.34,1.35,8.22,1.63,0.88,0.38,1.29,0.7,3.72,1.89,1.23,2.04,2.21,1.15,2.47,3.48,0.26,1.4,18.72,1.83,3.19,1.05,0.97,6.87,0,0,0,0,0.78,0,0,0,0,2.49,0,0.81,10.17,0.6,103.69,110.51,0,5.41,232.17,2.01,0,2.51,1.69,0,6.01,0],[0,2.91,0.39,7.86,6.58,0,0,1.18,0,0,0,0,0,0,0,0,1.94,0,0.18,0,0,0,0,0,0,0,0,0,0,0,0,0,0,0,0,0,0,0,0,0,0,0,0,0,0,0,0,0,0,4.4,2.19,0.65,3.93,1.17,0.54,0.45,0.58,0.42,1.82,0.87,0.56,1.13,1.07,0.56,1.13,1.42,0.43,0.83,9.51,0.82,1.73,0.79,1,3.2,0,0,0,0.11,0.29,5.11,1.13,3.53,0,0,0,0,2.21,9.92,14.99,10.6,5.41,0,136.84,3.24,1.91,0,0.15,0,0,0],[0,0,0,0,0.27,0,0,0,0,0.73,0,0,0,0,0,0,0,0,0,0,0,1.43,0,0,0,0,0.69,0,0,0,0,0,0,0,0,0,0,0.24,0,0,0,0,0,0,0,0,0,0,0,1.38,1.97,0.59,3.78,0.71,0.44,0.16,0.58,0.31,1.64,0.84,0.56,0.96,0.96,0.52,1.12,1.56,0.1,0.61,8.5,0.84,1.46,0.47,0.41,3.13,0,0,0,0,0,0,0,0.98,0,0,0,1.3,0,2.5,49.68,194.68,232.17,136.84,0,11.9,12.16,1.96,0.37,0,3.08,0],[4.38,8.16,3.54,3.12,1.48,1.81,6.74,6.94,6.91,16.52,2.33,14.04,3.4,11.82,0,4.48,0.29,12.97,17.59,1.35,8.13,1.3,4.21,4.24,0.17,1.63,1.11,0,0,0,0,0,0.16,0,0,0,0,1.02,0,0,0,0,3.1,3.36,9.86,0.79,1.81,0.59,0,2.63,3.14,0.54,6.07,0.72,0.45,0.29,0.59,0.37,1.28,0.76,0.83,2.13,0.73,0.45,1.1,1.42,0.22,0.56,9.75,1.02,1.53,0.69,0.99,3.04,1.87,4.33,10.93,20.8,0.77,6.67,8.29,3.08,5.56,7.96,4.17,15.06,8.28,16.71,10.31,3,2.01,3.24,11.9,0,66.46,6.45,7.88,4.75,0.53,5.72],[0.86,3.36,1.67,0,16.07,1.04,0.95,9.05,0,6.15,14.72,1.78,42.42,1.83,0,0.56,4.19,2.59,0.63,0,0,1.06,0.89,0.33,18.55,1.09,0.91,0,0,0,0,0.93,0,0,0,0,0,1.82,0,3.3,0,0,1.84,3.64,3.49,0,0,0,0,8.9,0.73,0.14,3.9,1.17,0.6,0.94,0.52,0.69,0.57,0.28,0.48,0.51,0.25,0.39,1.56,1.61,0.85,0.71,14.92,1.79,2.08,1.12,2.03,4.38,5.68,7.26,29.7,13.55,2.06,3.18,0.54,8.02,31.27,2.75,26.7,42.44,36.56,19.56,3.3,2.03,0,1.91,12.16,66.46,0,19.08,6.99,0.34,5.78,0.85],[2.96,3.08,1.86,0.49,20.55,12.75,2.93,9.2,1.64,12.64,1.55,3.95,1.65,0.43,0.65,0.89,2.13,2.6,0.18,0,0,0.39,2.3,0,3.32,0.43,1.8,0,0,0,0,0,0,0,0,0,0,1.01,0,0,0,0,0,0.14,0.42,0,0,0,0.22,15.52,3.75,1.36,12.82,2.51,1.16,1.65,0.97,1.22,1.39,2.39,3.27,2.23,3.8,1.01,2.66,2.43,1.46,1.35,34.28,3.07,3.81,1.81,1.72,6.94,0.56,3.12,2.11,3.84,0,0.94,2.73,2.16,4.06,3.56,3.62,12.39,1.94,7.04,0.54,0.48,2.51,0,1.96,6.45,19.08,0,131.46,7.68,4.68,1.45],[0,1.16,1.52,0,48.59,81.18,0,0.48,0,3.38,0,0.66,3.36,0,0,0,0.5,0,0,0,0,0,0,0,0,0,0.99,0.12,0,0,0,0,0,0,0,0,0,0,0,0,0,0,0,0,0.22,0,0,0,0,11.25,0.18,0,1.28,1.39,0.21,1.15,0.21,0.59,0.19,0,0.16,0.14,0,0.17,0.66,0.52,1.09,0.67,9.17,1.08,1.32,1.06,0.76,1.86,2.66,3.39,0.1,0.59,0,0.94,0,0.94,1.83,0.47,2.08,8.13,0.11,5.88,0.13,0,1.69,0.15,0.37,7.88,6.99,131.46,0,3.74,4,2.03],[13.72,21.87,5.47,4.82,4.03,1.12,1.16,0.96,97.81,24.08,1.9,0,1.12,0,0,0.48,1.46,7.93,0,0,0,0.58,0,0,0,0,0,0,0,0,0,0,0,0,0,0,0,0,0,0,0,0,0,0,0,0,0,0,0,3.92,1.36,0.43,2.89,0.82,0.35,0.41,0.36,0.31,0.93,0.77,0.62,0.72,0.92,0.35,0.71,0.85,0.36,0.55,7.81,0.7,1.13,0.5,0.33,1.77,0,0,0,0.69,0,1.01,0,0,0.99,0,1.26,8.09,0.84,0.19,0,0,0,0,0,4.75,0.34,7.68,3.74,0,4.83,11.74],