{"data":[[0,715.87,1068.37,872.65,4302.38,187.21,93.18,390.74,480.77,379.69,43.34,21.93,190.97,140.13,5029.45,480.27,10.08,56.72,107.49,9.22,74.18,27.45,13.28,653.04,35.67,9.96,24.04,22.16,21.5,39.6,104.29,140.05,35.99,59.36,38.14,26.5,144.1,350.69,115.38,141.48,594.6,26.18,48.34,85.36,55.1,461.58,60.72,128.86,13.23,59.07,98.56,296.23,18.77,528.58,471.74,163.74,373.58,445.38,231.63,84.8,129.61,424.22,22.85,241.3,54.26,21.92,126.76,26.56,54.76,0.87,54.88,122.8,44,231.45,15.35,1967.47,43.91,106.65,5.6,101.49,76.92,51.05,67.79,6.18,24.94,40.74,22.68,141.65,141.62,65.75,5.33,7.86,296.97,54.27,115.95,93.42,53.32,410.52,642.08,539.11],[715.87,0,277.41,53.1,1279.39,168.48,24.8,133.31,423.76,118.77,49.29,307.18,614.3,48.88,210.26,57.54,7.75,123.39,19.26,11.25,19.96,7.12,13.98,149.94,1.24,10.88,42.08,46.75,11.66,8.6,62.35,34.84,2.41,24.48,89.13,29.19,49.41,147.43,29.99,32.82,31.56,7.5,9.46,18.76,21.27,127.8,24.95,40.28,5.79,13.02,21.58,61.56,6.27,112.76,143.92,67.25,100.56,123.33,57.71,27.22,41.4,154.43,9.22,74.59,23.41,9.14,29.6,9.88,22.96,10,46.41,17.34,3.63,12.18,31.02,189.91,13.52,32.67,23.45,134.72,94.98,61.35,69.32,2.44,6.09,39.58,22.39,44.2,153,29.02,2.82,0.19,18.96,4.67,47.91,15.38,10.47,47.39,192.61,160.2],[1068.37,277.41,0,34.34,655.43,103.36,7.04,34.74,203.21,62.86,18.49,71.36,114.18,10.28,50.85,12.13,2.64,31.63,5.1,4.08,4.27,1.28,3.88,51.17,0.42,2.68,11.07,13.96,5.26,3.59,30.29,7.98,1.65,6.97,23.72,7.85,15.83,45.37,9.58,11.9,8.61,2.8,2.42,4.6,3.95,34.95,4.34,9.6,0.92,4.56,7.55,22.71,1.37,40.77,34.8,11.61,28.01,33.37,17.49,6.24,9.49,30.7,1.56,17.34,3.61,1.46,9.43,1.81,3.84,2.66,17.92,7.77,0.8,3.27,9.62,107.01,4.22,9.11,6.51,82.94,60.54,39.06,41.75,0.71,1.71,10.01,4.8,12.71,28.55,7.17,0.69,0.11,8.46,1.51,24.22,9.76,6.19,13.25,60.97,77.39],[872.65,53.1,34.34,0,370.18,7.42,3.37,15.96,9.56,3.08,5.25,4.37,5.8,13.19,83.71,30.33,19.21,5.95,29.63,104.03,19,7.03,6.65,124.09,2.48,7.06,9.72,7.51,0.91,6.82,57.81,60.45,9.55,39.31,26.73,1.65,11.6,26.78,8.34,31.25,19.71,6.38,2.84,11.01,6.99,56.39,7.72,15.89,1.71,7.03,11.89,36.02,2.36,63.48,59.1,21.51,45.94,55,28.21,10.61,16.2,54.41,2.93,29.91,7.01,2.81,15.29,3.34,7.1,0.13,127.16,39.23,19.74,34.5,0,95.9,54.22,67.16,31.43,1.85,0.89,1,5.51,17.35,26.56,45.7,5.15,70.16,115.74,117.69,5.99,56.32,7.47,2.93,4.88,13.85,8.37,5.76,30.52,840.19],[4302.38,1279.39,655.43,370.18,0,744.05,108.36,472.78,2382.76,520.03,460.37,411.57,134.12,266.48,2065.99,1024.49,233.99,143.62,413.31,1174.28,270.52,170.04,102.82,1999.18,91.03,157.11,212.28,114.09,98.24,126.03,4223.25,753.87,185.04,439.8,487,137.41,372.54,894.89,272.95,510.76,255.89,103.59,76.75,230.95,142.07,1241.69,156.61,340.06,33.82,157.78,268.66,827.44,49.82,1446.64,1267.37,437.53,1005.8,1204.77,624.47,226.89,342.46,1133.74,57.45,619.77,132.24,53.21,332.27,65.07,141.65,41.29,1444.07,499.55,238.4,799.16,29.81,1287.7,757.86,692.83,361.99,96.72,67.5,78.41,137.61,184.04,296.25,584.03,644.32,835.14,1509.31,1508.28,88.82,689.83,188.55,90.58,327.53,183.64,112.95,199.84,966.72,5757.65],[187.21,168.48,103.36,7.42,744.05,0,155.95,416.51,107.85,80.49,37.3,15.36,394.54,1.99,6.62,1.9,1,0.67,3.04,0,0.82,2.69,1.1,15.49,0,1.02,5.34,65.58,0,0,10.11,5.11,0,1.38,92.26,1,5.19,18.22,3.4,0.48,44.34,0.11,0,75.11,3.67,38.96,3.91,9.99,0.79,5.16,9.05,29.15,1.42,49.45,38.13,11.41,31.69,37.94,20.16,6.71,9.9,31.88,1.36,17.41,2.8,1.15,10.46,1.53,3.46,0,0,0.45,0,0,0,1365.04,12.62,0.65,0,0.11,0,0,1.1,2.12,0.34,0,0,27.23,0,20.86,1.72,0.36,45.49,0.27,413.14,61.4,38.87,122.76,59.82,442.75],[93.18,24.8,7.04,3.37,108.36,155.95,0,633.94,52.66,14.53,4.4,11.76,19.54,1.92,126.97,21.8,5.79,12.19,11.38,6.25,6.69,5.31,1.03,23.9,5.88,3.99,7.8,3.83,1.24,2.15,12.7,10.24,1.58,4.2,8.98,7.19,12.34,29.55,6.85,11.62,4.52,1.95,2.5,45.11,3.15,31.71,3.38,8.2,0.7,4.06,7.27,23.71,1.19,39.55,31.96,10.29,25.96,31.23,16.35,5.62,8.26,27.91,1.19,14.32,2.48,1,8.35,1.29,3.07,1.08,27.56,8.81,6.04,12.64,2.63,212.92,1.28,9.45,4.06,0.7,0.43,0.77,1.09,1.65,0.71,4.75,6.37,20.27,3.97,13.06,1.05,0.54,19.54,10.4,63.9,7.18,6.35,1.85,21.26,10.54],[390.74,133.31,34.74,15.96,472.78,416.51,633.94,0,315.75,87.71,22.2,59.7,95.17,9.84,580.14,109.45,29.49,58.8,63.41,26,35.11,27.75,6.83,130.11,32.59,19.19,42.18,21.67,6.04,10.44,68.12,56.03,10.16,20.74,43.78,38.09,60.22,141,33.91,59.39,23.02,10.12,13,212.18,23.26,218.05,25.26,57.49,5.41,26.97,48.85,159.87,8.63,264.11,226.96,79.14,179.41,216.59,111.45,39.97,58.73,207.47,9,100.72,19.23,7.62,56.5,9.5,23.56,6.5,135.58,42.34,26.88,55.13,12.17,1281.5,6.21,58.95,18.23,2.92,1.79,3.22,5.28,8.36,3.58,21.79,30.81,106.01,20.41,66.24,5.43,5.78,93.96,44.49,256.21,32.74,28.46,11.88,106.59,68.52],[480.77,423.76,203.21,9.56,2382.76,107.85,52.66,315.75,0,497.12,581.61,1406.82,37.81,3.06,394.63,128.46,23.63,28.28,5.61,9.22,95.49,13.4,2.85,42.92,4.15,11.92,33.01,12.08,17.67,5.28,43.63,29.18,5.99,40.72,27.25,0.83,19.45,52.48,13.84,15.88,56.82,1.71,3.13,2.94,6.14,64.9,6.51,16.78,1.28,8.52,14.66,46.17,2.29,81.07,60.85,17.97,51.22,61.07,32.58,10.83,15.95,52.32,2.11,27.46,4.26,1.75,16.61,2.37,5.56,1.33,15.29,3.39,8.12,5.75,0.94,160.81,53.34,20.91,9.62,146.62,118.35,142.13,192.6,9.06,4.45,5.56,14,51.15,101.98,10.65,1.26,24.64,8.55,4.61,6.69,75.83,49.54,7.49,34.29,383.85],[379.69,118.77,62.86,3.08,520.03,80.49,14.53,87.71,497.12,0,577.99,543.97,6.13,0.2,177.36,59.06,6.27,6.03,0.62,3.22,23.74,3.33,0.56,7.87,3.95,3,9.83,3.64,0.85,3.16,35.63,6.13,0.78,18.4,6.54,0,4.28,12.46,3.08,3.43,14.55,0.29,0.87,0.47,1.8,21.58,1.87,5.45,0.33,2.96,4.97,15.44,0.69,27.88,18.84,4.67,16.7,19.78,10.83,3.37,4.96,14.9,0.57,8.64,1.06,0.45,5.58,0.68,1.47,0.19,2.07,0.53,1.91,1.11,0,141.15,14.25,0.22,1.21,64.26,51.76,54.25,69.92,2.23,1.8,0.17,2.86,9.89,2.27,2.29,0.26,12.49,3.39,2.6,0.79,77.45,49.48,3.49,13,420.16],[43.34,49.29,18.49,5.25,460.37,37.3,4.4,22.2,581.61,577.99,0,485.35,92.07,1.57,268.45,86.82,3.01,58.56,0,0,0.6,0.54,0.55,4.19,0.77,0,0,2.29,11.56,0,0.91,9.41,0.78,15.97,4.7,0.11,0.58,1.03,0.43,0.41,0.77,0,1.98,0.21,2.05,26,2.1,6.54,0.35,3.6,5.94,18.17,0.79,33.74,21.48,4.9,19.65,23.14,12.83,3.85,5.71,16.8,0.59,9.79,1.02,0.45,6.49,0.72,1.57,0.68,16.46,2.38,0,4.74,0.48,21.32,0,0.84,16.41,1.88,0.38,0.51,4.5,7.42,15.94,20.62,5.75,22.68,387.13,1.35,0.16,0,2.77,0,0.49,1.87,1.68,0,0.9,0.9],[21.93,307.18,71.36,4.37,411.57,15.36,11.76,59.7,1406.82,543.97,485.35,0,12.04,14.82,10.96,20.52,6.88,5.52,15.41,5.38,13.39,9.32,6.98,335.33,1.83,8.72,12.26,2.26,79.07,2.52,40.26,11.15,3.08,10.25,22.74,3.7,18.48,46.68,11.18,38.2,1.67,5.08,0,2.05,6.69,60.62,7.46,16.71,1.48,7.63,12.28,36.02,2.16,68.74,53.69,17.25,45.06,53.83,28.4,10.07,14.94,49.33,2.25,25.94,4.93,2.03,14.41,2.55,5.96,1.05,39.24,9.49,1.05,13.61,7.71,765.61,13.24,1008.89,17.13,1.16,0.89,1.47,17.79,3.84,3.76,6.12,8.01,14.44,83.85,20.68,4.1,0.93,28.95,0.65,0.29,13.19,9.2,0.81,30.84,63.52],[190.97,614.3,114.18,5.8,134.12,394.54,19.54,95.17,37.81,6.13,92.07,12.04,0,911.42,83.54,191.15,7.32,190.22,66.72,16.65,95.09,5.77,10.12,153.19,18.55,4.32,19.9,11.67,13.16,10.45,156.98,7.84,2.09,0.84,20.92,16.21,40.42,91.83,30.82,22.56,0,5.22,12.64,10.85,4.44,59.59,4.44,15.09,0.69,9.05,13.91,39.74,1.77,77.8,47.73,9.24,44.92,51.52,29.8,8.32,12.92,34.83,1.25,23.63,2.19,1.03,16.77,1.82,3.14,0.82,45.06,30,28.08,5.13,19.86,1097.39,15.34,4.92,19.3,6.61,5.94,5.48,34.38,0,53.86,24.57,42.1,47.88,165.84,237.73,42.9,0,110.71,35.78,62.72,40.97,36.17,32.8,9.92,68.88],[140.13,48.88,10.28,13.19,266.48,1.99,1.92,9.84,3.06,0.2,1.57,14.82,911.42,0,158.11,340.55,2.36,28.95,3.29,0.27,123.11,0.53,25.96,290.22,1.32,4.37,21.5,32.07,1.43,0.59,8.89,22.63,1.48,2.18,21.04,8.66,27.35,81.91,27.95,3.73,1.1,0.88,5.38,1.44,5.78,70.47,6.03,18.36,0.98,10.25,15.37,43.05,2.1,86.92,54.2,11.77,50.85,58.68,33.36,9.71,15.13,42.87,1.61,26.92,3.04,1.37,18.09,2.2,4.2,7.46,22.04,2.01,0,17.45,0.45,2.1,17.25,41.81,0.52,3.12,3.21,2.54,11.27,8.22,25.74,7.91,7.51,24,4.92,19.88,1.61,0.4,27.86,6.67,0,10.37,8.56,1.48,8.89,11.26],[5029.45,210.26,50.85,83.71,2065.99,6.62,126.97,580.14,394.63,177.36,268.45,10.96,83.54,158.11,0,702.79,341.38,105.88,237.06,43.74,211.24,17.33,38.87,284.86,5.93,85.31,48.67,73.58,32,33.5,300.44,6.44,7.19,60.66,25.25,842.97,396.31,821.76,222.42,27.44,15.94,6.43,9.7,4.41,4.85,55.07,5.05,14.72,0.85,8.21,11.95,32.33,1.69,67.07,42.81,9.52,39.88,45.69,26.22,7.69,12.13,34.68,1.39,22.06,2.75,1.23,14.47,1.9,3.59,116.98,232.54,25.64,6.45,127.04,74.29,35.49,6.93,576.39,96.11,188.73,182.96,126.05,355.37,59.64,8.64,240.1,26.38,326.89,57.48,436.72,59.79,3.32,433.96,73.56,131.5,106.65,92.53,387.82,173.55,431],[480.27,57.54,12.13,30.33,1024.49,1.9,21.8,109.45,128.46,59.06,86.82,20.52,191.15,340.55,702.79,0,788.08,406.01,119.38,82.35,153.12,171.79,40.66,303.67,1.59,14.24,30.24,19.76,10.66,7.35,119.7,18.98,29.43,303.61,82.15,226.5,156.27,330.05,86.19,11.35,33.76,2.32,8.67,3.33,2.72,43.8,2.52,10.93,0.29,7.06,10.24,27.87,1.16,57.98,31.46,4.4,31.71,35.46,21.36,5.34,8.62,21.91,0.56,15.45,0.64,0.38,12.01,0.99,1.53,10.28,44.97,20.62,140.64,28.32,11.53,6.4,4.32,153.42,146.91,12.31,10.71,10.11,63.79,16.09,3.83,72.12,14.71,88.97,231.59,73.5,6.2,18.02,62.78,8.37,47.98,32.16,27.2,28.21,29.62,94.45],[10.08,7.75,2.64,19.21,233.99,1,5.79,29.49,23.63,6.27,3.01,6.88,7.32,2.36,341.38,788.08,0,3.14,3.64,11.16,288.25,4.5,6.03,66.72,1.68,0.13,0.45,3.74,177.16,11.03,99.2,40.05,1.85,25,462.57,1.58,19.04,40.54,15.16,5.92,0.73,1.4,10.43,0.4,7.79,83.03,8.24,22.72,1.43,12.43,17.42,45.46,2.57,97.79,63.09,14.63,58.98,67.29,38.76,11.5,18.4,53.43,2.25,33.74,4.68,2.08,21.47,3.07,5.84,1.87,10.74,1.47,1120.74,0.33,22.01,26.93,14.15,249.46,92.41,5.92,7.12,7.35,9.81,0.61,0.54,1.89,7.47,19.11,41.79,8.18,0.6,11.43,22.26,6.64,0.28,0.38,0.29,1.12,12.81,5.35],[56.72,123.39,31.63,5.95,143.62,0.67,12.19,58.8,28.28,6.03,58.56,5.52,190.22,28.95,105.88,406.01,3.14,0,702.19,387.24,21.47,0.54,11.46,103.23,1.56,17.52,52.21,22.21,16.72,0.67,21.79,50.67,0.37,9.46,1.63,3.14,20.31,50.03,16.16,4.88,14.96,1.19,6.52,2.6,4.84,76.74,4.64,19.25,0.54,11.82,16.99,46.54,1.98,98.3,51.9,7.8,52.99,59.93,35.2,9.07,14.52,38.68,0.94,24.51,1.09,0.62,18.28,1.5,2.71,3.3,21.14,11.53,11.01,7.33,5.28,1343.53,18.04,10.32,0.94,6.48,8.1,7.16,10.14,2.78,5.36,4.67,9.6,5.61,97.53,28.41,4.37,7.85,40.49,0,2,4.9,2.87,7.15,2.87,199.48],[107.49,19.26,5.1,29.63,413.31,3.04,11.38,63.41,5.61,0.62,0,15.41,66.72,3.29,237.06,119.38,3.64,702.19,0,275.06,101.48,7,121.97,832.89,15.57,11.52,38.47,13.08,17.6,2.24,31.87,3.11,51.13,27.05,36.32,0.44,9.53,25.24,6.63,10.94,14.53,2.64,6.68,31.03,8.64,83.15,9.83,23.25,1.71,10.77,15.01,39.88,2.5,87.65,57.91,16.16,53.37,63,34.23,11.41,17.33,57.03,2.22,28.39,4.55,1.95,16.19,2.58,6.55,16.25,30.49,2.96,251.31,14.15,1.31,186.41,46.05,9.37,6.52,13.7,15.74,24.87,24.72,7.92,0.21,17.74,11.87,1.86,385.16,3.17,0.18,73.34,14.48,0,37.59,0.94,0.71,5.07,0.65,60.1],[9.22,11.25,4.08,104.03,1174.28,0,6.25,26,9.22,3.22,0,5.38,16.65,0.27,43.74,82.35,11.16,387.24,275.06,0,11.37,1.1,32.55,386.43,14.35,8.29,12.57,6.96,2.6,0,1.59,4.93,4.78,4.96,8.5,0.31,5.38,12.69,4.03,1.94,0.33,0.45,0.13,14.23,8.35,71.43,9.66,20.6,1.77,8.94,12.46,33.19,2.29,71.95,52.03,16.16,46.07,55.3,29.33,10.44,15.65,52.46,2.27,25.91,4.85,2.04,13.84,2.55,6.56,2.49,2.48,0.64,45.64,2.44,0.91,922.46,14.39,2.48,14.06,1.24,1.58,1.62,1.96,0.12,0,3.43,1.86,1.53,55.05,0.99,0.23,0.37,28.55,0,5.4,0.18,0.16,0,0.26,196.22],[74.18,19.96,4.27,19,270.52,0.82,6.69,35.11,95.49,23.74,0.6,13.39,95.09,123.11,211.24,153.12,288.25,21.47,101.48,11.37,0,8.05,35.32,425.65,6.15,0.97,4.34,19.09,59.86,103.12,9.45,17.09,53.49,37.88,6.88,26.95,36.13,123.34,19.27,16.66,1.12,1.97,1,4.05,37.84,302.59,43.03,89.38,8.25,39.43,53.87,138.54,10.24,305.23,230.53,72.3,201.82,239.96,128.77,45.84,70.76,229.32,11.6,127.02,26.64,11.26,66.23,13.83,30.59,26.15,8.82,8.15,34.48,0.9,0,837.62,0.82,64.97,7.59,60.32,80.15,57.74,169.59,18.64,10.84,7.64,5.21,39.9,117.91,108.96,5.46,0,48.23,2.16,74.84,115.68,69.2,0.65,20.53,40.06],[27.45,7.12,1.28,7.03,170.04,2.69,5.31,27.75,13.4,3.33,0.54,9.32,5.77,0.53,17.33,171.79,4.5,0.54,7,1.1,8.05,0,135.14,905.32,0.68,8.13,10.9,9.51,15.25,132.41,904.26,80.29,0.6,2.8,31.37,1.95,1.82,4.23,1.42,0.22,0.38,0,20.27,7.89,2.14,34.02,1.97,8.97,0.18,5.57,7.17,17.31,0.81,41.57,20.41,2.56,22.17,24.02,14.88,3.53,6.08,16.54,0.33,10.6,0.34,0.22,8.42,0.68,1.07,0.23,369.73,31,162.44,4.17,0.38,26.59,3.79,14.4,18.69,43.47,89.54,68.12,189.49,0.32,0.57,6.79,11.07,3.93,12.45,8.71,1.18,0.42,7.75,0.1,45.84,8.13,5.04,0.55,0.35,2.54],[13.28,13.98,3.88,6.65,102.82,1.1,1.03,6.83,2.85,0.56,0.55,6.98,10.12,25.96,38.87,40.66,6.03,11.46,121.97,32.55,35.32,135.14,0,1714.09,212.05,81.1,339.28,23.13,7.19,5.44,6.85,33.5,0.95,6.89,96.71,5.44,12.5,32.34,6.54,3.73,3.99,0.6,4.87,7.67,6.65,30.5,8.35,10.73,1.76,2.35,3.09,7.99,1.33,17.53,25.52,13.22,17.96,24.4,10.64,6.1,8.58,34.32,2.14,14.68,5.3,2.15,4.21,2.14,5.91,2.81,56.41,26.75,42.94,323.27,2.75,69.38,45.31,33.05,0.8,0.89,0.94,2.31,9.42,24.01,2.71,8.5,5.68,61.92,11.45,20.73,2.88,1.59,21.75,11.28,1.94,134.01,91.29,36.3,34.36,1.23],[653.04,149.94,51.17,124.09,1999.18,15.49,23.9,130.11,42.92,7.87,4.19,335.33,153.19,290.22,284.86,303.67,66.72,103.23,832.89,386.43,425.65,905.32,1714.09,0,2486.58,937.03,2865.33,243.53,108.09,41.66,137.22,319.92,15.57,142.32,1183.97,44.25,109.84,333.37,62.51,70.65,35.61,14.76,49.36,99.09,65.78,607.73,76.82,173.71,13,78.28,102.8,263.1,17.71,600.18,395.57,112.02,368.99,438.61,238.23,79.81,122.45,404.17,16.3,202.29,33.81,14.63,114.21,19.23,48.06,32.16,640.9,192.93,474.65,2397.69,17.77,2042.77,481.77,272.22,7.87,43.01,57.56,51.39,136.51,234.58,76.39,61.78,98.48,736.51,153.63,602.01,113.28,18.35,437.91,267.94,25.83,1789.46,1095.31,235.07,260.78,24.92],[35.67,1.24,0.42,2.48,91.03,0,5.88,32.59,4.15,3.95,0.77,1.83,18.55,1.32,5.93,1.59,1.68,1.56,15.57,14.35,6.15,0.68,212.05,2486.58,0,63.34,98.17,10.54,6.47,0.62,16.07,12.34,6.66,26.68,83.8,0.65,29.24,84.34,22.45,31.48,21.05,4.3,19.57,4.83,6.22,54.26,7.58,15.73,1.28,6.63,8.5,21.61,1.58,50.08,34.5,10.63,31.6,38.1,20.26,7.19,10.82,37.57,1.54,17.55,3.27,1.39,9.34,1.74,4.65,0,20.37,2.68,6.9,20.03,0,16.07,28.84,6.79,2.3,0.11,0,0.14,0.13,0,0,0.78,4.35,9.13,4.93,4.36,0.81,0.84,1.65,3.49,0,1.22,0.75,10.6,1.1,11.87],[9.96,10.88,2.68,7.06,157.11,1.02,3.99,19.19,11.92,3,0,8.72,4.32,4.37,85.31,14.24,0.13,17.52,11.52,8.29,0.97,8.13,81.1,937.03,63.34,0,570.17,39.51,95.43,3.64,3.65,3.68,0.16,3.37,1.42,0.4,25.88,61.3,20.12,5.35,0.77,0.88,0,0,10.06,62.2,12.87,19.78,2.39,6.13,7.64,19.43,2.11,45.02,42.33,17.72,34.26,44.29,21.41,9.78,13.8,54.22,2.65,22.13,6.09,2.52,8.85,2.7,8.06,1.38,1.74,3.99,0,2.11,0,858.69,0.12,0.63,0.78,25.9,35.94,26.84,53.19,1.06,0.2,0.75,0.91,7.32,0.94,9.41,0.47,0.36,11.02,0,0,5.71,3.58,0.74,2.66,0.97],[24.04,42.08,11.07,9.72,212.28,5.34,7.8,42.18,33.01,9.83,0,12.26,19.9,21.5,48.67,30.24,0.45,52.21,38.47,12.57,4.34,10.9,339.28,2865.33,98.17,570.17,0,153.01,301.3,2.73,22.46,16.8,1.06,4.82,7.68,0.86,62.35,156.9,40.15,28.76,4.18,4.59,0.18,0.52,3.87,43.35,4.66,11.97,0.66,5.61,6.88,17.1,1.05,41.55,23.38,5.62,23.64,27.72,15.34,4.73,7.37,24.92,0.76,11.47,1.4,0.63,7.08,0.93,2.54,3.58,13.06,6.3,0.36,11.37,0.1,230.08,0.53,2.86,2.58,12.68,16.45,14.19,41.35,5.2,0.98,1.94,4.58,28.25,4.87,24.64,1.52,0.1,6.95,0.18,0.23,3.23,2.48,3.23,5.7,2.5],[22.16,46.75,13.96,7.51,114.09,65.58,3.83,21.67,12.08,3.64,2.29,2.26,11.67,32.07,73.58,19.76,3.74,22.21,13.08,6.96,19.09,9.51,23.13,243.53,10.54,39.51,153.01,0,72.33,7.14,31.86,137.16,11.46,43.46,24.16,1.45,27.51,81.02,16.46,13.06,37.83,2.51,25.85,12.39,8.41,109.08,10.51,29.82,1.23,13.92,15.67,37.91,2.24,97.36,48.64,10.33,52.44,61.54,34,9.97,15.72,55.44,1.34,23.21,2.1,1,15.17,1.69,4.99,9.43,96.91,8.47,25.75,14.39,2.33,279.09,3.46,3.7,8.69,2.64,3.05,3.39,14.98,11.71,1.55,4.32,1.53,17.98,18.02,65.26,7.73,2.93,63.16,1.72,25.88,1.07,0.88,15.42,27.71,2.38],[21.5,11.66,5.26,0.91,98.24,0,1.24,6.04,17.67,0.85,11.56,79.07,13.16,1.43,32,10.66,177.16,16.72,17.6,2.6,59.86,15.25,7.19,108.09,6.47,95.43,301.3,72.33,0,44.94,26.76,675.87,5.45,86.47,120.24,0.73,7.54,16.31,6.02,9.72,0.66,2.36,4.73,1.87,12.19,83.15,15.03,25.94,2.54,9.03,10.2,24.84,2.37,62.41,45.44,16.64,41.37,53.09,26.55,10.67,15.56,61.7,2.48,23.44,5.12,2.21,11.09,2.52,8.32,0.5,5.36,3.62,0.71,4.09,0,59.6,66.33,12.27,7.81,0.11,0.13,0.17,1.16,1.08,2.02,0.59,2.09,18.89,6.42,3.77,0.37,2.96,5.97,10.64,17.8,2.4,1.54,1.36,0.73,24.75],[39.6,8.6,3.59,6.82,126.03,0,2.15,10.44,5.28,3.16,0,2.52,10.45,0.59,33.5,7.35,11.03,0.67,2.24,0,103.12,132.41,5.44,41.66,0.62,3.64,2.73,7.14,44.94,0,643.64,367.45,1.53,17.17,5.13,0,8.86,27,6.65,1.14,4.98,0.26,1.46,4.89,4.41,43.01,4.58,12.6,0.72,6.45,7.8,17.92,1.17,45.43,25.99,5.71,26.48,29.74,17.52,5.04,8.35,26.87,0.94,14.65,1.86,0.86,9.59,1.32,2.84,9.54,83.53,8.56,3.59,21.82,0,366.43,41.7,3.02,74.33,18.02,26.32,29.26,93.44,4.55,1.41,1.56,23.79,3.01,25.66,3.22,0.44,2.67,18.22,1.03,3.99,0,0,1.96,0.18,0.19],[104.29,62.35,30.29,57.81,4223.25,10.11,12.7,68.12,43.63,35.63,0.91,40.26,156.98,8.89,300.44,119.7,99.2,21.79,31.87,1.59,9.45,904.26,6.85,137.22,16.07,3.65,22.46,31.86,26.76,643.64,0,2664.2,17.17,9.9,15.25,0,40.04,152.24,21.86,36.86,8.14,4.88,43.54,29.8,16.07,126.24,17.42,38.25,3.21,17.53,22.02,52.68,3.99,126.82,86.03,24.74,80.52,94.32,52.16,17.45,27.81,91.05,4.27,49.88,9.54,4.14,27.65,5.3,11.68,32.95,307.57,44.88,165.93,15.15,11.13,3016.19,127.9,15.62,289.97,24.56,51.22,40.14,116,32.33,22.35,24.2,14.77,9.4,3.07,118.46,12.61,37.93,30.07,4.26,26.13,146.05,80.85,4.02,54.53,65.09],[140.05,34.84,7.98,60.45,753.87,5.11,10.24,56.03,29.18,6.13,9.41,11.15,7.84,22.63,6.44,18.98,40.05,50.67,3.11,4.93,17.09,80.29,33.5,319.92,12.34,3.68,16.8,137.16,675.87,367.45,2664.2,0,17.39,65.46,115.32,27.91,23.67,51.85,14.48,46.62,58.07,10.7,20.49,7.65,6.38,61.86,6.88,18.31,1.03,8.88,10.06,23,1.55,59.64,33.28,7.56,34.46,39.49,22.72,6.7,10.94,37.15,1.21,18.3,2.27,1.05,11.81,1.62,3.89,17.08,341.31,56.13,30.38,47.82,0.7,284.16,115.86,4.62,8.18,3.55,6.29,5.01,13.35,14.35,31.4,17.68,26.13,90.32,208.1,65.53,4.62,0.45,47.64,2.65,245.07,3.94,3.5,29.36,23.53,4.5],[35.99,2.41,1.65,9.55,185.04,0,1.58,10.16,5.99,0.78,0.78,3.08,2.09,1.48,7.19,29.43,1.85,0.37,51.13,4.78,53.49,0.6,0.95,15.57,6.66,0.16,1.06,11.46,5.45,1.53,17.17,17.39,0,25.6,125.12,4.45,33.98,131.26,21.81,35.96,130.02,8.09,28.97,10.28,9.01,68.02,10.65,21.94,1.27,7.37,3.84,7.71,0.99,28.13,11.41,4.3,15.29,25.08,9.53,3.75,6.33,33.57,0.61,5.87,0.76,0.43,3.38,0.69,3.31,0.1,24.37,6.93,1.16,5.82,10.12,645,20.25,0.35,5,0.22,0,0,0.42,2.02,5.42,2.07,9.55,6.12,0.74,34.55,6.22,1.17,7.34,2.99,91.33,0.23,0.13,0.37,4.44,1.05],[59.36,24.48,6.97,39.31,439.8,1.38,4.2,20.74,40.72,18.4,15.97,10.25,0.84,2.18,60.66,303.61,25,9.46,27.05,4.96,37.88,2.8,6.89,142.32,26.68,3.37,4.82,43.46,86.47,17.17,9.9,65.46,25.6,0,103.51,8.58,17.21,66.15,10.97,74.99,50.89,15.47,63.53,20.3,7.99,90.71,9.03,27.83,0.93,12.05,9.7,19.48,1.42,63.38,26.16,5.11,32.64,39.24,21.07,6.17,9.95,45.3,0.73,13.77,0.93,0.51,9.88,1.14,3.57,3.76,29.43,14.83,11.08,58.28,0.28,1329.47,6.61,4.05,71.83,2.21,2.82,2.8,10.99,7.97,4.91,7.6,1.65,16.05,19.61,52.53,2.35,171.8,9.39,1.72,14.78,1.1,0.84,29.66,0.12,11.56],[38.14,89.13,23.72,26.73,487,92.26,8.98,43.78,27.25,6.54,4.7,22.74,20.92,21.04,25.25,82.15,462.57,1.63,36.32,8.5,6.88,31.37,96.71,1183.97,83.8,1.42,7.68,24.16,120.24,5.13,15.25,115.32,125.12,103.51,0,3.62,198.2,411.17,111.25,76.82,1.84,17.66,38.47,123.89,9.74,78.17,9.62,27.61,1.1,10.82,5.49,8.6,1,37.48,13.72,3.55,19.5,25.98,12.76,4.3,6.87,43.64,0.63,9.31,0.78,0.46,7.48,1.11,3.76,17.23,318.83,368.17,0.78,19.51,121.8,902.98,38.3,0.35,135.19,30.66,44.36,36.78,123,0,52.62,33.38,33.61,2.22,21.27,239.93,14.27,1.47,171.68,18.05,322.89,0.57,0.46,153.96,31.34,3.28],[26.5,29.19,7.85,1.65,137.41,1,7.19,38.09,0.83,0,0.11,3.7,16.21,8.66,842.97,226.5,1.58,3.14,0.44,0.31,26.95,1.95,5.44,44.25,0.65,0.4,0.86,1.45,0.73,0,0,27.91,4.45,8.58,3.62,0,1501.78,3808.41,820.04,10.95,5.78,2.09,1.05,13.59,20.02,108.5,19.88,39,2.68,12.82,4.3,6.6,1.66,32.45,11.59,6.7,18.75,37.15,11.52,5.05,10.17,56.63,1.17,8.63,1.37,0.87,5.51,1.33,6.51,0.18,12.44,2.72,0.3,5.67,0.7,3.81,0.89,0,0,0,0,0.4,0,1.11,10.15,5.35,5.33,1.9,40.69,1.88,0,0,6.31,0.92,9.74,1.25,1.07,0,13.38,1.12],[144.1,49.41,15.83,11.6,372.54,5.19,12.34,60.22,19.45,4.28,0.58,18.48,40.42,27.35,396.31,156.27,19.04,20.31,9.53,5.38,36.13,1.82,12.5,109.84,29.24,25.88,62.35,27.51,7.54,8.86,40.04,23.67,33.98,17.21,198.2,1501.78,0,3382.91,775.4,241.65,149.94,42.72,9.45,24.53,14.11,92.69,14.12,33.02,1.74,11.79,4.18,6.3,1.18,31.66,10.43,4.49,16.78,29.68,10.42,4.36,7.57,48.17,0.76,7.19,0.83,0.54,5.03,1.09,4.69,10.72,131.97,39.02,16.7,69.97,11.32,242.91,15.62,33.44,6.97,39.36,53.28,42.21,152.68,20.82,6.86,11.65,23.28,28.86,12.54,42.61,7.37,1.54,26.61,4.56,4.69,32.14,27.9,16.37,66.92,17.77],[350.69,147.43,45.37,26.78,894.89,18.22,29.55,141,52.48,12.46,1.03,46.68,91.83,81.91,821.76,330.05,40.54,50.03,25.24,12.69,123.34,4.23,32.34,333.37,84.34,61.3,156.9,81.02,16.31,27,152.24,51.85,131.26,66.15,411.17,3808.41,3382.91,0,3436.08,761.54,334.83,139.94,21.53,58.8,83.52,490.68,84.8,173.31,10.93,57.7,19.11,30.1,6.91,147.78,50.52,27.34,82.71,163.59,50.83,22.31,43.12,247.8,4.59,35.2,5.03,3.28,22.22,5.54,26.69,20.17,274.24,75.3,36.97,145.76,20.26,2095.79,36.98,78,13.87,173.89,257.4,191.37,476.97,35.66,18.6,23.06,50.03,65.38,24.68,263.17,53.98,4.41,104.89,17.3,15.49,59.09,50.54,33.89,135.74,32.63],[115.38,29.99,9.58,8.34,272.95,3.4,6.85,33.91,13.84,3.08,0.43,11.18,30.82,27.95,222.42,86.19,15.16,16.16,6.63,4.03,19.27,1.42,6.54,62.51,22.45,20.12,40.15,16.46,6.02,6.65,21.86,14.48,21.81,10.97,111.25,820.04,775.4,3436.08,0,208.61,127.21,33.18,7.84,19.8,34.92,145.2,35.36,51.38,5.13,13.41,4.01,7.91,2.88,32.05,13.71,12.36,22.84,57.42,13.89,6.59,17.13,73.25,2.06,9.92,2.25,1.49,4.06,1.55,10.5,8.17,87.81,27.19,12.82,51.53,8.64,127.27,9.33,27.96,5.49,20.47,27.47,22.54,80.19,15.79,4.89,9.56,15.23,19.53,8.79,24.11,3.76,0.96,17.07,3.37,2.75,24.54,21.34,13.31,38.5,13.53],[141.48,32.82,11.9,31.25,510.76,0.48,11.62,59.39,15.88,3.43,0.41,38.2,22.56,3.73,27.44,11.35,5.92,4.88,10.94,1.94,16.66,0.22,3.73,70.65,31.48,5.35,28.76,13.06,9.72,1.14,36.86,46.62,35.96,74.99,76.82,10.95,241.65,761.54,208.61,0,2598.17,125.58,38.18,70.39,71.74,420.64,77.62,142.61,9.44,43.98,10.68,18.96,5.48,91.64,28.06,21.15,52.33,132.29,31.32,15.64,33.93,184.22,3.25,18.03,2.85,2.17,9.1,3.52,20.17,1.04,474.4,29.88,158.22,22.38,0.22,23.93,30.05,3726.65,0.97,0.16,0,0.15,1.08,0.52,5.02,13.54,19.03,66.01,69.88,7.43,0.55,8.24,23.8,11.46,0.74,3.12,2.35,10.24,23.16,8.44],[594.6,31.56,8.61,19.71,255.89,44.34,4.52,23.02,56.82,14.55,0.77,1.67,0,1.1,15.94,33.76,0.73,14.96,14.53,0.33,1.12,0.38,3.99,35.61,21.05,0.77,4.18,37.83,0.66,4.98,8.14,58.07,130.02,50.89,1.84,5.78,149.94,334.83,127.21,2598.17,0,1244.35,5.44,73.06,8.14,57.71,9.07,19.31,1,6.4,1.7,2.98,0.62,14.64,4.16,2.35,7.48,17.03,4.39,2.18,3.95,25.24,0.34,2.37,0.29,0.22,1.32,0.47,2.36,48.37,77.65,14.56,0.11,41.35,1.83,1901.78,2.53,0.23,0,5.93,8.12,6.74,26.67,0,24.2,9.27,6.36,14.33,202.39,32.1,5.35,4.84,50.62,0.49,148.43,0.44,0.39,0,7.1,1.93],[26.18,7.5,2.8,6.38,103.59,0.11,1.95,10.12,1.71,0.29,0,5.08,5.22,0.88,6.43,2.32,1.4,1.19,2.64,0.45,1.97,0,0.6,14.76,4.3,0.88,4.59,2.51,2.36,0.26,4.88,10.7,8.09,15.47,17.66,2.09,42.72,139.94,33.18,125.58,1244.35,0,8.85,16.49,11.53,65.41,12.68,22,1.56,6.51,1.65,3.14,0.9,14.21,4.63,3.57,8.36,21.34,5,2.49,5.56,28.87,0.53,2.78,0.47,0.35,1.28,0.52,3.24,0.24,106.38,6.08,25.47,4.43,0,5.6,5.56,949.02,0.21,0,0,0,0.25,0.12,0.46,2.74,4.34,15.76,12.83,1.69,0.12,1.94,2.45,1.26,0.17,0.44,0.36,2.39,4.04,1.98],[48.34,9.46,2.42,2.84,76.75,0,2.5,13,3.13,0.87,1.98,0,12.64,5.38,9.7,8.67,10.43,6.52,6.68,0.13,1,20.27,4.87,49.36,19.57,0,0.18,25.85,4.73,1.46,43.54,20.49,28.97,63.53,38.47,1.05,9.45,21.53,7.84,38.18,5.44,8.85,0,1197.31,7.96,73.35,10.8,22.58,0.96,7.42,1.58,2.8,0.59,14.24,3.85,2.16,7.2,18.04,4.28,2.11,3.68,26.13,0.3,2.05,0.24,0.19,1.12,0.44,2.21,1.93,9.38,4.75,2.51,0.18,2.85,584.11,3.69,0.14,10.67,0.47,0.45,0.59,4.35,1.27,0.99,6.62,0.95,3.14,34.4,16.92,1.06,1.07,8.45,0.99,0.93,0,0,0,23.77,0.17],[85.36,18.76,4.6,11.01,230.95,75.11,45.11,212.18,2.94,0.47,0.21,2.05,10.85,1.44,4.41,3.33,0.4,2.6,31.03,14.23,4.05,7.89,7.67,99.09,4.83,0,0.52,12.39,1.87,4.89,29.8,7.65,10.28,20.3,123.89,13.59,24.53,58.8,19.8,70.39,73.06,16.49,1197.31,0,6.19,95.1,9.78,27.87,0.58,10.14,2.19,3.65,0.44,20.2,4.41,1.4,8.53,19.25,4.75,2.4,2.89,29.72,0.17,2.16,0.12,0.1,1.42,0.51,1.86,15.62,77.28,42.36,0.68,20.4,0.53,480.07,21.32,0.48,0.48,0.49,0.6,0.5,2.47,0.14,24.91,1.27,4.24,13.69,12.65,0.17,0,0.56,21,0.55,4.79,1.22,0.78,1.39,46.19,3.12],[55.1,21.27,3.95,6.99,142.07,3.67,3.15,23.26,6.14,1.8,2.05,6.69,4.44,5.78,4.85,2.72,7.79,4.84,8.64,8.35,37.84,2.14,6.65,65.78,6.22,10.06,3.87,8.41,12.19,4.41,16.07,6.38,9.01,7.99,9.74,20.02,14.11,83.52,34.92,71.74,8.14,11.53,7.96,6.19,0,0,0,0,0,0,0,0,0,0,0,0,0,0,0,0,0,0,0,0,0,0,0,0,0,3.1,27.76,3.54,7.3,11.79,3.04,5.09,1.63,1.23,5.4,1.35,2.33,1.41,2.49,2.15,1.48,0.75,3.97,7.9,2.4,8.38,3.28,5.17,26.1,2.21,2.57,22.53,14.25,5.49,23.37,6.55],[461.58,127.8,34.95,56.39,1241.69,38.96,31.71,218.05,64.9,21.58,26,60.62,59.59,70.47,55.07,43.8,83.03,76.74,83.15,71.43,302.59,34.02,30.5,607.73,54.26,62.2,43.35,109.08,83.15,43.01,126.24,61.86,68.02,90.71,78.17,108.5,92.69,490.68,145.2,420.64,57.71,65.41,73.35,95.1,0,0,0,0,0,0,0,0,0,0,0,0,0,0,0,0,0,0,0,0,0,0,0,0,0,29.09,200.75,42.7,50.94,108.42,33.93,46.02,27.19,22.26,46.98,13.03,18.14,14.39,28.55,22.35,19.77,12.15,46.77,89.65,29.82,97.67,18.52,45.65,174.02,30.23,25.66,145.04,84.54,49.11,186.96,75.49],[60.72,24.95,4.34,7.72,156.61,3.91,3.38,25.26,6.51,1.87,2.1,7.46,4.44,6.03,5.05,2.52,8.24,4.64,9.83,9.66,43.03,1.97,8.35,76.82,7.58,12.87,4.66,10.51,15.03,4.58,17.42,6.88,10.65,9.03,9.62,19.88,14.12,84.8,35.36,77.62,9.07,12.68,10.8,9.78,0,0,0,0,0,0,0,0,0,0,0,0,0,0,0,0,0,0,0,0,0,0,0,0,0,3.01,27.28,3.12,6.88,10.78,2.72,4.92,1.32,1.04,5.69,1.36,2.4,1.37,2.35,1.99,1.26,0.63,3.6,7.35,2.16,7.75,3.5,5.25,27.84,2.01,2.58,24.23,15.4,5.71,25.88,6.73],[128.86,40.28,9.6,15.89,340.06,9.99,8.2,57.49,16.78,5.45,6.54,16.71,15.09,18.36,14.72,10.93,22.72,19.25,23.25,20.6,89.38,8.97,10.73,173.71,15.73,19.78,11.97,29.82,25.94,12.6,38.25,18.31,21.94,27.83,27.61,39,33.02,173.31,51.38,142.61,19.31,22,22.58,27.87,0,0,0,0,0,0,0,0,0,0,0,0,0,0,0,0,0,0,0,0,0,0,0,0,0,9.09,66.17,13.45,17.54,35.12,9.87,13.79,7.13,5.62,13.64,3.64,5.45,4.06,7.92,6.41,5.47,3.24,13.13,25.43,8.25,26.96,6.15,13.16,53.96,7.82,7.05,45.32,27.21,13.65,53.46,19.4],[13.23,5.79,0.92,1.71,33.82,0.79,0.7,5.41,1.28,0.33,0.35,1.48,0.69,0.98,0.85,0.29,1.43,0.54,1.71,1.77,8.25,0.18,1.76,13,1.28,2.39,0.66,1.23,2.54,0.72,3.21,1.03,1.27,0.93,1.1,2.68,1.74,10.93,5.13,9.44,1,1.56,0.96,0.58,0,0,0,0,0,0,0,0,0,0,0,0,0,0,0,0,0,0,0,0,0,0,0,0,0,0.43,4.63,0.32,1.13,1.61,0.41,0.87,0.11,0,1.07,0.26,0.5,0.25,0.37,0.35,0.17,0,0.62,1.34,0.36,1.3,0.81,1.09,6.51,0.32,0.51,5.74,3.74,1.23,5.68,1.27],[59.07,13.02,4.56,7.03,157.78,5.16,4.06,26.97,8.52,2.96,3.6,7.63,9.05,10.25,8.21,7.06,12.43,11.82,10.77,8.94,39.43,5.57,2.35,78.28,6.63,6.13,5.61,13.92,9.03,6.45,17.53,8.88,7.37,12.05,10.82,12.82,11.79,57.7,13.41,43.98,6.4,6.51,7.42,10.14,0,0,0,0,0,0,0,0,0,0,0,0,0,0,0,0,0,0,0,0,0,0,0,0,0,4.56,31.09,7.79,8.2,19.54,6.21,7.53,5.09,3.87,7.02,2.05,2.78,2.46,4.93,4,3.85,2.62,9.57,18.49,6.11,18.04,2.4,7.3,23.48,5.5,4.16,18.93,10.43,7.28,24.52,11.3],[98.56,21.58,7.55,11.89,268.66,9.05,7.27,48.85,14.66,4.97,5.94,12.28,13.91,15.37,11.95,10.24,17.42,16.99,15.01,12.46,53.87,7.17,3.09,102.8,8.5,7.64,6.88,15.67,10.2,7.8,22.02,10.06,3.84,9.7,5.49,4.3,4.18,19.11,4.01,10.68,1.7,1.65,1.58,2.19,0,0,0,0,0,0,0,0,0,0,0,0,0,0,0,0,0,0,0,0,0,0,0,0,0,4.83,32.28,7.89,7.93,20.88,7.8,9.52,6.77,5.32,9.49,2.99,3.82,3.35,6.6,5.3,5.06,3.53,12.93,25.1,8.37,24.49,3.34,10.49,35.47,8.04,6.21,29.03,16.17,11.44,39.28,18.19],[296.23,61.56,22.71,36.02,827.44,29.15,23.71,159.87,46.17,15.44,18.17,36.02,39.74,43.05,32.33,27.87,45.46,46.54,39.88,33.19,138.54,17.31,7.99,263.1,21.61,19.43,17.1,37.91,24.84,17.92,52.68,23,7.71,19.48,8.6,6.6,6.3,30.1,7.91,18.96,2.98,3.14,2.8,3.65,0,0,0,0,0,0,0,0,0,0,0,0,0,0,0,0,0,0,0,0,0,0,0,0,0,9.91,62.95,14.38,13.98,38.79,16.8,21.42,16.09,13.32,23.52,7.87,9.54,8.26,15.89,12.34,11.52,8.12,29.9,58,19.76,59.03,8.35,26.71,95.02,21.16,16.73,78.96,43.96,32.61,113.11,53.83],[18.77,6.27,1.37,2.36,49.82,1.42,1.19,8.63,2.29,0.69,0.79,2.16,1.77,2.1,1.69,1.16,2.57,1.98,2.5,2.29,10.24,0.81,1.33,17.71,1.58,2.11,1.05,2.24,2.37,1.17,3.99,1.55,0.99,1.42,1,1.66,1.18,6.91,2.88,5.48,0.62,0.9,0.59,0.44,0,0,0,0,0,0,0,0,0,0,0,0,0,0,0,0,0,0,0,0,0,0,0,0,0,0.69,5.51,0.91,1.31,2.81,0.98,1.42,0.72,0.56,1.54,0.45,0.67,0.47,0.85,0.71,0.58,0.37,1.58,3.15,1,3.13,0.83,1.69,7.8,0.96,0.92,6.71,4.14,1.93,7.69,2.58],[528.58,112.76,40.77,63.48,1446.64,49.45,39.55,264.11,81.07,27.88,33.74,68.74,77.8,86.92,67.07,57.98,97.79,98.3,87.65,71.95,305.23,41.57,17.53,600.18,50.08,45.02,41.55,97.36,62.41,45.43,126.82,59.64,28.13,63.38,37.48,32.45,31.66,147.78,32.05,91.64,14.64,14.21,14.24,20.2,0,0,0,0,0,0,0,0,0,0,0,0,0,0,0,0,0,0,0,0,0,0,0,0,0,28.54,185.72,44.97,45.44,115.67,42.95,53.32,37.45,29.93,53,16.14,20.67,18.19,36.43,28.69,27.23,18.17,65.99,125.97,42.72,130.92,17.68,55.67,184.56,42.71,32.94,150.42,82.87,60.39,209.38,98.75],[471.74,143.92,34.8,59.1,1267.37,38.13,31.96,226.96,60.85,18.84,21.48,53.69,47.73,54.2,42.81,31.46,63.09,51.9,57.91,52.03,230.53,20.41,25.52,395.57,34.5,42.33,23.38,48.64,45.44,25.99,86.03,33.28,11.41,26.16,13.72,11.59,10.43,50.52,13.71,28.06,4.16,4.63,3.85,4.41,0,0,0,0,0,0,0,0,0,0,0,0,0,0,0,0,0,0,0,0,0,0,0,0,0,14.6,107.74,21.23,24.91,62.47,24.03,32.57,19.54,15.24,35.75,11.46,15.82,11.84,21.55,17.8,15.49,10.76,43.16,86.15,27.74,81.56,17.92,41.74,181.91,26.71,24.11,155.74,94.33,49.61,189.8,69.8],[163.74,67.25,11.61,21.51,437.53,11.41,10.29,79.14,17.97,4.67,4.9,17.25,9.24,11.77,9.52,4.4,14.63,7.8,16.16,16.16,72.3,2.56,13.22,112.02,10.63,17.72,5.62,10.33,16.64,5.71,24.74,7.56,4.3,5.11,3.55,6.7,4.49,27.34,12.36,21.15,2.35,3.57,2.16,1.4,0,0,0,0,0,0,0,0,0,0,0,0,0,0,0,0,0,0,0,0,0,0,0,0,0,2.85,26.53,2.48,5.86,10.66,3.74,7.03,2.02,1.57,9,2.81,4.56,2.5,3.77,3.36,2.06,1.12,6.94,14.71,4.25,14.11,6.99,10.91,66.5,4.26,5.85,59.42,38.75,14.61,65.69,16.88],[373.58,100.56,28.01,45.94,1005.8,31.69,25.96,179.41,51.22,16.7,19.65,45.06,44.92,50.85,39.88,31.71,58.98,52.99,53.37,46.07,201.82,22.17,17.96,368.99,31.6,34.26,23.64,52.44,41.37,26.48,80.52,34.46,15.29,32.64,19.5,18.75,16.78,82.71,22.84,52.33,7.48,8.36,7.2,8.53,0,0,0,0,0,0,0,0,0,0,0,0,0,0,0,0,0,0,0,0,0,0,0,0,0,16.11,113.76,24.57,27.53,67.78,24.84,32.22,20.46,16.07,33.29,10.27,13.93,11.16,21.29,17.32,15.65,10.62,41.01,80.7,26.28,78.47,14.41,36.86,143.81,25.2,21.2,120.5,70.93,41.2,150.84,61.19],[445.38,123.33,33.37,55,1204.77,37.94,31.23,216.59,61.07,19.78,23.14,53.83,51.52,58.68,45.69,35.46,67.29,59.93,63,55.3,239.96,24.02,24.4,438.61,38.1,44.29,27.72,61.54,53.09,29.74,94.32,39.49,25.08,39.24,25.98,37.15,29.68,163.59,57.42,132.29,17.03,21.34,18.04,19.25,0,0,0,0,0,0,0,0,0,0,0,0,0,0,0,0,0,0,0,0,0,0,0,0,0,17.58,125.25,23.91,29.29,67.58,25.53,35.05,21.35,17.21,37.84,11.54,15.8,12.2,22.96,18.38,15.98,10.33,40.85,78.96,26.33,83,16.93,40.9,166.78,27.16,23.69,141.13,83.64,47.36,178.15,70.8],[231.63,57.71,17.49,28.21,624.47,20.16,16.35,111.45,32.58,10.83,12.83,28.4,29.8,33.36,26.22,21.36,38.76,35.2,34.23,29.33,128.77,14.88,10.64,238.23,20.26,21.41,15.34,34,26.55,17.52,52.16,22.72,9.53,21.07,12.76,11.52,10.42,50.83,13.89,31.32,4.39,5,4.28,4.75,0,0,0,0,0,0,0,0,0,0,0,0,0,0,0,0,0,0,0,0,0,0,0,0,0,10.82,76.4,17.12,18.68,46.9,17.09,21.55,14.17,11,21.94,6.78,9.04,7.49,14.45,11.78,10.92,7.65,28.81,56.76,18.52,53.79,8.8,24.16,88.38,17.37,14.02,73.17,42.02,26.45,93.84,40.09],[84.8,27.22,6.24,10.61,226.89,6.71,5.62,39.97,10.83,3.37,3.85,10.07,8.32,9.71,7.69,5.34,11.5,9.07,11.41,10.44,45.84,3.53,6.1,79.81,7.19,9.78,4.73,9.97,10.67,5.04,17.45,6.7,3.75,6.17,4.3,5.05,4.36,22.31,6.59,15.64,2.18,2.49,2.11,2.4,0,0,0,0,0,0,0,0,0,0,0,0,0,0,0,0,0,0,0,0,0,0,0,0,0,2.9,21.77,3.71,5.04,11.11,4.04,5.96,3.09,2.47,6.74,2,2.9,2.04,3.68,3,2.44,1.55,6.56,12.86,4.2,13.29,3.48,7.26,32.96,4.27,4.1,28.31,17.25,8.58,34.31,12.04],[129.61,41.4,9.49,16.2,342.46,9.9,8.26,58.73,15.95,4.96,5.71,14.94,12.92,15.13,12.13,8.62,18.4,14.52,17.33,15.65,70.76,6.08,8.58,122.45,10.82,13.8,7.37,15.72,15.56,8.35,27.81,10.94,6.33,9.95,6.87,10.17,7.57,43.12,17.13,33.93,3.95,5.56,3.68,2.89,0,0,0,0,0,0,0,0,0,0,0,0,0,0,0,0,0,0,0,0,0,0,0,0,0,5.01,38.94,6.92,9.38,20.85,7.32,10.29,5.46,4.24,11.01,3.31,4.89,3.49,6.32,5.31,4.41,2.85,12.24,24.74,7.69,23.34,5.98,12.37,55.69,7.16,6.77,47.49,29.37,13.87,53.73,18.62],[424.22,154.43,30.7,54.41,1133.74,31.88,27.91,207.47,52.32,14.9,16.8,49.33,34.83,42.87,34.68,21.91,53.43,38.68,57.03,52.46,229.32,16.54,34.32,404.17,37.57,54.22,24.92,55.44,61.7,26.87,91.05,37.15,33.57,45.3,43.64,56.63,48.17,247.8,73.25,184.22,25.24,28.87,26.13,29.72,0,0,0,0,0,0,0,0,0,0,0,0,0,0,0,0,0,0,0,0,0,0,0,0,0,17.98,143.09,25.63,37.62,74.45,21.38,31.5,13.74,10.42,33.31,9.45,14.82,9.78,17.51,15.04,11.78,7.37,34.27,72.59,21.01,62.74,19.84,36.08,179.86,18.28,19.22,154.98,98.37,41.8,172.15,52.7],[22.85,9.22,1.56,2.93,57.45,1.36,1.19,9,2.11,0.57,0.59,2.25,1.25,1.61,1.39,0.56,2.25,0.94,2.22,2.27,11.6,0.33,2.14,16.3,1.54,2.65,0.76,1.34,2.48,0.94,4.27,1.21,0.61,0.73,0.63,1.17,0.76,4.59,2.06,3.25,0.34,0.53,0.3,0.17,0,0,0,0,0,0,0,0,0,0,0,0,0,0,0,0,0,0,0,0,0,0,0,0,0,0.49,5.65,0.44,1.38,2.34,0.67,1.32,0.26,0.18,1.65,0.49,0.89,0.46,0.64,0.64,0.34,0.18,1.59,3.81,0.91,2.61,1.53,2.12,12.8,0.69,1.02,11.15,7.48,2.41,10.12,2.4],[241.3,74.59,17.34,29.91,619.77,17.41,14.32,100.72,27.46,8.64,9.79,25.94,23.63,26.92,22.06,15.45,33.74,24.51,28.39,25.91,127.02,10.6,14.68,202.29,17.55,22.13,11.47,23.21,23.44,14.65,49.88,18.3,5.87,13.77,9.31,8.63,7.19,35.2,9.92,18.03,2.37,2.78,2.05,2.16,0,0,0,0,0,0,0,0,0,0,0,0,0,0,0,0,0,0,0,0,0,0,0,0,0,8.57,73.37,13.5,18.81,43.81,14.65,19.92,10.62,7.77,21.3,6.71,10.25,7.24,12.44,11.13,9.29,6.93,30.86,67.08,19.11,49.88,13.26,26.52,120.23,15.1,14.21,101.57,64.01,28.43,104.63,35.73],[54.26,23.41,3.61,7.01,132.24,2.8,2.48,19.23,4.26,1.06,1.02,4.93,2.19,3.04,2.75,0.64,4.68,1.09,4.55,4.85,26.64,0.34,5.3,33.81,3.27,6.09,1.4,2.1,5.12,1.86,9.54,2.27,0.76,0.93,0.78,1.37,0.83,5.03,2.25,2.85,0.29,0.47,0.24,0.12,0,0,0,0,0,0,0,0,0,0,0,0,0,0,0,0,0,0,0,0,0,0,0,0,0,0.86,12.11,0.6,3,4.82,1.26,2.86,0.17,0,3.75,1.13,2.25,1.04,1.25,1.42,0.56,0.28,3.84,10,2.11,5.53,4.17,5.27,34.34,1.28,2.42,29.92,20.54,5.89,25,5.04],[21.92,9.14,1.46,2.81,53.21,1.15,1,7.62,1.75,0.45,0.45,2.03,1.03,1.37,1.23,0.38,2.08,0.62,1.95,2.04,11.26,0.22,2.15,14.63,1.39,2.52,0.63,1,2.21,0.86,4.14,1.05,0.43,0.51,0.46,0.87,0.54,3.28,1.49,2.17,0.22,0.35,0.19,0.1,0,0,0,0,0,0,0,0,0,0,0,0,0,0,0,0,0,0,0,0,0,0,0,0,0,0.42,5.59,0.37,1.41,2.37,0.63,1.3,0.17,0.1,1.65,0.49,0.96,0.47,0.6,0.66,0.31,0.19,1.83,4.66,1.03,2.64,1.72,2.27,14.08,0.64,1.05,12.2,8.32,2.46,10.18,2.19],[126.76,29.6,9.43,15.29,332.27,10.46,8.35,56.5,16.61,5.58,6.49,14.41,16.77,18.09,14.47,12.01,21.47,18.28,16.19,13.84,66.23,8.42,4.21,114.21,9.34,8.85,7.08,15.17,11.09,9.59,27.65,11.81,3.38,9.88,7.48,5.51,5.03,22.22,4.06,9.1,1.32,1.28,1.12,1.42,0,0,0,0,0,0,0,0,0,0,0,0,0,0,0,0,0,0,0,0,0,0,0,0,0,6.1,47.73,12.18,13.49,35.54,11.55,13.24,9.29,6.57,12.71,4.19,5.65,4.9,9.15,7.97,7.88,6.65,24.82,53.02,15.75,37.52,5.34,15.83,54.56,11.82,9.02,44.42,25.51,16.19,53.57,23.38],[26.56,9.88,1.81,3.34,65.07,1.53,1.29,9.5,2.37,0.68,0.72,2.55,1.82,2.2,1.9,0.99,3.07,1.5,2.58,2.55,13.83,0.68,2.14,19.23,1.74,2.7,0.93,1.69,2.52,1.32,5.3,1.62,0.69,1.14,1.11,1.33,1.09,5.54,1.55,3.52,0.47,0.52,0.44,0.51,0,0,0,0,0,0,0,0,0,0,0,0,0,0,0,0,0,0,0,0,0,0,0,0,0,0.74,7.85,1.08,2.08,4.3,1.27,1.96,0.7,0.46,2.22,0.69,1.21,0.72,1.08,1.08,0.76,0.6,3.29,7.79,1.96,4.69,1.9,3.02,16.13,1.28,1.48,13.78,9.15,3.16,12.22,3.23],[54.76,22.96,3.84,7.1,141.65,3.46,3.07,23.56,5.56,1.47,1.57,5.96,3.14,4.2,3.59,1.53,5.84,2.71,6.55,6.56,30.59,1.07,5.91,48.06,4.65,8.06,2.54,4.99,8.32,2.84,11.68,3.89,3.31,3.57,3.76,6.51,4.69,26.69,10.5,20.17,2.36,3.24,2.21,1.86,0,0,0,0,0,0,0,0,0,0,0,0,0,0,0,0,0,0,0,0,0,0,0,0,0,1.71,17.09,1.9,4.36,7.37,1.95,3.51,0.81,0.57,4.12,1.12,2.01,1.08,1.67,1.58,0.94,0.53,3.42,7.57,2.02,6.19,3.2,4.62,26.71,1.61,2.26,23.44,15.35,5.28,23.28,5.62],[0.87,10,2.66,0.13,41.29,0,1.08,6.5,1.33,0.19,0.68,1.05,0.82,7.46,116.98,10.28,1.87,3.3,16.25,2.49,26.15,0.23,2.81,32.16,0,1.38,3.58,9.43,0.5,9.54,32.95,17.08,0.1,3.76,17.23,0.18,10.72,20.17,8.17,1.04,48.37,0.24,1.93,15.62,3.1,29.09,3.01,9.09,0.43,4.56,4.83,9.91,0.69,28.54,14.6,2.85,16.11,17.58,10.82,2.9,5.01,17.98,0.49,8.57,0.86,0.42,6.1,0.74,1.71,0,929.5,173.86,1.35,27.25,0,1790.71,3.19,1.15,0,0,0,0,0,0.62,2.2,0.29,1.88,5.49,0.1,5.93,0.83,0,2.44,0.5,1.16,0.38,0.35,0,0,3.66],[54.88,46.41,17.92,127.16,1444.07,0,27.56,135.58,15.29,2.07,16.46,39.24,45.06,22.04,232.54,44.97,10.74,21.14,30.49,2.48,8.82,369.73,56.41,640.9,20.37,1.74,13.06,96.91,5.36,83.53,307.57,341.31,24.37,29.43,318.83,12.44,131.97,274.24,87.81,474.4,77.65,106.38,9.38,77.28,27.76,200.75,27.28,66.17,4.63,31.09,32.28,62.95,5.51,185.72,107.74,26.53,113.76,125.25,76.4,21.77,38.94,143.09,5.65,73.37,12.11,5.59,47.73,7.85,17.09,929.5,0,1335.13,765.79,390.27,254.21,574.99,94.49,18.1,27.42,96.38,128.07,101.81,501.47,33.05,11.58,56.26,44.28,227.83,52.67,365.57,52.73,30.28,34.62,13.34,43.38,26.16,17.26,17.87,4.95,7.67],[122.8,17.34,7.77,39.23,499.55,0.45,8.81,42.34,3.39,0.53,2.38,9.49,30,2.01,25.64,20.62,1.47,11.53,2.96,0.64,8.15,31,26.75,192.93,2.68,3.99,6.3,8.47,3.62,8.56,44.88,56.13,6.93,14.83,368.17,2.72,39.02,75.3,27.19,29.88,14.56,6.08,4.75,42.36,3.54,42.7,3.12,13.45,0.32,7.79,7.89,14.38,0.91,44.97,21.23,2.48,24.57,23.91,17.12,3.71,6.92,25.63,0.44,13.5,0.6,0.37,12.18,1.08,1.9,173.86,1335.13,0,289.94,267.1,25.56,109.25,16.45,7.34,1.5,14.35,19.2,16.7,74.81,4.5,12.54,10.24,8.49,22.33,8.31,25.55,2.72,7.58,3.51,2.62,2.77,2.69,2.29,3.47,2.73,1.07],[44,3.63,0.8,19.74,238.4,0,6.04,26.88,8.12,1.91,0,1.05,28.08,0,6.45,140.64,1120.74,11.01,251.31,45.64,34.48,162.44,42.94,474.65,6.9,0,0.36,25.75,0.71,3.59,165.93,30.38,1.16,11.08,0.78,0.3,16.7,36.97,12.82,158.22,0.11,25.47,2.51,0.68,7.3,50.94,6.88,17.54,1.13,8.2,7.93,13.98,1.31,45.44,24.91,5.86,27.53,29.29,18.68,5.04,9.38,37.62,1.38,18.81,3,1.41,13.49,2.08,4.36,1.35,765.79,289.94,0,6056.36,0.51,362.79,14.24,28,0.54,17.93,20.81,24.89,188.79,0,0.51,1.49,0,2.62,0,12.86,1.92,6.6,87.36,0,31.99,0,0,2.69,76.8,0],[231.45,12.18,3.27,34.5,799.16,0,12.64,55.13,5.75,1.11,4.74,13.61,5.13,17.45,127.04,28.32,0.33,7.33,14.15,2.44,0.9,4.17,323.27,2397.69,20.03,2.11,11.37,14.39,4.09,21.82,15.15,47.82,5.82,58.28,19.51,5.67,69.97,145.76,51.53,22.38,41.35,4.43,0.18,20.4,11.79,108.42,10.78,35.12,1.61,19.54,20.88,38.79,2.81,115.67,62.47,10.66,67.78,67.58,46.9,11.11,20.85,74.45,2.34,43.81,4.82,2.37,35.54,4.3,7.37,27.25,390.27,267.1,6056.36,0,9.2,740,68.28,0.98,1.56,2.76,4.13,5.4,11.86,1.76,35.62,0.56,60.31,20.02,10.53,166.29,15.79,1.81,26.47,51.37,87.03,39.54,25.95,12.28,61.1,34.48],[15.35,31.02,9.62,0,29.81,0,2.63,12.17,0.94,0,0.48,7.71,19.86,0.45,74.29,11.53,22.01,5.28,1.31,0.91,0,0.38,2.75,17.77,0,0,0.1,2.33,0,0,11.13,0.7,10.12,0.28,121.8,0.7,11.32,20.26,8.64,0.22,1.83,0,2.85,0.53,3.04,33.93,2.72,9.87,0.41,6.21,7.8,16.8,0.98,42.95,24.03,3.74,24.84,25.53,17.09,4.04,7.32,21.38,0.67,14.65,1.26,0.63,11.55,1.27,1.95,0,254.21,25.56,0.51,9.2,0,441.25,5.33,12.32,152.09,0.89,2.79,2.37,5.54,1339.11,217.93,0,0.73,1.79,0.92,11.78,1.9,0.9,0.45,0.1,0,1.22,0.93,0.74,0.1,5.86],[1967.47,189.91,107.01,95.9,1287.7,1365.04,212.92,1281.5,160.81,141.15,21.32,765.61,1097.39,2.1,35.49,6.4,26.93,1343.53,186.41,922.46,837.62,26.59,69.38,2042.77,16.07,858.69,230.08,279.09,59.6,366.43,3016.19,284.16,645,1329.47,902.98,3.81,242.91,2095.79,127.27,23.93,1901.78,5.6,584.11,480.07,5.09,46.02,4.92,13.79,0.87,7.53,9.52,21.42,1.42,53.32,32.57,7.03,32.22,35.05,21.55,5.96,10.29,31.5,1.32,19.92,2.86,1.3,13.24,1.96,3.51,1790.71,574.99,109.25,362.79,740,441.25,0,87.03,4.53,268.48,38.84,79.51,138.93,457.1,663.42,67.49,48.85,106.48,660.37,55.92,2691.83,102.67,3.48,1095.17,929.35,14.85,4864.62,2890.4,15.98,1111.13,5499.69],[43.91,13.52,4.22,54.22,757.86,12.62,1.28,6.21,53.34,14.25,0,13.24,15.34,17.25,6.93,4.32,14.15,18.04,46.05,14.39,0.82,3.79,45.31,481.77,28.84,0.12,0.53,3.46,66.33,41.7,127.9,115.86,20.25,6.61,38.3,0.89,15.62,36.98,9.33,30.05,2.53,5.56,3.69,21.32,1.63,27.19,1.32,7.13,0.11,5.09,6.77,16.09,0.72,37.45,19.54,2.02,20.46,21.35,14.17,3.09,5.46,13.74,0.26,10.62,0.17,0