{"data":[[0,227.98,244.72,1060.53,28.85,116.58,113.68,41.55,86.36,29.13,32.45,107.68,143.38,147.76,114.86,48.62,69.99,28.56,43.63,72.97,21.9,18.48,37.44,591.69,26.33,118.55,15.22,18.82,52.97,14.96,28.68,38.37,54.91,13.6,107.36,39.3,44.83,24.48,5.79,9.66,59.02,18.78,55.52,431,35.52,5.66,15.48,13.13,12.63,29.36,53,550.6,180.76,771.34,76.18,63.39,71.49,138.48,90.76,135.25,218.26,91.35,439.35,160.24,175.18,161.3,750.42,35.2,44.87,278.89,98.41,54.36,30.24,38.34,541.74,25.49,54.77,10.71,30.14,88.77,41.94,63.19,38.31,23.75,204.95,73.68,35.92,18.36,33.03,28.14,18.46,53.09,71.19,30.46,7.9,76.99,77.9,58.19,257.37,420.88],[227.98,0,474.49,150.35,10.97,32.49,12.38,7.64,6.19,42.57,11.62,13.47,9.71,20.22,87.93,11.34,21.11,8.32,10.32,11.34,6.17,9.58,17.13,114.95,10.2,18.8,13.09,7.46,19.83,5.26,18.64,13.4,18.59,5.82,13.75,9.46,15.42,7.57,7.87,11.12,6.22,6.4,7.64,65.98,4.53,3.69,5.81,3.13,36.41,2.97,19.35,80.09,39.01,144.54,16.86,16.6,18.83,45.11,24.19,26.99,50.81,24.76,74.74,35.1,32.82,29.15,211.53,12.1,17.27,70.24,39.68,20.39,12.18,13.75,119.49,12.29,14.03,1.17,9.97,31.2,11.02,37.8,17.59,8.05,7,10.72,7.98,21.42,31.84,11.27,7.38,31.41,39,7.53,4.15,37.38,21.06,20.64,60.41,320],[244.72,474.49,0,280.14,41.22,85.87,55.78,35.45,37.58,281.21,77.62,92.45,36.3,98.68,279.99,37.6,80.46,29.84,35.58,35.21,21.89,25.01,39.21,482.13,25.35,56.43,28.22,20.26,59.53,17.09,78.14,37.37,61.62,15.31,31.34,22.01,32.44,17.98,15.47,22.36,15.9,14.6,22.37,147.54,13.85,10.11,19.6,12.08,119.16,7.38,44.63,255.95,106.72,413.38,45.09,42.19,45.94,103.21,59.01,72.31,130.38,60.43,213.69,91.66,90.39,80.79,514.56,27.13,37.7,172.67,85.26,44.57,26.2,30.4,317.77,33.27,38.79,3.86,19.19,71.36,29.57,74.17,45.08,22.18,13.77,32.25,26.56,37.42,70.4,34.99,24.65,55.7,73.79,15,11.1,70.79,48.7,27.88,73.22,118.69],[1060.53,150.35,280.14,0,223.99,501.81,113.74,36.76,79.09,68.48,48.95,197.32,92.12,136.87,1197.49,11.71,147.03,52.88,51.12,101.84,27.87,63.7,95.53,473.58,66.15,219.47,15.15,27.36,76.32,124.45,173.96,100.86,171.75,19.28,90.47,50.94,151.53,102.36,9.81,25.05,243.08,28.71,53.88,380.42,33.58,13.86,127.35,92.03,96,57.45,80.99,1039.62,320.33,1404.96,134.07,107.74,122.1,223.06,154.72,246.38,382.36,154.78,814.96,285.01,319.8,298.66,1278.96,53.03,65.06,464.24,138.62,78.29,42.52,56.21,952.75,52.35,163.58,45.61,49.93,341.87,83.4,205.79,63.6,104.5,21.75,114.08,99.62,31.98,52.33,277.9,23.98,87.76,305.51,81.14,120.69,115.53,123.46,165.65,133.1,424.99],[28.85,10.97,41.22,223.99,0,250.06,40.08,6.16,9.92,36.73,14.33,21.41,11.68,25.66,151.87,2.01,53.46,41.61,5.96,29.6,6.44,32.73,40.82,110.98,24.83,34.19,2.39,2.73,10.4,85.24,23.94,10.59,20.69,5.54,9.09,13.71,11.4,6.22,16.57,4.35,32.58,53.55,23.73,167.16,14.61,23.85,30.12,23.94,20.68,37.31,35.75,167.18,75.71,290.84,32.91,31.23,37.71,88.19,48.01,56.1,100.56,48.8,155.98,70.08,67.88,61.58,434.91,20.55,29.34,125.66,65.27,33.3,20,22.66,232.05,1.66,5.92,5.95,15.7,107.64,29.78,30.27,8.4,1.88,4.72,6.05,23.17,7.91,12.76,79.24,3.4,27.45,29.22,7.86,17.23,54.38,30.72,4.95,28.98,44.68],[116.58,32.49,85.87,501.81,250.06,0,47.52,72.79,53.54,27.48,23.84,39.91,54.31,74.92,110.59,38.35,73.6,23.91,22.12,73.23,19.19,25.9,35.75,160.66,22.07,83.02,17.28,13.1,51.89,13.46,95.78,42.79,80.66,14.95,70.46,4.8,22.26,16.77,13.96,16.05,73.52,84.53,25.43,135.38,15.38,18.58,74.91,59.34,145.33,18.49,46.21,395.62,137.75,580.88,58.74,50.22,60.2,123.58,76.33,108.39,174.18,76.4,333.6,127.34,135.29,127.04,676.9,26.99,36.03,203.92,77.49,41.02,23.67,28.68,419.19,48.07,15.93,29.72,15.96,98.41,26.33,77.8,32.81,41.87,24.95,34.82,22.51,12.7,24.37,45.73,69.88,10.39,87.24,19.63,14.05,130.04,45.99,25.03,33.35,73.74],[113.68,12.38,55.78,113.74,40.08,47.52,0,313.05,341.73,17.26,27.99,107.88,142.22,98.08,53.9,34.76,35.7,19.15,13.03,134.11,8.22,36.83,63.78,87.41,43.68,58.31,7.14,5.54,16.49,15.06,49.88,19.79,31.01,9.65,12.53,36.38,18.09,20.36,4.07,5.76,14.11,11.08,9.89,62.11,6.17,17.93,9.95,6.33,15.38,21.74,45.44,219.23,99.14,374.93,42.03,40.38,44.31,102.75,57.03,66.53,122.24,58.49,188.3,85.09,81.37,72.71,522.55,25,35.6,153.86,79.48,40.89,24.43,27.78,295.18,35.66,2.32,11.87,4.92,188.87,13.78,72.9,15.62,12.66,27.28,5.48,39.75,16.83,43.43,53.22,2.66,25.49,61.55,5.89,3.33,16.1,11.2,5.41,30.73,13.22],[41.55,7.64,35.45,36.76,6.16,72.79,313.05,0,171.19,20.25,26.19,34.36,27.35,54.77,24.92,12.17,16.85,15.13,30.23,5.95,10,4.35,5.5,69.95,3.62,39.66,1.89,3.63,8.9,26.93,14.18,3.59,5.73,7.51,95.28,12.74,2.19,2.17,6.46,16.01,0,1.64,34.68,294.03,20.08,3.39,5.13,2.44,7.61,2.74,43.06,496.93,158.89,679.65,65.61,53.58,57.14,107.12,72.75,111.37,179.28,73.73,363.01,131.02,144.55,132.49,632.78,24.89,31.72,209.63,67.08,36.91,20.52,26.32,462.15,7.37,3.48,3.66,9.65,24.4,8.36,93.88,9.82,3.98,0.96,8.48,21.56,3.73,6.92,27.67,5.99,18.88,48.26,1.35,0.98,21.89,6.15,7.31,8.95,2.38],[86.36,6.19,37.58,79.09,9.92,53.54,341.73,171.19,0,56.77,47.64,41.71,43.3,175.6,39.11,17.06,90.96,21.16,44.81,11.37,17.59,7.64,15.14,102.41,11.85,64.32,26.21,10.14,30.95,7.4,106.31,11.77,19.88,3.46,17.56,48.71,63.07,43.05,1.58,3.59,4.79,52.37,10.86,85.1,6.71,29.73,0.94,0.4,5.47,168.64,22.68,138.85,56.32,219.81,23.56,21.74,23.19,51.27,29.83,37.19,66.55,30.62,110.39,46.78,46.55,41.59,270.63,12.57,17.49,82.81,38.78,20.25,11.92,13.86,165.82,7.28,6.38,43.57,15.95,65.16,18.66,20.2,3.16,14.86,18.14,45.21,14.19,12.89,22.24,9.37,0,31.98,19.74,10.33,3.28,35.57,31.32,24.14,3.75,15.55],[29.13,42.57,281.21,68.48,36.73,27.48,17.26,20.25,56.77,0,40.09,90.42,89.99,96.5,68.93,17.01,64.95,15.89,11.68,15.57,13.27,24.78,11.96,132.43,5.21,19.99,2.08,4.1,14.26,7.79,42.31,21.58,24.06,52.4,58.61,12.8,17.25,8.93,1.66,6.87,19.69,24.28,10.56,68.28,6.8,6.74,257.22,107.57,2.44,6.28,29.54,252.32,89.67,365.72,37.15,32.27,33.61,68.46,43.02,59.37,102.06,44.03,189.03,73.11,77.07,68.9,367.92,18.24,24.14,132.35,53.66,29.01,16.49,20.18,261.46,11.16,8.71,2.46,17.95,44.32,18.76,109.48,4.85,5.55,2.42,36.7,24.09,21.35,44.03,1.64,49.28,3.67,12.45,26.31,11.87,35.2,86.19,20.35,15.52,57.62],[32.45,11.62,77.62,48.95,14.33,23.84,27.99,26.19,47.64,40.09,0,371.07,79.03,716.69,170.16,10.31,113.3,11.1,38.93,36.73,13.31,15.88,23.32,234.79,15.32,61.67,13.45,5.32,15.75,6.74,13.06,17.08,21.21,7.16,6.46,9.37,7.83,6.7,144.28,10.22,8.56,1.56,7.2,66.26,3.95,4.06,4.93,2.59,13.74,19.03,15.16,65.41,31.88,116.02,13.29,13.26,13.59,32.31,17.65,19.59,37.77,18.26,54.95,26.06,24.01,21,159.29,8.71,12.43,50.99,28.41,14.66,8.74,9.87,93.6,4.95,4.39,15.94,5.11,108.51,10.64,42.88,13.68,15.42,20,6.31,15.89,14.52,26.09,21.43,4.44,16.26,110.64,21.89,48.03,100.39,91.61,2.31,12.66,49.83],[107.68,13.47,92.45,197.32,21.41,39.91,107.88,34.36,41.71,90.42,371.07,0,82.62,462.16,158.89,51.71,480.9,57.74,53.98,271.59,39.11,27.05,39.03,447.86,29.13,188.25,15.32,10.76,32.95,9.56,40.36,28.78,36.14,49.26,56.65,109.58,29.8,35.21,32.46,22.01,36.17,15.09,27.82,169.5,16.58,18.89,8.18,6.44,7.94,9.44,54.82,304.12,130.71,494.75,53.92,51.33,52,117.61,67.33,80.45,149.34,69.59,236.9,104.17,100.75,88.67,605.17,30.9,43.25,194.32,97.42,50.84,29.96,34.55,377.06,30.93,56.84,16.96,53.46,155.75,49.52,120.42,39.38,35.45,79.48,285.89,55.96,32.83,68.87,24.19,15.09,38.67,140.16,37.95,36.8,44.24,36.13,12.96,12.42,46.03],[143.38,9.71,36.3,92.12,11.68,54.31,142.22,27.35,43.3,89.99,79.03,82.62,0,1013.36,325.72,208.55,186.97,25.98,91,33.9,44.98,13.29,45.95,96.77,25.44,26.91,5.36,6.83,17.84,9.63,15.11,17.85,26.28,24.39,21.62,143.38,23.81,13.21,1.65,11.16,19.48,2.79,12.33,87.3,7.28,7.3,14.87,7.66,15.52,46.09,24.36,211.62,75.51,304.49,30.87,26.9,26.43,53.37,33.98,46.62,81.9,35.03,150.09,58.25,61.17,53.88,292.67,14.49,19.1,105.38,42.31,22.92,12.99,15.9,219.59,13.24,160.52,15.76,67.22,64.28,61,110.17,18.84,15.16,31.64,61.91,28.07,32.66,53.96,27.58,17.75,41.83,107.41,7.31,43.68,21.89,9.78,11.34,6.19,11.24],[147.76,20.22,98.68,136.87,25.66,74.92,98.08,54.77,175.6,96.5,716.69,462.16,1013.36,0,2199.71,309.83,739.57,75.07,384.23,264.47,106.59,68.67,115.6,892.98,74.67,189.85,38.13,24.14,75.5,30.72,62.23,61.57,83.3,37.64,39.28,121.47,37.29,37.78,263.53,29.36,44.56,6.72,24.02,176.04,13.78,12.85,24.48,14.07,47.69,62.2,85.53,472.3,204.33,768.23,83.92,80.34,79.36,179.61,103.13,122.4,230.03,106.69,362.24,160.22,153.98,134.58,926.03,47.95,66.95,300.72,150.98,78.92,46.42,53.48,594.38,18.48,98.85,52.35,47.98,306.68,76.08,298.78,77.27,42.47,107.33,51.37,69.61,72.4,128.92,53.97,19.49,56.97,331.54,54.15,146.07,169.52,199.8,18.25,24.47,78.34],[114.86,87.93,279.99,1197.49,151.87,110.59,53.9,24.92,39.11,68.93,170.16,158.89,325.72,2199.71,0,502.52,646.88,58.46,200.43,325.46,179.31,29.75,65.38,350.8,30.35,93.87,39.27,22.72,65.02,24.38,66.53,49.43,58.94,40.21,111.74,246.13,89.2,102.77,12.61,9.7,39.81,9.21,20.81,163.99,12.01,19.52,65.03,32.46,40,64.81,38.06,345.36,121.9,491.2,49.49,42.91,41.03,81.72,52.83,73.01,129.16,54.63,238.23,91.72,96.71,84.57,453.52,22.85,29.83,167.61,66.15,36.05,20.3,25,355.73,903.38,32.36,20.76,575.68,126.87,482.05,61.49,33.51,38.54,33.05,338.93,325.95,34.46,50.28,26.54,18.38,71.52,91.27,29.52,56.66,49.76,60.23,68.49,11.78,39.49],[48.62,11.34,37.6,11.71,2.01,38.35,34.76,12.17,17.06,17.01,10.31,51.71,208.55,309.83,502.52,0,1513.79,11.98,56.97,101.02,37.42,20.04,52.09,229.21,27.43,20.53,49.6,35.5,92.11,16.12,24.49,6.63,8.18,19.47,70.25,30.95,4.38,3.76,20.84,9.57,13.47,4.52,3.45,24.13,2.14,39.15,1.75,1.05,11.01,23.87,20.28,119.54,50.4,190.27,20.61,19.57,18.77,41.86,24.46,29.5,55.5,25.3,89.03,38.75,37.53,32.64,216.8,11.45,15.82,73.01,35.7,18.77,10.97,12.73,147.17,1.62,0,2.09,14.25,54.49,12.82,16.79,1.84,3.4,14.31,13.45,23.17,12.93,26.49,9.76,2.67,2.52,15.59,6.27,7.63,16.16,18.76,3.49,1.52,139.8],[69.99,21.11,80.46,147.03,53.46,73.6,35.7,16.85,90.96,64.95,113.3,480.9,186.97,739.57,646.88,1513.79,0,422.52,419.72,303.06,145.78,99.97,200.37,1538.2,148.56,198.76,132.36,143.82,550.28,19.62,169.63,38.09,52.73,87.64,732.84,485.9,23.65,15.23,8.06,3.25,58.95,19.91,27.74,184.52,16.29,11.06,5.77,3.22,378.39,66.8,66.16,471.65,182.14,711.34,73.78,66.78,64.73,137.69,83.76,107.49,194.06,86.72,331.59,136.51,137.34,120.96,773.29,34.4,47.12,236.3,103.46,54.59,31.76,37.49,513.94,24.23,6.32,41.16,11.73,508.05,63.48,109.48,22.99,229.73,299.37,171.23,77.31,90.86,161.55,84.32,11.68,77.78,112.72,151.22,227.16,330.73,412.4,1.97,136.88,16.62],[28.56,8.32,29.84,52.88,41.61,23.91,19.15,15.13,21.16,15.89,11.1,57.74,25.98,75.07,58.46,11.98,422.52,0,43.59,35,19.61,17.8,25.68,258.9,19,70.66,23.81,31.88,65.83,15.32,39.24,5.75,11.12,5.78,14.84,14.6,13.11,9.41,14.37,7.76,19.16,24.73,6.08,34.37,3.61,8.74,12.04,9.16,10.3,12.31,26.86,194.63,74.71,291.34,29.81,26.91,25.18,53.39,32.76,41.86,76.26,33.98,129.15,53.48,53.3,46.76,317.27,12.91,17.77,89.5,38.69,20.35,11.84,13.89,211.57,18.28,3.3,22.7,6.02,79.17,13.08,36.08,10.41,11.08,9.92,31.3,21.28,11.94,23.98,16.88,10.6,11.72,39.44,26.96,9.24,19.07,34.13,11.21,4.02,12.27],[43.63,10.32,35.58,51.12,5.96,22.12,13.03,30.23,44.81,11.68,38.93,53.98,91,384.23,200.43,56.97,419.72,43.59,0,214.01,299.38,40.14,108.29,182.57,96.98,76.33,22.95,13.78,37.44,13.34,104.49,28.3,30.67,16.1,35.19,51.04,34.74,24.82,11.69,6.43,13.24,6.25,6.98,66.64,4.2,11.4,2.76,1.68,17.32,11.37,38.76,484.48,154.55,646.43,61.37,49.83,46.71,84.42,59.66,90.79,153.42,62.06,306.2,109.84,122.03,107.36,519.25,21.88,27.32,183.27,58.01,32.38,17.72,23.08,433.54,3.61,36.72,22.33,15.9,46.08,15.83,152.9,47.6,12.43,20.39,50.08,46.53,39.42,76.13,9.72,13.91,19.55,176.12,8.15,15.65,34.63,21.44,6.98,10.11,13.94],[72.97,11.34,35.21,101.84,29.6,73.23,134.11,5.95,11.37,15.57,36.73,271.59,33.9,264.47,325.46,101.02,303.06,35,214.01,0,301.78,33.26,83.37,404.41,35.18,227.51,11.2,18.84,49.48,16.13,58.82,99.27,117.72,38.03,81.32,26.12,5.94,3.78,12.16,8.02,10.79,28.67,20.33,133.72,12.35,14.03,25.71,17.72,15.21,19.16,34.1,211.43,87.94,331.06,35.39,33.51,30.76,67.81,40.21,48.78,92.35,41.71,148.86,64.44,62.48,53.95,358.52,18.64,25.65,120.02,57.73,30.45,17.69,20.58,253.84,34.88,15.9,8.46,26.71,106.45,38.31,47.43,45.81,23.71,10.03,371.13,39.85,32.34,70.54,11.92,5.96,11.44,111.5,36.96,65.08,62.19,97.48,6,3,9.08],[21.9,6.17,21.89,27.87,6.44,19.19,8.22,10,17.59,13.27,13.31,39.11,44.98,106.59,179.31,37.42,145.78,19.61,299.38,301.78,0,32.32,64.55,169.14,39.13,53.03,13,9.21,30.65,10.67,69.37,14.31,20.11,13.36,28.63,34.16,24.85,30.62,4.48,5.04,7.53,7.28,9.53,57.65,5.87,6.61,11.91,7.22,10.68,11.69,31.76,203.28,83.27,315.51,33.43,31.39,28.98,63.38,37.83,46.4,87.13,39.29,142.05,60.81,59.43,51.48,341.87,17.04,23.43,111.39,52.41,27.67,16.07,18.75,238.52,2.81,17.18,11.1,10.25,42.71,17.28,124.95,40.34,10.45,16.68,92.52,39.31,22.79,53.12,9.35,8.4,12.77,122.68,5.4,10.54,20.69,13.59,4.21,3.73,6.54],[18.48,9.58,25.01,63.7,32.73,25.9,36.83,4.35,7.64,24.78,15.88,27.05,13.29,68.67,29.75,20.04,99.97,17.8,40.14,33.26,32.32,0,207.29,425.5,143.93,30.86,6.87,4.83,21.56,37,67.18,27.39,50.36,77.53,110.93,15.7,37.94,28.91,0.45,34.06,40.27,5.04,10.17,66.95,5.95,22.97,6.65,3.68,34.63,33.57,56.93,382.52,155.8,582.98,61.11,57.25,48.32,104.15,63.49,77.87,149.01,66.44,241.62,103.66,100.77,86.04,590.77,28.2,38.61,186.2,85.88,45.44,26.24,30.64,439.82,9.95,15.42,17.31,11.58,89.92,18.49,60.61,91.96,35.81,10.28,9.06,37.28,46.22,137.73,14.94,9.99,31.96,181.4,19.98,23.69,55.17,33.22,9.79,4.49,15.07],[37.44,17.13,39.21,95.53,40.82,35.75,63.78,5.5,15.14,11.96,23.32,39.03,45.95,115.6,65.38,52.09,200.37,25.68,108.29,83.37,64.55,207.29,0,503.51,120.37,34.76,18.04,7.56,28.94,89.46,90.75,63.29,94.13,96.28,201.53,19.21,67.76,38.35,1.47,83.36,89.96,5.09,16.59,155.1,9.26,43.12,12.3,5.61,79.6,89.05,139.16,627.09,311.85,1088.13,122.18,125.51,105.68,249.91,141.27,152.67,310.41,146.79,439.14,214.18,189.54,160.97,1337.88,67.01,95.27,396.08,214.86,111.46,65.82,73.72,884.21,14.79,28.89,22.35,32.54,219.94,33.54,118.58,109.98,42.7,16.31,14.66,48.53,59.31,142.18,20.67,18.79,59.78,320.76,36.8,44.91,100.53,77.32,12.52,9.69,24.59],[591.69,114.95,482.13,473.58,110.98,160.66,87.41,69.95,102.41,132.43,234.79,447.86,96.77,892.98,350.8,229.21,1538.2,258.9,182.57,404.41,169.14,425.5,503.51,0,846.02,656.8,194.1,127.62,628.73,227.97,247.49,244.79,300.68,151.72,448.24,140.93,102.21,80.04,39.06,205.5,170.33,89.36,94.61,664.51,56.02,70.19,95.6,54.71,165.19,86.84,149.82,1345.07,484.61,1911.78,188.91,165.6,145.06,289.87,187.78,254.04,458.6,197.15,817.05,322.05,334.06,288.96,1730.87,74.35,98.96,544.65,214.25,114.89,65.36,79.29,1324.5,74.48,165.01,43.42,76,638.09,130.77,228,131.26,58.53,121.55,301.56,263.14,79.97,198.6,80.38,23.75,172.07,727.15,70.97,64.5,170.24,206.58,398.95,56.32,15.95],[26.33,10.2,25.35,66.15,24.83,22.07,43.68,3.62,11.85,5.21,15.32,29.13,25.44,74.67,30.35,27.43,148.56,19,96.98,35.18,39.13,143.93,120.37,846.02,0,132.01,49.82,15.83,130.44,103.59,105.51,58.54,46.56,30.86,44.3,8.33,32.33,17.92,1.05,57.28,57.1,3.1,11.57,107.89,6.43,28.94,8.18,3.73,57.26,72.19,16.11,84.51,38.69,139.63,15.01,14.87,12.65,28.98,16.75,18.91,37.31,17.5,55.32,25.76,23.65,20.21,162.76,7.32,10.38,45.22,23.01,11.94,7.04,7.97,105.56,5.95,11.49,8.51,16.72,113.88,18.63,66.43,40.45,14.3,6.95,6.76,21.73,23.74,50.34,12.41,11.18,33.26,152.24,20.59,24.43,55.5,45.55,6.04,7.05,17.86],[118.55,18.8,56.43,219.47,34.19,83.02,58.31,39.66,64.32,19.99,61.67,188.25,26.91,189.85,93.87,20.53,198.76,70.66,76.33,227.51,53.03,30.86,34.76,656.8,132.01,0,221.82,105.78,599.9,79.33,369.68,65.89,65.73,106.89,76.64,127.23,78.03,47.23,98.22,75.03,63.95,27.32,18.88,149.87,10.82,24.19,35.35,21.61,45.74,31.27,87.97,468.44,211.16,770.05,82.23,80.83,69.93,159.96,92.5,104.92,205.92,96.65,306.85,142.05,131,112.22,910.36,40.07,56.84,248.9,126.02,65.44,38.61,43.68,578.49,42.16,34.27,41.24,140.66,162.35,114.07,165.46,72.45,58.62,7.76,15.09,31.74,21.7,38.23,52.98,11.74,80.82,143.66,77.14,11.16,43.54,75.94,45.21,26.29,88.1],[15.22,13.09,28.22,15.15,2.39,17.28,7.14,1.89,26.21,2.08,13.45,15.32,5.36,38.13,39.27,49.6,132.36,23.81,22.95,11.2,13,6.87,18.04,194.1,49.82,221.82,0,2217.57,431.55,50.59,52.91,18.24,15.66,13.49,18.54,7.38,20.87,10.36,1.41,1.35,12.67,18.85,3.34,24.57,2.1,3.32,5.92,2.69,23.79,16.74,5.26,114.27,32.09,140.43,12.14,8.64,7.56,11.06,9.41,16.62,26.78,10.07,59.15,19.24,23.04,20.07,87.89,2.73,3.06,28.99,5.93,3.5,1.76,2.69,84.28,4.58,11.92,5.12,6.42,15.76,8.68,11.44,4.93,4.09,17.11,3.35,20.95,14.7,32.5,14.63,2.92,9.1,23.99,12.5,8.22,16.5,29.82,2.22,1.26,8.14],[18.82,7.46,20.26,27.36,2.73,13.1,5.54,3.63,10.14,4.1,5.32,10.76,6.83,24.14,22.72,35.5,143.82,31.88,13.78,18.84,9.21,4.83,7.56,127.62,15.83,105.78,2217.57,0,261.5,41.52,34.39,11.34,13.04,10.49,9.16,8.18,9.52,6.47,2.23,2.06,12.13,19.39,5.68,31.13,3.36,3.58,7.07,3.94,38.45,26.5,15.66,79.22,36.28,132.18,14.12,13.96,12,27.78,15.97,17.76,35.19,16.66,51.27,24.2,21.94,18.79,164.59,6.76,9.68,41.71,21.42,11.09,6.56,7.36,100.52,2.25,18.14,12.64,8.95,19.4,14.37,15.11,3.01,8.15,6.77,3.05,10.41,10.04,22.05,11.65,7.58,10.61,23.49,6.68,2.76,14.84,17.89,4.6,2.92,5.06],[52.97,19.83,59.53,76.32,10.4,51.89,16.49,8.9,30.95,14.26,15.75,32.95,17.84,75.5,65.02,92.11,550.28,65.83,37.44,49.48,30.65,21.56,28.94,628.73,130.44,599.9,431.55,261.5,0,153.73,184.87,43.25,54.01,39.62,30.5,26.16,29.81,24.31,6.7,8.55,34.68,82.37,22.77,102.02,13.79,10.58,19.18,12.34,94.98,71.22,55.56,363.88,148.54,559.84,56.99,53.4,44.89,97.92,59.21,71.16,136.12,62.04,215.64,94.42,90.34,77.35,603.48,23.84,33.35,157.43,72.92,38.12,22.23,25.58,404.2,7.1,49.73,34.84,22.44,54.49,51.87,51.61,9.76,27.62,19.39,9.89,34.75,25.48,64.03,34.06,26.2,28.77,60.08,21.22,8.28,44.58,49.04,10.25,7.97,18.92],[14.96,5.26,17.09,124.45,85.24,13.46,15.06,26.93,7.4,7.79,6.74,9.56,9.63,30.72,24.38,16.12,19.62,15.32,13.34,16.13,10.67,37,89.46,227.97,103.59,79.33,50.59,41.52,153.73,0,935.24,207.08,273.43,43.98,78.1,51.78,17.84,18.34,13.6,3.55,31.7,5.47,4.74,32.55,2.94,6.14,5.67,4.49,12.41,2.62,46.83,442.18,158.38,618.27,58.06,50.29,37.86,74.51,49.5,65.38,121.52,52.8,208.99,84.5,85.79,72.33,534.19,17.17,23.21,126.3,49.09,25.82,14.56,17.42,417.28,5.2,5.31,95.4,14.64,38.26,22.27,57.75,6.78,3.39,5.88,10.94,29.11,14.8,32.42,5.63,2.27,27.31,55.51,16.1,4.91,9.03,14.15,7.25,4.35,5.47],[28.68,18.64,78.14,173.96,23.94,95.78,49.88,14.18,106.31,42.31,13.06,40.36,15.11,62.23,66.53,24.49,169.63,39.24,104.49,58.82,69.37,67.18,90.75,247.49,105.51,369.68,52.91,34.39,184.87,935.24,0,314.43,350.8,37.42,39.9,69.51,74.69,140.4,50.25,63.51,216.81,11.08,33.86,192.51,20.08,20.52,35.16,17.65,81.16,59.48,62.39,500.34,190.08,729.12,70.18,63.42,49.02,101.72,64.66,80.88,153.41,68.22,251.85,106.65,104.55,88.32,686.78,23.62,32.54,164.12,69.67,36.46,20.85,24.34,504.53,62.21,23.02,14.19,30.84,177.49,68.59,78.17,38.45,53.67,16.72,44.32,58.82,15.17,36.63,63.62,19.51,19.94,47.31,12.56,15.22,74.29,56.47,5.36,35.64,48.96],[38.37,13.4,37.37,100.86,10.59,42.79,19.79,3.59,11.77,21.58,17.08,28.78,17.85,61.57,49.43,6.63,38.09,5.75,28.3,99.27,14.31,27.39,63.29,244.79,58.54,65.89,18.24,11.34,43.25,207.08,314.43,0,378.34,41.66,29.33,50.61,55.28,31.91,17.39,66.54,32.71,3.5,9.76,96.37,5.38,18.52,23.44,10.24,18.3,88.01,46.74,275.67,121.13,437.56,45.79,44.59,34.78,77.55,46.29,53.3,105.57,48.54,159.92,73.06,67.63,57.14,463.9,19.22,27.04,122.25,59.26,30.88,17.97,20.48,325.29,27.1,20.33,26.9,43.31,108.5,44.63,33.53,27.65,16.21,9.57,6.46,32.4,12.94,25.61,28.97,14.19,21.48,81.19,8.12,6.94,49.14,34.48,43.96,13.6,30.93],[54.91,18.59,61.62,171.75,20.69,80.66,31.01,5.73,19.88,24.06,21.21,36.14,26.28,83.3,58.94,8.18,52.73,11.12,30.67,117.72,20.11,50.36,94.13,300.68,46.56,65.73,15.66,13.04,54.01,273.43,350.8,378.34,0,79.85,46.22,104.81,97.88,77.61,29.93,119.99,56.13,5.61,16.39,131.15,9.36,24.21,30.74,14.71,32.2,104.73,98.52,638.56,269.82,983.67,101.66,97.06,73.93,160.87,98.23,116.22,228.33,103.23,355.69,158.26,149.25,125.74,981.32,40.19,55.92,261.91,122.18,63.94,36.9,42.45,726.31,46.98,28.82,39.02,57.33,163.42,75.65,43.05,43.52,27.77,11.67,7.89,42.79,15.36,32.15,39.98,17.03,25.63,94.47,13.55,10.26,66.14,41.46,86.53,18.06,41.26],[13.6,5.82,15.31,19.28,5.54,14.95,9.65,7.51,3.46,52.4,7.16,49.26,24.39,37.64,40.21,19.47,87.64,5.78,16.1,38.03,13.36,77.53,96.28,151.72,30.86,106.89,13.49,10.49,39.62,43.98,37.42,41.66,79.85,0,357.44,154.24,42.4,30.65,4.71,9.81,16.01,33.32,8.59,54.16,5.02,5.71,21.5,14.51,8.62,8.33,33.33,196.22,85.68,309.09,33.67,32.69,25.96,57.87,34.54,40.19,80.17,35.89,123.6,55.75,51.79,43.67,316.7,16.63,22.87,104.29,51.83,27.33,15.77,18.13,251.31,29.69,24.07,21.23,8.24,67.21,18.13,64.69,102.98,234.29,20.05,16.91,32.69,27.57,106.61,39.83,2.13,91.59,44,7.64,14.85,15.22,13.89,6.28,7.35,4.39],[107.36,13.75,31.34,90.47,9.09,70.46,12.53,95.28,17.56,58.61,6.46,56.65,21.62,39.28,111.74,70.25,732.84,14.84,35.19,81.32,28.63,110.93,201.53,448.24,44.3,76.64,18.54,9.16,30.5,78.1,39.9,29.33,46.22,357.44,0,159.16,35.12,22.65,30.3,19.14,19.51,10.62,14.08,81.94,8.51,30.68,8.27,5.79,22.49,34.62,34.41,289.09,107.38,415.15,42.61,37.85,31.48,63.33,40.95,54.14,100.96,42.97,176.36,70.63,72.24,61.51,364.49,18.12,23.87,128.26,52.93,28.61,16.14,19.57,310.29,43.77,4.4,74.23,13.57,97.7,17.87,43.67,43.82,150.77,18.61,91.82,108.85,18.94,62.47,110.41,35.9,11.95,59.73,13.92,20.87,17.35,21.68,2.61,15.95,19.42],[39.3,9.46,22.01,50.94,13.71,4.8,36.38,12.74,48.71,12.8,9.37,109.58,143.38,121.47,246.13,30.95,485.9,14.6,51.04,26.12,34.16,15.7,19.21,140.93,8.33,127.23,7.38,8.18,26.16,51.78,69.51,50.61,104.81,154.24,159.16,0,130.44,103.98,5.84,14.94,16.7,17.67,22.41,162.25,13.92,12.96,21.13,15.08,47.53,6.65,55.14,685.41,225.3,904.94,86.39,70.32,53.27,93.53,67.97,99.86,181.57,73.45,341.86,126.05,138.22,115.57,627.16,25.67,31.92,207.9,67.41,37.16,20.14,26.14,629.22,36.65,48.08,32.04,12.65,181.76,29.42,146.39,14.71,131.19,227.59,131.08,12.17,22.65,62.36,12.98,4.55,15.71,37.02,4.84,4.9,184.43,311.48,10.18,7.85,6.63],[44.83,15.42,32.44,151.53,11.4,22.26,18.09,2.19,63.07,17.25,7.83,29.8,23.81,37.29,89.2,4.38,23.65,13.11,34.74,5.94,24.85,37.94,67.76,102.21,32.33,78.03,20.87,9.52,29.81,17.84,74.69,55.28,97.88,42.4,35.12,130.44,0,437.09,200.77,12.84,18.34,24.76,13.08,112.95,7.55,13.2,8.06,4.19,16.57,148.6,23.71,265.49,90.96,356.25,34.73,28.97,20.38,36.75,26.18,36.81,69.37,28.46,124.18,47.67,50.64,41.77,250.36,9.84,12.44,76.29,26.24,14.19,7.75,9.77,260.96,34.21,41.8,89.66,31.26,142.69,53.32,79.58,11.16,11.41,9.87,15.76,10.79,13.46,31.47,88.53,8.17,19.57,27.84,18.61,8.93,34.39,17.65,14.92,9.57,47.05],[24.48,7.57,17.98,102.36,6.22,16.77,20.36,2.17,43.05,8.93,6.7,35.21,13.21,37.78,102.77,3.76,15.23,9.41,24.82,3.78,30.62,28.91,38.35,80.04,17.92,47.23,10.36,6.47,24.31,18.34,140.4,31.91,77.61,30.65,22.65,103.98,437.09,0,115,14.96,12.04,23.05,14.57,81.49,8.7,6.87,8.79,6.1,12.99,95.07,34.4,279.3,108.34,401.92,40.79,36.95,25.46,51.56,33.58,42.01,82.81,35.7,135.55,57.17,56.09,46.17,328.47,13.49,18.05,93.14,39.12,20.72,11.64,13.78,303.52,22.06,19.46,31.18,15.72,106.14,57.29,42.26,14.75,7.73,11.93,15.47,11.34,8.67,26.92,144.56,4.29,11.71,20.81,8.64,4.43,22.43,12.67,7.74,8.39,24.47],[5.79,7.87,15.47,9.81,16.57,13.96,4.07,6.46,1.58,1.66,144.28,32.46,1.65,263.53,12.61,20.84,8.06,14.37,11.69,12.16,4.48,0.45,1.47,39.06,1.05,98.22,1.41,2.23,6.7,13.6,50.25,17.39,29.93,4.71,30.3,5.84,200.77,115,0,5.13,26.19,2.55,19.54,138.31,11.47,24.54,5.72,3.16,36.97,31.99,16.11,203.06,69.54,262.84,23.56,18.36,8.4,13.4,10.18,14.1,27.03,12.72,47.64,17.91,20.06,15.12,136.17,2.62,3.67,20.56,7.62,3.75,1.91,2.67,149.56,15.66,4.92,140.18,3.83,23.81,15.46,109.23,19.9,4.12,0.53,2.14,21.93,9.33,17.65,0,0.59,4.85,12.77,3.73,2.85,4.42,4.45,3.01,0.61,0],[9.66,11.12,22.36,25.05,4.35,16.05,5.76,16.01,3.59,6.87,10.22,22.01,11.16,29.36,9.7,9.57,3.25,7.76,6.43,8.02,5.04,34.06,83.36,205.5,57.28,75.03,1.35,2.06,8.55,3.55,63.51,66.54,119.99,9.81,19.14,14.94,12.84,14.96,5.13,0,237.4,11.48,22.49,182.6,14.21,8.25,11.2,5.41,25.85,3.35,22.62,334.78,106.88,424.9,38.48,29.23,17.04,26.54,20.86,31.39,58.07,24.48,108.09,39.19,44.22,35.26,232.64,6.36,7.92,53.65,16.18,8.45,4.45,6.12,265.24,12.35,6.12,6.34,7.28,135.69,25.62,379.12,50.57,150.81,1.68,173.29,5.96,17.6,29.66,10.93,12.4,75.93,33.98,10.69,6.59,12.41,9.97,1.71,2.79,0.55],[59.02,6.22,15.9,243.08,32.58,73.52,14.11,0,4.79,19.69,8.56,36.17,19.48,44.56,39.81,13.47,58.95,19.16,13.24,10.79,7.53,40.27,89.96,170.33,57.1,63.95,12.67,12.13,34.68,31.7,216.81,32.71,56.13,16.01,19.51,16.7,18.34,12.04,26.19,237.4,0,143.74,204.44,1139.81,104.25,57.46,65.05,27.79,152.48,54.48,30.73,418.79,139.43,530.48,50.51,38.28,17.27,25.72,19.91,28.55,56.61,25.93,97.94,36.58,41.25,30.8,232.94,6.31,7.95,48.3,17.05,8.56,4.32,6.1,357.52,40.09,1.96,13.62,19.99,231.31,47.63,48.73,2.64,19.88,20.34,2.33,8.53,9.94,34.34,54.13,31.25,10.21,58.16,179.86,116.47,60.91,46.35,26.33,3.46,1],[18.78,6.4,14.6,28.71,53.55,84.53,11.08,1.64,52.37,24.28,1.56,15.09,2.79,6.72,9.21,4.52,19.91,24.73,6.25,28.67,7.28,5.04,5.09,89.36,3.1,27.32,18.85,19.39,82.37,5.47,11.08,3.5,5.61,33.32,10.62,17.67,24.76,23.05,2.55,11.48,143.74,0,155.06,2068.64,58.7,45.03,120.36,72.82,173.98,50.5,142.05,1396.01,527.8,1869.72,182.7,149.37,57.01,96.62,68.26,83.6,176.31,87.97,280.66,112.73,121.13,85.81,861.6,20.01,28.37,133.68,63.18,31.16,15.21,20.53,1246.18,4.32,1.95,5.83,77.01,156.6,75.62,45.82,33.25,14.07,2.23,24.82,6.38,6.94,13.39,29.51,2.66,8.79,73.65,8.67,12.73,11.1,27.48,0,25.56,20.76],[55.52,7.64,22.37,53.88,23.73,25.43,9.89,34.68,10.86,10.56,7.2,27.82,12.33,24.02,20.81,3.45,27.74,6.08,6.98,20.33,9.53,10.17,16.59,94.61,11.57,18.88,3.34,5.68,22.77,4.74,33.86,9.76,16.39,8.59,14.08,22.41,13.08,14.57,19.54,22.49,204.44,155.06,0,1540.04,98.69,47.65,47.53,35.95,48.06,44.35,22.42,253.18,90.4,329.65,31.63,24.85,9.72,15.39,11.34,14.82,30.39,15.03,50.15,19.4,21.6,15.4,146.4,3.16,4.42,22.54,9.67,4.7,2.29,3.23,211.73,7.52,12.17,3.3,6.1,221.12,24.62,69.86,14.69,24.1,7.1,82.69,16.34,8.21,26.26,36.41,3.9,9.52,28.19,6.84,7.38,9.39,8.09,18.35,15.91,5.23],[431,65.98,147.54,380.42,167.16,135.38,62.11,294.03,85.1,68.28,66.26,169.5,87.3,176.04,163.99,24.13,184.52,34.37,66.64,133.72,57.65,66.95,155.1,664.51,107.89,149.87,24.57,31.13,102.02,32.55,192.51,96.37,131.15,54.16,81.94,162.25,112.95,81.49,138.31,182.6,1139.81,2068.64,1540.04,0,2210.47,816.35,482.93,254.6,335.03,368.41,140.36,1639.77,578.35,2119.81,201.01,156.43,60.28,93.55,69.59,91.89,187.45,93.98,310.73,119.19,134.78,95.26,910.21,18.96,26.6,135.71,58.3,28.1,13.59,19.52,1329.63,45.84,72.92,24.78,59.78,1283.9,126.58,527.71,62.83,201.53,49.57,415.75,83.02,62.71,144.28,265.26,36.38,81.63,189.98,39.53,35.11,75.86,68.94,163.75,125.27,45.28],[35.52,4.53,13.85,33.58,14.61,15.38,6.17,20.08,6.71,6.8,3.95,16.58,7.28,13.78,12.01,2.14,16.29,3.61,4.2,12.35,5.87,5.95,9.26,56.02,6.43,10.82,2.1,3.36,13.79,2.94,20.08,5.38,9.36,5.02,8.51,13.92,7.55,8.7,11.47,14.21,104.25,58.7,98.69,2210.47,0,50.52,42.34,27.79,33.59,32.57,34.51,346.66,129.89,461.77,44.4,35.94,13.33,22.15,15.86,19.56,41,20.87,65.98,26.03,28.61,20.04,209.27,4.23,6.25,29.19,13.73,6.66,3.19,4.47,291.85,4.29,7.17,1.96,3.16,124.09,14.35,41.65,8.88,13.64,4.06,51.4,10.5,4.75,15.44,23.33,2.57,5.61,18,4.01,4.46,5.72,4.85,11.83,10.49,3.42],[5.66,3.69,10.11,13.86,23.85,18.58,17.93,3.39,29.73,6.74,4.06,18.89,7.3,12.85,19.52,39.15,11.06,8.74,11.4,14.03,6.61,22.97,43.12,70.19,28.94,24.19,3.32,3.58,10.58,6.14,20.52,18.52,24.21,5.71,30.68,12.96,13.2,6.87,24.54,8.25,57.46,45.03,47.65,816.35,50.52,0,365.16,140.79,31.31,33.4,33.13,416.01,143.03,530.3,48.82,37.02,13.41,19.66,14.85,19.98,40.36,21.2,67.9,25.49,30.19,20.54,206.7,3.6,5.27,26.25,11.61,5.39,2.5,3.9,305.43,9.66,6.11,4.28,4.17,44.45,6.31,49.96,12.15,75.84,4.06,14.51,11.2,13.71,23.26,20.28,0.16,32.59,40.56,5.89,3.29,7.59,7.28,6.5,3.83,5.13],[15.48,5.81,19.6,127.35,30.12,74.91,9.95,5.13,0.94,257.22,4.93,8.18,14.87,24.48,65.03,1.75,5.77,12.04,2.76,25.71,11.91,6.65,12.3,95.6,8.18,35.35,5.92,7.07,19.18,5.67,35.16,23.44,30.74,21.5,8.27,21.13,8.06,8.79,5.72,11.2,65.05,120.36,47.53,482.93,42.34,365.16,0,4394.39,114.17,20.12,166.15,1756.76,647,2317.45,214.11,170.74,58.98,94.05,68.28,84.84,176.02,94.62,287.64,110.9,127.75,86.12,993.86,15.76,24.82,108.95,54.64,25.75,11.72,17.79,1319.66,13.6,2.14,2.58,27.2,34.76,27.14,29.21,37.83,87.69,37.64,18.58,12.22,12.42,24.36,1.78,0.64,23.5,46.28,9.75,5.99,11.54,6.45,65.65,15.16,5.46],[13.13,3.13,12.08,92.03,23.94,59.34,6.33,2.44,0.4,107.57,2.59,6.44,7.66,14.07,32.46,1.05,3.22,9.16,1.68,17.72,7.22,3.68,5.61,54.71,3.73,21.61,2.69,3.94,12.34,4.49,17.65,10.24,14.71,14.51,5.79,15.08,4.19,6.1,3.16,5.41,27.79,72.82,35.95,254.6,27.79,140.79,4394.39,0,66.74,14.55,61.06,700.6,249.49,908.65,83.03,64.61,22.54,34.47,25.54,33,67.12,36.13,111.69,42.37,49.83,33.6,377.91,5.76,8.96,40.67,19.78,9.18,4.17,6.52,506.71,6.08,2.1,1.23,11.66,18.27,13.57,30.35,27.64,45.3,15.88,11.81,8.67,5.84,12.05,1.6,0.61,15.76,22.54,7.7,4.39,7.62,4.89,34.69,13.02,4.68],[12.63,36.41,119.16,96,20.68,145.33,15.38,7.61,5.47,2.44,13.74,7.94,15.52,47.69,40,11.01,378.39,10.3,17.32,15.21,10.68,34.63,79.6,165.19,57.26,45.74,23.79,38.45,94.98,12.41,81.16,18.3,32.2,8.62,22.49,47.53,16.57,12.99,36.97,25.85,152.48,173.98,48.06,335.03,33.59,31.31,114.17,66.74,0,698.41,31.45,335.69,122.4,446.77,37.82,30.1,9.98,15.86,11.72,14.23,29,16.36,48.95,18.47,22.1,14.44,210,2.22,3.94,16.01,8.6,4.02,1.77,2.92,206.64,9.95,9.8,27.29,28.49,131.24,39.81,50.59,12.74,20.23,5.48,8.55,8.49,3.67,5.46,20.5,5.96,23.8,81.65,12.81,12.9,72.74,65.49,12.43,4.73,7.1],[29.36,2.97,7.38,57.45,37.31,18.49,21.74,2.74,168.64,6.28,19.03,9.44,46.09,62.2,64.81,23.87,66.8,12.31,11.37,19.16,11.69,33.57,89.05,86.84,72.19,31.27,16.74,26.5,71.22,2.62,59.48,88.01,104.73,8.33,34.62,6.65,148.6,95.07,31.99,3.35,54.48,50.5,44.35,368.41,32.57,33.4,20.12,14.55,698.41,0,32.44,693.77,202.99,824.58,63.46,41.55,15.43,17.42,15.04,25.02,43.85,24.54,84.92,28.73,39.63,25.94,286.31,2.59,3.78,22.58,8.87,3.51,1.56,3.25,334.67,20.93,8.78,2.41,134.62,25.89,191.24,92.14,21.23,93.27,14.82,148.68,125.78,17.26,34.38,35.3,12.31,6.85,93.44,3.92,6.13,26.67,6.36,2.72,77.36,43.31],[53,19.35,44.63,80.99,35.75,46.21,45.44,43.06,22.68,29.54,15.16,54.82,24.36,85.53,38.06,20.28,66.16,26.86,38.76,34.1,31.76,56.93,139.16,149.82,16.11,87.97,5.26,15.66,55.56,46.83,62.39,46.74,98.52,33.33,34.41,55.14,23.71,34.4,16.11,22.62,30.73,142.05,22.42,140.36,34.51,33.13,166.15,61.06,31.45,32.44,0,0,0,0,0,0,0,0,0,0,0,0,0,0,0,0,0,0,0,0,0,0,0,0,0,31.88,45.04,39.44,21.97,139.69,48.46,250.58,27.34,22.77,10.95,13.85,22.24,12.72,23.58,43.58,16.12,29.36,57,15.4,56.19,33.43,35.48,6.71,62.07,20.93],[550.6,80.09,255.95,1039.62,167.18,395.62,219.23,496.93,138.85,252.32,65.41,304.12,211.62,472.3,345.36,119.54,471.65,194.63,484.48,211.43,203.28,382.52,627.09,1345.07,84.51,468.44,114.27,79.22,363.88,442.18,500.34,275.67,638.56,196.22,289.09,685.41,265.49,279.3,203.06,334.78,418.79,1396.01,253.18,1639.77,346.66,416.01,1756.76,700.6,335.69,693.77,0,0,0,0,0,0,0,0,0,0,0,0,0,0,0,0,0,0,0,0,0,0,0,0,0,196.47,264.45,214.56,182.51,1492.06,327.79,1085.43,189.31,121.99,116.61,126.81,154.34,73.78,163.06,539.81,144.37,193,688.74,96.46,202.19,271.27,207.63,71.1,1018.1,225.5],[180.76,39.01,106.72,320.33,75.71,137.75,99.14,158.89,56.32,89.67,31.88,130.71,75.51,204.33,121.9,50.4,182.14,74.71,154.55,87.94,83.27,155.8,311.85,484.61,38.69,211.16,32.09,36.28,148.54,158.38,190.08,121.13,269.82,85.68,107.38,225.3,90.96,108.34,69.54,106.88,139.43,527.8,90.4,578.35,129.89,143.03,647,249.49,122.4,202.99,0,0,0,0,0,0,0,0,0,0,0,0,0,0,0,0,0,0,0,0,0,0,0,0,0,87.46,119.25,101.08,69.44,520.27,138.22,567.52,75.7,55.49,39.2,44.83,60.82,31.3,64.43,168.74,50.14,76.55,220.64,38.71,108.39,97.81,86.1,23.25,295.95,73.32],[771.34,144.54,413.38,1404.96,290.84,580.88,374.93,679.65,219.81,365.72,116.02,494.75,304.49,768.23,491.2,190.27,711.34,291.34,646.43,331.06,315.51,582.98,1088.13,1911.78,139.63,770.05,140.43,132.18,559.84,618.27,729.12,437.56,983.67,309.09,415.15,904.94,356.25,401.92,262.84,424.9,530.48,1869.72,329.65,2119.81,461.77,530.3,2317.45,908.65,446.77,824.58,0,0,0,0,0,0,0,0,0,0,0,0,0,0,0,0,0,0,0,0,0,0,0,0,0,303.96,415.72,345.01,260.12,2013.17,490.28,1863.22,284.04,197.46,159.8,179.7,233.41,117.06,246.27,726.15,205.24,294.94,925.74,150.15,379.25,397.02,330.24,98.97,1321.03,312.94],[76.18,16.86,45.09,134.07,32.91,58.74,42.03,65.61,23.56,37.15,13.29,53.92,30.87,83.92,49.49,20.61,73.78,29.81,61.37,35.39,33.43,61.11,122.18,188.91,15.01,82.23,12.14,14.12,56.99,58.06,70.18,45.79,101.66,33.67,42.61,86.39,34.73,40.79,23.56,38.48,50.51,182.7,31.63,201.01,44.4,48.82,214.11,83.03,37.82,63.46,0,0,0,0,0,0,0,0,0,0,0,0,0,0,0,0,0,0,0,0,0,0,0,0,0,32.97,45.53,38.16,27.5,203.62,53.1,221.05,30.97,22.36,16.08,18.18,24.87,13.09,26.57,73.25,21.72,32.51,92.36,16.58,46.46,41.72,36.87,9.88,122.82,30.78],[63.39,16.6,42.19,107.74,31.23,50.22,40.38,53.58,21.74,32.27,13.26,51.33,26.9,80.34,42.91,19.57,66.78,26.91,49.83,33.51,31.39,57.25,125.51,165.6,14.87,80.83,8.64,13.96,53.4,50.29,63.42,44.59,97.06,32.69,37.85,70.32,28.97,36.95,18.36,29.23,38.28,149.37,24.85,156.43,35.94,37.02,170.74,64.61,30.1,41.55,0,0,0,0,0,0,0,0,0,0,0,0,0,0,0,0,0,0,0,0,0,0,0,0,0,32.13,44.71,38.31,24.51,170.43,49.99,231.36,28.59,22.08,13.4,15.75,22.94,12.45,24.44,54.74,17.98,29.77,74.22,15.27,48.31,36.33,34.54,8.15,94.39,25.49],[71.49,18.83,45.94,122.1,37.71,60.2,44.31,57.14,23.19,33.61,13.59,52,26.43,79.36,41.03,18.77,64.73,25.18,46.71,30.76,28.98,48.32,105.68,145.06,12.65,69.93,7.56,12,44.89,37.86,49.02,34.78,73.93,25.96,31.48,53.27,20.38,25.46,8.4,17.04,17.27,57.01,9.72,60.28,13.33,13.41,58.98,22.54,9.98,15.43,0,0,0,0,0,0,0,0,0,0,0,0,0,0,0,0,0,0,0,0,0,0,0,0,0,21.33,31.19,25.69,17.82,118.97,32.8,157.26,24.14,18.11,12.18,14.62,21.06,11.76,22.34,58.62,18.48,29.11,71.96,15.83,48.65,38.59,35.92,9,102.87,28.25],[138.48,45.11,103.21,223.06,88.19,123.58,102.75,107.12,51.27,68.46,32.31,117.61,53.37,179.61,81.72,41.86,137.69,53.39,84.42,67.81,63.38,104.15,249.91,289.87,28.98,159.96,11.06,27.78,97.92,74.51,101.72,77.55,160.87,57.87,63.33,93.53,36.75,51.56,13.4,26.54,25.72,96.62,15.39,93.55,22.15,19.66,94.05,34.47,15.86,17.42,0,0,0,0,0,0,0,0,0,0,0,0,0,0,0,0,0,0,0,0,0,0,0,0,0,46.61,69.1,58.21,35.47,214.55,69.91,381.44,51.22,41.16,22.73,28.91,44.97,26.34,47.68,101.93,36.54,63.35,128.44,34.91,121.02,79.32,80.57,17.17,170.97,53.97],[90.76,24.19,59.01,154.72,48.01,76.33,57.03,72.75,29.83,43.02,17.65,67.33,33.98,103.13,52.83,24.46,83.76,32.76,59.66,40.21,37.83,63.49,141.27,187.78,16.75,92.5,9.41,15.97,59.21,49.5,64.66,46.29,98.23,34.54,40.95,67.97,26.18,33.58,10.18,20.86,19.91,68.26,11.34,69.59,15.86,14.85,68.28,25.54,11.72,15.04,0,0,0,0,0,0,0,0,0,0,0,0,0,0,0,0,0,0,0,0,0,0,0,0,0,28.64,41.86,34.83,23.23,151.76,43.67,216.11,31.58,24.06,15.58,18.85,27.5,15.37,29.09,72.87,23.53,37.83,91.14,20.47,64.1,49.37,46.5,11.42,129.93,35.89],[135.25,26.99,72.31,246.38,56.1,108.39,66.53,111.37,37.19,59.37,19.59,80.45,46.62,122.4,73.01,29.5,107.49,41.86,90.79,48.78,46.4,77.87,152.67,254.04,18.91,104.92,16.62,17.76,71.16,65.38,80.88,53.3,116.22,40.19,54.14,99.86,36.81,42.01,14.1,31.39,28.55,83.6,14.82,91.89,19.56,19.98,84.84,33,14.23,25.02,0,0,0,0,0,0,0,0,0,0,0,0,0,0,0,0,0,0,0,0,0,0,0,0,0,32.77,47.69,38.27,29.9,210.96,51.32,222.22,39.47,27.6,22.57,26,34.8,18.5,36.81,113.16,32.92,47.57,138.43,25.59,67.55,67.28,56.98,17.04,219.84,53.84],[218.26,50.81,130.38,382.36,100.56,174.18,122.24,179.28,66.55,102.06,37.77,149.34,81.9,230.03,129.16,55.5,194.06,76.26,153.42,92.35,87.13,149.01,310.41,458.6,37.31,205.92,26.78,35.19,136.12,121.52,153.41,105.57,228.33,80.17,100.96,181.57,69.37,82.81,27.03,58.07,56.61,176.31,30.39,187.45,41,40.36,176.02,67.12,29,43.85,0,0,0,0,0,0,0,0,0,0,0,0,0,0,0,0,0,0,0,0,0,0,0,0,0,68.01,98.31,80.71,58.66,405.17,105.87,481.64,76.04,55.34,40.02,46.51,64.98,35.26,68.99,186.31,57.35,88.2,237.07,46.84,135.53,117.11,105.11,28.01,340.03,87.52],[91.35,24.76,60.43,154.78,48.8,76.4,58.49,73.73,30.62,44.03,18.26,69.59,35.03,106.69,54.63,25.3,86.72,33.98,62.06,41.71,39.29,66.44,146.79,197.15,17.5,96.65,10.07,16.66,62.04,52.8,68.22,48.54,103.23,35.89,42.97,73.45,28.46,35.7,12.72,24.48,25.93,87.97,15.03,93.98,20.87,21.2,94.62,36.13,16.36,24.54,0,0,0,0,0,0,0,0,0,0,0,0,0,0,0,0,0,0,0,0,0,0,0,0,0,29.98,43.66,36.08,24.49,164.77,45.59,215.59,32.7,24.78,16.21,19.53,28.33,15.78,29.99,74.49,23.89,38.5,94.1,20.76,64.99,50.07,47.24,11.51,130.49,36.23],[439.35,74.74,213.69,814.96,155.98,333.6,188.3,363.01,110.39,189.03,54.95,236.9,150.09,362.24,238.23,89.03,331.59,129.15,306.2,148.86,142.05,241.62,439.14,817.05,55.32,306.85,59.15,51.27,215.64,208.99,251.85,159.92,355.69,123.6,176.36,341.86,124.18,135.55,47.64,108.09,97.94,280.66,50.15,310.73,65.98,67.9,287.64,111.69,48.95,84.92,0,0,0,0,0,0,0,0,0,0,0,0,0,0,0,0,0,0,0,0,0,0,0,0,0,103.43,148.52,117.95,100.62,733.09,166.38,667.47,127.98,84.83,77.32,85.7,110.51,57.22,117.59,411.03,112.61,152.03,486.19,80.33,188.21,219.02,175.32,56.99,766.75,177.62],[160.24,35.1,91.66,285.01,70.08,127.34,85.09,131.02,46.78,73.11,26.06,104.17,58.25,160.22,91.72,38.75,136.51,53.48,109.84,64.44,60.81,103.66,214.18,322.05,25.76,142.05,19.24,24.2,94.42,84.5,106.65,73.06,158.26,55.75,70.63,126.05,47.67,57.17,17.91,39.19,36.58,112.73,19.4,119.19,26.03,25.49,110.9,42.37,18.47,28.73,0,0,0,0,0,0,0,0,0,0,0,0,0,0,0,0,0,0,0,0,0,0,0,0,0,47.07,68.15,56.03,40.82,279.25,73.46,338.62,53.39,38.71,28.46,32.96,45.83,24.76,48.65,139.03,41.7,62.63,171.27,33.32,93.97,84.38,74.4,20.55,254.95,64.23],[175.18,32.82,90.39,319.8,67.88,135.29,81.37,144.55,46.55,77.07,24.01,100.75,61.17,153.98,96.71,37.53,137.34,53.3,122.03,62.48,59.43,100.77,189.54,334.06,23.65,131,23.04,21.94,90.34,85.79,104.55,67.63,149.25,51.79,72.24,138.22,50.64,56.09,20.06,44.22,41.25,121.13,21.6,134.78,28.61,30.19,127.75,49.83,22.1,39.63,0,0,0,0,0,0,0,0,0,0,0,0,0,0,0,0,0,0,0,0,0,0,0,0,0,42.98,62.02,49.37,40.65,293.84,68.13,278.94,52.22,35.46,30.91,34.67,45.44,23.87,48.31,157.25,44.4,62.17,191.47,33.05,82.28,88.35,72.9,22.56,296.16,70.56],[161.3,29.15,80.79,298.66,61.58,127.04,72.71,132.49,41.59,68.9,21,88.67,53.88,134.58,84.57,32.64,120.96,46.76,107.36,53.95,51.48,86.04,160.97,288.96,20.21,112.22,20.07,18.79,77.35,72.33,88.32,57.14,125.74,43.67,61.51,115.57,41.77,46.17,15.12,35.26,30.8,85.81,15.4,95.26,20.04,20.54,86.12,33.6,14.44,25.94,0,0,0,0,0,0,0,0,0,0,0,0,0,0,0,0,0,0,0,0,0,0,0,0,0,35.22,51.24,40.54,33.71,241.35,55.73,231.02,44.43,30.06,26.62,30.12,39.3,20.63,41.66,139.14,39.07,54.13,166.77,29.09,71.52,78.69,64.23,20.46,271.41,64.39],[750.42,211.53,514.56,1278.96,434.91,676.9,522.55,632.78,270.63,367.92,159.29,605.17,292.67,926.03,453.52,216.8,773.29,317.27,519.25,358.52,341.87,590.77,1337.88,1730.87,162.76,910.36,87.89,164.59,603.48,534.19,686.78,463.9,981.32,316.7,364.49,627.16,250.36,328.47,136.17,232.64,232.94,861.6,146.4,910.21,209.27,206.7,993.86,377.91,210,286.31,0,0,0,0,0,0,0,0,0,0,0,0,0,0,0,0,0,0,0,0,0,0,0,0,0,271.39,392.54,333.09,207.01,1380.14,409.67,1961.01,269.9,209.6,129.24,161.24,237.43,128.13,245.57,606.08,191.19,310.37,722.45,167.53,537.93,398.11,381.79,91.15,1023.62,292.97],[35.2,12.1,27.13,53.03,20.55,26.99,25,24.89,12.57,18.24,8.71,30.9,14.49,47.95,22.85,11.45,34.4,12.91,21.88,18.64,17.04,28.2,67.01,74.35,7.32,40.07,2.73,6.76,23.84,17.17,23.62,19.22,40.19,16.63,18.12,25.67,9.84,13.49,2.62,6.36,6.31,20.01,3.16,18.96,4.23,3.6,15.76,5.76,2.22,2.59,0,0,0,0,0,0,0,0,0,0,0,0,0,0,0,0,0,0,0,0,0,0,0,0,0,13.01,19.43,16.31,11.62,68.82,21.9,127.8,16.91,12.87,7.25,8.39,13.55,8.6,15.04,44.54,14.57,22.08,44,11.67,39.57,25.09,26.07,5,46.56,14.53],[44.87,17.27,37.7,65.06,29.34,36.03,35.6,31.72,17.49,24.14,12.43,43.25,19.1,66.95,29.83,15.82,47.12,17.77,27.32,25.65,23.43,38.61,95.27,98.96,10.38,56.84,3.06,9.68,33.35,23.21,32.54,27.04,55.92,22.87,23.87,31.92,12.44,18.05,3.67,7.92,7.95,28.37,4.42,26.6,6.25,5.27,24.82,8.96,3.94,3.78,0,0,0,0,0,0,0,0,0,0,0,0,0,0,0,0,0,0,0,0,0,0,0,0,0,17.78,26.68,22.55,14.96,85.28,29.15,176.65,22.37,17.65,9.05,10.88,18.16,11.68,20.06,51.54,18.24,29.36,52.68,15.65,56.04,32.62,35.36,6.25,52.86,18.31],[278.89,70.24,172.67,464.24,125.66,203.92,153.86,209.63,82.81,132.35,50.99,194.32,105.38,300.72,167.61,73.01,236.3,89.5,183.27,120.02,111.39,186.2,396.08,544.65,45.22,248.9,28.99,41.71,157.43,126.3,164.12,122.25,261.91,104.29,128.26,207.9,76.29,93.14,20.56,53.65,48.3,133.68,22.54,135.71,29.19,26.25,108.95,40.67,16.01,22.58,0,0,0,0,0,0,0,0,0,0,0,0,0,0,0,0,0,0,0,0,0,0,0,0,0,82.46,121.88,99.83,79.56,513.18,139.24,718.52,110.58,78.5,55.54,61.43,90.03,53.32,99.03,346.2,101.22,140.84,350.74,73.96,216.63,174.87,162.33,39.21,442.68,115.59],[98.41,39.68,85.26,138.62,65.27,77.49,79.48,67.08,38.78,53.66,28.41,97.42,42.31,15