{"data":[[0,86.42,32.99,60.06,734.88,40.87,32.38,66.92,51.82,176.15,24.4,21.31,31.32,29.1,40.31,10.66,34.15,14.35,59.12,81.6,59.65,14.73,13.34,2.08,38.66,4.2,84.18,3.33,35.01,5.86,35.96,3.35,10.42,15.63,2.1,7.14,16.55,10.78,7.29,4.52,15.99,52.99,5.11,11.34,4.74,4.35,4.55,1.75,9.09,3.31,333.02,56.93,9.52,2.9,8.46,10.56,8.97,11.11,1.47,11.22,3.51,6.14,1.88,16.16,131.34,1.24,4.8,3.1,1.51,4.35,3.91,96.3,8.91,128.97,6.24,19.33,2.57,8.91,5.48,92.97,142.71,2.32,6.77,19.16,33.07,28.42,7.09,135.42,8.91,4.64,17.2,28.24,78.81,25.59,3.87,58.94,34.96,26.53,47.26,223.37],[86.42,0,115.57,102.45,121.65,4.85,4.98,2.67,3.51,13.35,17.97,41.31,7.44,16.66,10.69,2.17,4.93,4.88,9.52,15.32,11.01,2.6,2.86,4.49,8.32,4.56,24.54,0.13,7.52,1.08,11.25,0.53,1.17,8.82,4.58,4.65,3.08,0.93,1.1,0.84,2.29,10.86,3.18,4.9,1.82,0.56,4.94,0.24,1.24,0.44,43,7.33,1.22,0.37,1.17,1.36,1.16,1.48,0.2,1.46,0.47,0.8,0.25,2.07,17.71,0.17,0.64,0.44,0.2,0.63,0.54,12.72,0.93,7.49,0.34,0.77,0.52,0.35,8.3,5.5,2,2.86,5.58,2.62,3.37,5.61,0.24,5.06,3.9,6.85,7.07,18.38,15.66,21.23,30.04,5.29,9.17,8.67,56.13,42.59],[32.99,115.57,0,81.47,43.85,1.58,1.88,1.76,1.63,5.46,7.65,20.55,4.03,7.75,5.37,2.13,2.43,2.19,9.4,18.03,12.94,1.65,3.34,2.05,9.57,2.54,12.08,0.14,7.58,0.71,4.34,0.52,1.01,3.66,1.83,2.37,2.07,0.74,0.43,0.89,1.07,4.75,1.21,1.97,0.68,0.37,2.04,0.79,3.41,1.14,96.27,16.43,2.82,0.89,3.79,3.2,2.86,4.02,0.63,3.61,1.27,1.99,0.68,4.83,50.33,0.54,1.8,1.47,0.59,2.17,1.6,30.87,1.17,8.61,0.14,0.4,0.39,0.15,3.13,6.4,2,1.08,2.69,3.18,3.36,6.26,0.23,2.37,1.5,3.27,8.15,15.36,14.13,10.66,12.29,6.86,4.37,6.34,28.83,22.73],[60.06,102.45,81.47,0,155.42,7.28,8.36,4.86,4.97,18.43,32.47,115.68,72.16,29.01,27.52,7.75,9.25,8.25,20.86,34.74,24.68,4.88,7.59,6.88,20.05,7.53,45.63,0.78,15.42,2.18,18.3,1.82,4.97,14.62,6.73,7.73,5.75,1.89,1.65,3.83,4.67,19.22,4.74,7.77,2.73,1.07,7.31,1.07,5.09,1.75,158.77,26.89,4.53,1.39,4.97,5.04,4.39,5.86,0.85,5.55,1.85,3.06,0.97,7.63,72.3,0.71,2.53,1.86,0.81,2.67,2.15,48.39,2.2,16.18,0.5,1.4,1.34,0.59,11.84,11.15,3.63,4.27,8.61,6.31,6.5,11.94,1.16,9.34,5.6,10.78,14.46,36.88,26.85,33.46,44.79,11.67,10.99,13.29,65.91,36.73],[734.88,121.65,43.85,155.42,0,181.17,379.87,80.54,79.3,211.18,97.23,28.23,86.57,29.46,43.98,59.13,36.76,22.13,69.24,159.37,115.96,6.38,30.16,9.71,83.38,34.68,389.85,14.85,67.29,34.23,40.54,65.86,32.49,57.01,11.35,8.52,42.73,62.45,27.35,25.68,99.73,407.4,32.94,64.32,25.15,29.55,28.46,4.54,25.85,9.72,1035.99,177.03,29.44,8.92,22.21,32.53,27.32,32.34,3.92,33.77,10.19,18.57,5.42,50.15,376.97,3.24,13.45,7.66,4.12,10.32,10.33,288.13,9.55,273.05,16.53,69.64,4.51,19.19,72.12,95.65,54.05,46.82,12.28,16.13,62.9,65.82,25.03,157.09,248.64,21.46,79.87,176.53,228.53,98.13,23.27,195.05,9.46,53.67,183.25,127.59],[40.87,4.85,1.58,7.28,181.17,0,241.75,3.69,5.11,9.68,3.45,0.24,0.57,0.46,0.55,0.6,0.31,0,2.09,2.05,1.49,0.48,2.8,0,7.57,12.76,7.38,0,5.12,4.34,2.81,0,0.34,0.14,0,0.83,0,2.11,0,0.41,1.45,5.98,0.31,0.85,0,2.95,0.16,0.19,1.26,0.49,56.48,9.65,1.59,0.47,0.95,1.74,1.44,1.61,0.17,1.77,0.5,0.97,0.26,2.71,18.35,0.14,0.65,0.3,0.19,0.39,0.47,15.12,0,13.99,0.39,1.58,0.1,0,0.2,9.18,2.63,0.52,0.66,0.36,0.74,1.97,1.02,2.01,0.62,0,1.1,4.94,25.67,5.9,0.8,7.2,0.19,2.61,6.91,10.06],[32.38,4.98,1.88,8.36,379.87,241.75,0,17.56,24,86.09,5.53,9.3,1.51,0,11.55,0.21,13.16,0.78,6.18,11.66,9.06,0.26,4.52,0.92,12.71,2.98,6.43,0.16,9.81,0,0.41,0.7,0,0.18,0,0,0,1.21,0.11,0,8.22,32.26,2.01,5.77,0,0.12,287.9,0.4,2.33,0.88,95.07,16.24,2.7,0.82,2.02,3,2.53,2.97,0.35,3.08,0.93,1.71,0.49,4.64,35.24,0.28,1.2,0.66,0.36,0.87,0.89,26.04,2.04,12.63,0,0.7,0.25,0,1.27,12.77,0.2,0.11,1.11,0.52,1.21,12.12,0.13,3.2,0.15,0,1.81,5.01,26.79,11.69,5.98,21.11,1.28,33.77,8.03,13.68],[66.92,2.67,1.76,4.86,80.54,3.69,17.56,0,39.53,166.01,5.42,0.5,1.53,4.03,3.21,1.89,0.77,3.23,8.15,1.86,1.37,2.8,1.85,3.73,5.35,1.52,73.98,3.26,1.38,1.08,2.27,0.67,1.65,0.89,1.66,2.29,1.77,1.91,0.98,5.23,3.08,13.29,0.52,1.29,0.3,2.43,6.94,0.82,3.48,1.2,105.94,18.17,3.16,1.01,4.21,3.61,3.28,4.53,0.69,3.98,1.42,2.24,0.74,5.57,58.74,0.54,1.84,1.43,0.56,1.97,1.51,32.47,0.26,9.75,1.08,6.19,0.4,1.01,1.48,6.65,2.59,0.43,1.41,1.2,2.04,4.09,1.5,3.98,2.1,0.37,3.49,4.68,7.73,4.42,0.55,10.1,0.44,3.81,20.71,5.12],[51.82,3.51,1.63,4.97,79.3,5.11,24,39.53,0,298.99,12.35,0.75,1.61,7.24,9.94,1.15,0.51,0.84,4.94,7.06,5.18,1.35,1.51,0.2,4.14,1.8,20.87,4.36,2.14,2.17,2.45,2.05,1.71,1.86,0.98,4,2.88,3.93,1.63,12.55,7.04,30.88,0.73,1.64,0.54,3.77,12.19,0.38,1.93,0.7,71.47,12.23,2.06,0.64,1.93,2.31,2,2.49,0.33,2.43,0.78,1.35,0.41,3.59,30.81,0.26,1,0.64,0.3,0.85,0.77,20.22,0.8,12,0.52,1.82,0.49,0.11,2.18,8.85,4.83,0.83,2.26,1.38,6.98,2.39,0.57,7.1,2.04,0.62,7.18,7.18,23.58,8.59,0.92,19.27,0.37,3.85,30.09,8.57],[176.15,13.35,5.46,18.43,211.18,9.68,86.09,166.01,298.99,0,34.49,2.31,7.72,18.79,37.65,3.56,2.77,2.45,21.06,26.63,19.61,5.2,7.76,0.88,21.47,7.49,71.27,12.25,7.76,6.81,9.21,9.97,5.57,8.07,3.7,15.95,7.47,9.16,3.39,48.54,23.43,98.57,2.65,6.21,1.16,16.55,39.13,1.35,7.46,2.81,299.34,51.24,8.59,2.65,6.9,9.59,8.18,9.75,1.19,9.87,3.06,5.5,1.61,14.92,118.51,0.95,3.86,2.22,1.15,2.89,2.84,82.37,4.02,48.55,2.08,7.46,1.14,0.61,5.01,30.94,17.67,2.78,6.28,3.32,29.75,12.24,1.45,18.29,7.96,1.67,22.64,17.18,87.2,32.69,3.68,79.41,0.88,13.91,63.08,28.23],[24.4,17.97,7.65,32.47,97.23,3.45,5.53,5.42,12.35,34.49,0,8.9,8.14,14.69,10.56,7.67,9.39,7.92,7.92,9.54,6.92,1.96,5.32,2.1,13.54,2.21,29.63,1.42,1.8,1.12,10.98,4.07,1.45,1.92,2.46,5.26,21.08,4.83,1.49,4.21,5.08,22.82,4.88,7.55,0.88,3.92,4.78,0.61,2.76,0.93,81.79,13.84,2.36,0.74,2.84,2.65,2.35,3.23,0.48,2.92,1.01,1.63,0.52,4.03,41.72,0.38,1.32,1,0.41,1.39,1.1,25.2,1.87,25.31,0.24,1.55,0.9,2.9,22.8,17.72,3.02,2.53,3.47,2.92,14.83,10.06,0.2,8.05,12.42,10.05,1.86,14.4,17,7.88,2.53,8.41,8.9,4.8,21.73,8.84],[21.31,41.31,20.55,115.68,28.23,0.24,9.3,0.5,0.75,2.31,8.9,0,499.13,50.7,58.04,24.4,12.44,1.59,13.6,7.8,5.4,4.71,31.75,4.89,83.43,0.23,34.13,6.29,3.79,2.18,5.06,24.01,1.63,1.31,0.26,1.88,9.37,2.06,0.32,0.11,10.7,35.93,0.57,1.54,0,1.26,1.49,0.58,3.89,1.47,158.98,26.7,4.32,1.25,2.51,4.63,3.75,4.32,0.47,4.8,1.35,2.6,0.71,7.02,48.57,0.4,1.82,0.9,0.56,1.21,1.41,44.78,0.7,11.66,0.28,1.22,0.32,0.89,1.03,21.14,1.3,1.65,8.43,4.82,3.5,16.67,1.16,3.66,3.37,1.15,4.09,20.22,15.92,12.7,15.47,17.28,0.57,7.19,8.83,0.58],[31.32,7.44,4.03,72.16,86.57,0.57,1.51,1.53,1.61,7.72,8.14,499.13,0,70.85,104.58,24.48,52.02,37.09,15.59,12.34,8.28,6.28,15.24,7.77,32.28,0.59,29.7,13.81,10.99,5.1,40.74,12.47,7.92,33.39,3.01,2.14,10.23,9.07,1.21,0.81,4.76,17.15,1.08,2.92,0,0.7,0.55,0.61,3.66,1.3,130.32,21.71,3.54,1.03,2.6,3.79,3.14,3.88,0.48,4.04,1.21,2.2,0.63,5.7,45.86,0.39,1.62,0.95,0.51,1.32,1.31,38.28,1.02,6.37,0.22,1.3,0.34,0.87,0.83,10.68,1.12,12.69,9.1,4.4,3.55,0.39,2.58,11.92,9.89,0.19,5.42,38.51,79.22,13.86,3.3,11.2,1.37,3.49,19.86,11.3],[29.1,16.66,7.75,29.01,29.46,0.46,0,4.03,7.24,18.79,14.69,50.7,70.85,0,572.23,106.23,350.11,45.25,28.78,28.61,19.34,10.71,11.69,23.97,35.78,0.25,74.91,0.44,18.65,1.19,4.78,9.96,8.05,1.56,5.62,4.68,9.02,9.34,1.26,0.85,7.6,32.25,0.74,1.24,1.5,2.08,410.63,1,5.44,1.88,176.43,29.33,4.79,1.41,4.11,5.15,4.32,5.59,0.75,5.64,1.75,3.04,0.91,7.68,67.25,0.62,2.41,1.58,0.77,2.26,2.04,54.93,4.6,43.41,0.38,1.84,0.23,5.58,8.87,59.76,54.37,24.36,17.75,12.89,27.75,0.5,15.84,14.98,51.74,1.13,13.75,58.91,14.17,23.77,30.09,52.89,0.36,2.07,20.84,11.29],[40.31,10.69,5.37,27.52,43.98,0.55,11.55,3.21,9.94,37.65,10.56,58.04,104.58,572.23,0,52.5,117.02,20.86,18.57,10.38,7.04,7.41,23.41,3.32,59.07,7.11,31.67,9.84,21.23,2.83,9.34,5.15,2.21,18.42,18.79,0.8,10.86,4.78,0.29,1.71,3.57,14.69,6.63,10.3,1.35,1.81,77.91,2.31,10.65,3.41,275.57,45.74,7.66,2.34,9.41,8.42,7.39,10.63,1.68,9.66,3.36,5.27,1.73,12.41,136.92,1.37,4.63,3.68,1.5,5.37,4.13,92.79,2.49,63.45,0.88,6.33,0.17,2.06,2.73,17.04,10.88,5.96,10.83,25.52,44.55,14.96,1.92,24.69,37.92,25.62,7.43,17.07,18.82,12.9,14.77,11.35,2.53,3.59,7.54,8.91],[10.66,2.17,2.13,7.75,59.13,0.6,0.21,1.89,1.15,3.56,7.67,24.4,24.48,106.23,52.5,0,12.65,10.49,24.24,29.64,21.76,6.08,7.39,13.77,34.85,11.52,68.72,2.56,21.16,17.49,18.55,7.05,8.21,6.17,5.12,3.19,15.32,8.22,1.23,2.13,4.47,16.15,2.06,5.36,1.1,14.09,0.93,0.84,4.72,1.64,154.01,25.51,4.13,1.2,3.33,4.41,3.65,4.7,0.62,4.84,1.48,2.59,0.76,6.53,56.27,0.52,2.05,1.31,0.66,1.87,1.74,48.67,0.76,12.18,2.06,7.41,0.34,1.28,23.26,7.31,3.08,16.08,16.49,79.48,16.21,14.57,6.43,9.39,3.71,1.29,9.24,29.39,81.2,25.45,1.09,40.28,2.2,15.04,2.08,4.91],[34.15,4.93,2.43,9.25,36.76,0.31,13.16,0.77,0.51,2.77,9.39,12.44,52.02,350.11,117.02,12.65,0,34.85,23.11,5.62,3.54,11.21,19.07,0.78,26.44,1.25,30.86,9.75,7.23,3.24,8.26,5.15,0.91,21.37,25.35,0.15,11.67,3.79,0.11,0,2.56,12.01,4.23,6.46,1.52,1.66,0.28,0.99,4.11,1.22,83.45,13.78,2.38,0.76,4,2.68,2.49,3.96,0.7,3.24,1.25,1.8,0.63,3.91,54.24,0.55,1.69,1.53,0.55,2.23,1.56,30.41,1.63,27.28,0.55,2.9,0.11,1.32,1.6,7.32,1.04,5.56,4.06,10.64,29.48,10.55,0.61,15.22,39.53,27.92,3.08,2.43,6.54,3.51,0.98,2.32,2.51,1.76,2.42,7.53],[14.35,4.88,2.19,8.25,22.13,0,0.78,3.23,0.84,2.45,7.92,1.59,37.09,45.25,20.86,10.49,34.85,0,56.13,49.71,29.07,20.02,20.76,1.09,35.16,7.67,112.5,8.1,28.4,8.82,30.35,7.25,13.18,6.84,0.45,1.85,3.97,6.29,5.88,5.66,23.65,101.73,4.15,6.95,0.75,7.17,2.15,1.41,8,2.76,259,42.62,6.95,2.03,5.61,7.39,6.18,7.98,1.05,8,2.48,4.38,1.26,10.99,99.22,0.82,3.23,2.02,1,2.77,2.62,78.35,5.97,21.79,1.61,5.73,0.61,15.63,24.92,175.22,4.3,1.28,5.56,12.78,33.2,3.02,25.57,12.52,3.52,0.26,3.44,24.15,32.04,7.55,2.01,4.32,0.66,4.8,34.54,3.93],[59.12,9.52,9.4,20.86,69.24,2.09,6.18,8.15,4.94,21.06,7.92,13.6,15.59,28.78,18.57,24.24,23.11,56.13,0,104.04,71.62,95.71,20.27,44.34,28.37,5.84,98.8,20.17,27.52,8.78,29.89,8.3,7.59,8.35,57.94,3.14,36.54,34.26,10.28,2.88,14.68,68.43,44.28,65.7,37.1,13.66,24.73,0.64,3.38,1.1,93.65,15.18,2.48,0.73,2.43,2.64,2.26,3.14,0.45,2.94,0.97,1.63,0.48,3.86,42.58,0.34,1.24,0.87,0.38,1.2,1.03,30.39,6.18,66.58,2.25,7.69,18.81,7.25,26.08,6.55,10.8,5.5,4.62,6.79,22.96,5.27,2.91,35.21,18.14,2.73,21.99,70.75,13.97,22.33,19.06,24.74,21.86,6.32,32.9,88.27],[81.6,15.32,18.03,34.74,159.37,2.05,11.66,1.86,7.06,26.63,9.54,7.8,12.34,28.61,10.38,29.64,5.62,49.71,104.04,0,181.99,38.6,40.8,0.82,49.34,3.17,141.64,13.88,13.32,9.54,23.29,6.26,8.81,2.04,161.48,5.03,74.24,27.2,12.55,4.74,17.58,84.31,126.4,186.58,77.75,16.04,26.27,1.15,5.08,1.53,110.65,18.04,3.05,0.94,4.38,3.35,3.03,4.69,0.8,3.97,1.47,2.2,0.73,4.87,65.17,0.6,1.92,1.62,0.6,2.29,1.71,39.6,0.54,68.94,3.03,8.08,43.69,5.16,8.78,4.65,9.11,9.21,9.91,17.64,1.96,1.83,4.31,48.36,3.77,4.49,48.18,35.04,4.74,23.42,34.63,19,32.33,2.9,88.79,51.92],[59.65,11.01,12.94,24.68,115.96,1.49,9.06,1.37,5.18,19.61,6.92,5.4,8.28,19.34,7.04,21.76,3.54,29.07,71.62,181.99,0,21.18,26.7,0.63,36.66,2.46,109.33,10.76,10.45,7.38,17.98,4.89,6.8,1.57,124.46,3.88,55.74,20.12,9.74,3.67,13.48,64.71,97.35,143.66,59.72,12.37,20.3,1.04,4.76,1.46,109.34,17.8,2.98,0.9,3.91,3.24,2.89,4.36,0.72,3.79,1.37,2.09,0.68,4.71,60.4,0.54,1.78,1.45,0.56,2.06,1.58,38.45,0.42,53.23,2.34,6.26,33.68,3.99,6.81,3.59,7.14,7.11,7.78,13.56,1.54,1.4,3.32,37.26,2.91,3.43,37.22,27.02,3.52,17.11,25.21,13.77,23.43,2.14,63.76,37.31],[14.73,2.6,1.65,4.88,6.38,0.48,0.26,2.8,1.35,5.2,1.96,4.71,6.28,10.71,7.41,6.08,11.21,20.02,95.71,38.6,21.18,0,9.61,21.5,9.09,2.19,27.61,12.26,11.06,2,9.11,3.21,1.79,3.33,1.31,0.52,4.57,8.57,2.3,0.51,2.94,13.99,0.92,1.42,3.82,2.68,4.72,0.88,4,1.22,91.34,14.9,2.5,0.76,3.35,2.73,2.44,3.69,0.61,3.2,1.16,1.77,0.58,3.98,50.12,0.46,1.52,1.25,0.48,1.77,1.35,31.92,2.93,14.48,0.46,1.46,1.09,1.91,7.7,3.15,3.17,1.02,1.14,0.47,8.82,0.96,0.53,6.28,5.74,0.49,2.07,21.78,6.48,5.37,2.55,8.3,4.25,3.01,1.64,26.27],[13.34,2.86,3.34,7.59,30.16,2.8,4.52,1.85,1.51,7.76,5.32,31.75,15.24,11.69,23.41,7.39,19.07,20.76,20.27,40.8,26.7,9.61,0,14.59,69.04,11.64,115.5,19.82,19.38,3.46,5.15,8.96,6.33,28.08,4.9,4.6,16.33,25.77,1.6,1.75,2.29,10.93,15.58,22.88,2.2,15.15,6.79,0.49,1.98,0.56,35.35,5.78,1,0.32,1.88,1.13,1.07,1.8,0.33,1.41,0.57,0.78,0.28,1.63,25.42,0.26,0.76,0.72,0.25,1.06,0.72,13.74,6.3,30.62,4.68,9.28,2.39,1.08,19.12,9.69,3.13,2.46,10.54,7.66,13.38,3.54,2.45,22.41,4.44,1.83,3.29,20.53,2.94,4.2,1.83,8.31,9.45,4.07,28.03,25.52],[2.08,4.49,2.05,6.88,9.71,0,0.92,3.73,0.2,0.88,2.1,4.89,7.77,23.97,3.32,13.77,0.78,1.09,44.34,0.82,0.63,21.5,14.59,0,97.31,18.17,41.95,3.75,26.54,7.5,14.14,0.8,1.21,2.33,0.35,1.67,0.99,0.25,0.23,3.59,5.52,24.62,0.12,0.3,0,3.07,2.64,0.4,2.67,0.96,95.73,15.68,2.5,0.7,1.52,2.6,2.1,2.57,0.3,2.79,0.79,1.49,0.4,3.85,29.8,0.24,1.07,0.57,0.34,0.79,0.87,29.43,5.48,30.27,0.2,1,0.66,0.17,0.56,21.34,16.08,2.71,5.78,0.91,8.26,2.36,0.24,0.51,1.28,0.97,12.92,5.94,40.48,9.77,6.05,5.47,10.24,4.45,0.71,0.72],[38.66,8.32,9.57,20.05,83.38,7.57,12.71,5.35,4.14,21.47,13.54,83.43,32.28,35.78,59.07,34.85,26.44,35.16,28.37,49.34,36.66,9.09,69.04,97.31,0,49.14,180.46,35.6,41.33,9.05,17.35,20.68,30.67,141.4,19.21,13.88,51.51,88.1,5.08,5.73,9.79,44.46,47.16,69.27,6.63,48.13,20.63,1.81,7.51,2.2,146.36,24.09,4.11,1.3,6.93,4.61,4.24,6.84,1.25,5.67,2.19,3.08,1.12,6.63,93.73,1.01,3.11,2.87,1.04,4.31,2.96,56.74,28.25,122.21,17.72,36.3,9.1,4.27,71.59,46.22,16.28,16.25,94.64,52.95,70.82,17.06,9.6,85.05,17.72,7.38,15.7,99.4,14.18,17.55,9.11,31.13,36.15,15.14,79.46,72.01],[4.2,4.56,2.54,7.53,34.68,12.76,2.98,1.52,1.8,7.49,2.21,0.23,0.59,0.25,7.11,11.52,1.25,7.67,5.84,3.17,2.46,2.19,11.64,18.17,49.14,0,452.43,27.22,34.71,3.72,4.41,70.24,12.28,48.85,5.96,2.79,8.51,0.26,0.17,6.73,0.95,4.37,0.38,0.74,4.38,3.39,0.88,1.54,7.42,2.3,178.2,28.91,4.73,1.4,5.5,5.05,4.36,6.45,1.04,5.89,2.03,3.18,1.03,7.28,84.72,0.83,2.85,2.27,0.93,3.35,2.61,64.2,2.64,20.06,1.4,4.61,0.24,0.59,3.58,23.19,0.5,0.18,5.15,12.23,4.65,1.75,0.15,4.2,0.15,1.32,6.02,81.87,5.85,3.74,2.23,8.39,0.28,4.82,5.2,6.37],[84.18,24.54,12.08,45.63,389.85,7.38,6.43,73.98,20.87,71.27,29.63,34.13,29.7,74.91,31.67,68.72,30.86,112.5,98.8,141.64,109.33,27.61,115.5,41.95,180.46,452.43,0,139.72,211.75,30.17,117.47,80.99,22.29,53.98,16.07,56.91,60.65,30.9,18.08,49.2,38.78,156.52,19.2,35.28,2.12,34.53,29.82,4.6,24.13,7.7,637.81,102.96,16.76,4.89,16.49,17.65,15.03,21.25,3.15,20,6.59,10.96,3.29,25.67,277.44,2.42,8.67,6.21,2.74,8.74,7.49,212.14,15.47,271.53,7.22,40.03,22.45,20.09,18.72,139.55,125.07,9.2,40.91,42.1,28.68,45.07,7.59,43.03,20.46,57.61,66.97,58.07,149.53,50.06,19.11,50.22,7.14,28.16,42.29,14.92],[3.33,0.13,0.14,0.78,14.85,0,0.16,3.26,4.36,12.25,1.42,6.29,13.81,0.44,9.84,2.56,9.75,8.1,20.17,13.88,10.76,12.26,19.82,3.75,35.6,27.22,139.72,0,74.19,7.7,17.78,27.49,5.28,15.92,7.4,2.62,9.22,18.48,6.52,34.53,6.38,26.89,2.66,4.05,0,0.89,6.33,1.43,6.99,2.12,160.88,25.8,4.24,1.26,5.03,4.52,3.94,5.93,0.95,5.26,1.85,2.91,0.91,6.5,82.32,0.72,2.4,1.89,0.76,2.67,2.12,55.7,1.45,23.69,0.47,1.47,7.43,18.91,4.75,22.98,2.68,1.71,3.65,1.86,1.03,2.79,0.93,107.45,3.54,0.1,3.81,7.62,28.44,15.2,5.81,32.75,2.91,1.78,10.41,10.24],[35.01,7.52,7.58,15.42,67.29,5.12,9.81,1.38,2.14,7.76,1.8,3.79,10.99,18.65,21.23,21.16,7.23,28.4,27.52,13.32,10.45,11.06,19.38,26.54,41.33,34.71,211.75,74.19,0,24.08,71.29,18.18,11.4,49,27.78,1.42,14.53,2.5,5.61,5.53,11.85,54.25,25.31,37.96,1.11,2.11,17.21,3.35,15.3,4.42,300.52,47.83,7.97,2.42,11.36,8.59,7.72,12.41,2.16,10.34,3.9,5.77,1.88,12.19,185.1,1.58,4.94,4.25,1.57,5.97,4.5,111.36,13.87,60.48,16.25,30.3,2.53,4.99,9.1,103.96,2.54,6.08,32.55,10.6,8.32,5.72,12.66,9.34,14.92,1.81,10.13,22.07,20.7,13.73,8.36,3.23,1.42,6.13,13.21,1.35],[5.86,1.08,0.71,2.18,34.23,4.34,0,1.08,2.17,6.81,1.12,2.18,5.1,1.19,2.83,17.49,3.24,8.82,8.78,9.54,7.38,2,3.46,7.5,9.05,3.72,30.17,7.7,24.08,0,176.31,24.01,4.17,21.69,3.09,8.23,11.3,4.45,2.12,4.09,3.49,14.01,2.04,4.75,2.76,0.93,4.95,0.76,4.35,1.31,102.91,15.83,2.5,0.69,2.24,2.5,2.09,3.13,0.46,2.84,0.93,1.6,0.44,3.49,45.77,0.32,1.13,0.8,0.34,1.05,0.96,35.94,1.12,9.25,1.01,3.21,0.82,0.68,2.18,5.7,0.48,0.19,2.56,1.09,2.65,2.03,4,9.74,0.66,2.82,0.85,2.57,3.28,6.09,7.11,2.61,4.67,1.67,4.17,7.21],[35.96,11.25,4.34,18.3,40.54,2.81,0.41,2.27,2.45,9.21,10.98,5.06,40.74,4.78,9.34,18.55,8.26,30.35,29.89,23.29,17.98,9.11,5.15,14.14,17.35,4.41,117.47,17.78,71.29,176.31,0,57.86,8.03,11.34,24.51,11.18,13.67,4.01,5.09,19.14,9.62,37.58,4.66,9.26,5.12,6.23,21.87,2.19,12.59,3.84,306.7,47.45,7.53,2.1,6.51,7.56,6.29,9.23,1.34,8.55,2.78,4.81,1.31,10.63,132.69,0.94,3.36,2.3,1.03,3.03,2.84,105.83,1.66,13.09,1.74,7.07,1.22,0.45,2.49,30.36,5.87,1.79,13.92,4.76,9.6,7.72,0.52,8.54,0.7,4.25,8.83,19.37,36.26,9.93,2.57,10.35,0.82,5.63,12.82,7.76],[3.35,0.53,0.52,1.82,65.86,0,0.7,0.67,2.05,9.97,4.07,24.01,12.47,9.96,5.15,7.05,5.15,7.25,8.3,6.26,4.89,3.21,8.96,0.8,20.68,70.24,80.99,27.49,18.18,24.01,57.86,0,6.93,58.07,15.98,3.21,12.39,10.65,1.19,2.35,4.88,22.6,5.86,8.9,8.9,3.8,2.05,0.7,3.63,1.09,81.73,12.8,2.05,0.58,2.21,2.1,1.8,2.75,0.43,2.45,0.84,1.35,0.4,2.97,38.81,0.32,1.09,0.84,0.34,1.18,0.97,29.53,2.43,71.51,1.59,6.05,0.27,0.82,5.51,14.27,1.28,0.23,1.69,7.41,2.11,3.66,0.81,11.85,5.74,0.78,12.21,23.09,17.81,9.17,7.17,13.36,1.84,1.95,7.49,28],[10.42,1.17,1.01,4.97,32.49,0.34,0,1.65,1.71,5.57,1.45,1.63,7.92,8.05,2.21,8.21,0.91,13.18,7.59,8.81,6.8,1.79,6.33,1.21,30.67,12.28,22.29,5.28,11.4,4.17,8.03,6.93,0,41.28,73.31,7.86,9.92,2.55,0.2,5.32,3.04,11.18,1.42,3.36,2.37,1.26,1.17,0.42,2.68,0.91,83.42,13.3,2.08,0.56,1.33,2.08,1.66,2.18,0.27,2.29,0.67,1.21,0.33,2.98,26.81,0.22,0.91,0.53,0.29,0.75,0.79,28.45,8.19,20.81,1.41,5.22,0.27,0.21,2.54,37.45,4.09,5.15,10.74,2.44,5.26,2.05,2.83,2.46,4.67,0.5,3.97,10.34,5.51,10.48,7.37,4.45,1.96,6.49,2.34,0.55],[15.63,8.82,3.66,14.62,57.01,0.14,0.18,0.89,1.86,8.07,1.92,1.31,33.39,1.56,18.42,6.17,21.37,6.84,8.35,2.04,1.57,3.33,28.08,2.33,141.4,48.85,53.98,15.92,49,21.69,11.34,58.07,41.28,0,173.7,14.4,9.29,2.75,0.67,1.89,8.51,35.96,2.02,3.65,0.26,1.77,1.45,1.23,7.22,2.43,217.72,35.09,5.56,1.55,4.15,5.7,4.63,6.17,0.82,6.33,1.91,3.36,0.97,8.24,75.6,0.66,2.65,1.68,0.85,2.4,2.31,73.31,9.73,37.12,1.2,4.37,0.67,1.55,21.93,36.76,2.45,7.57,12.55,0.79,2.93,17.02,0.6,9.04,1.53,0.6,38.37,136.18,12.31,22.6,20.68,31.46,5.65,1.52,3.16,2.77],[2.1,4.58,1.83,6.73,11.35,0,0,1.66,0.98,3.7,2.46,0.26,3.01,5.62,18.79,5.12,25.35,0.45,57.94,161.48,124.46,1.31,4.9,0.35,19.21,5.96,16.07,7.4,27.78,3.09,24.51,15.98,73.31,173.7,0,0.99,0.29,2.71,2.64,1.19,4.79,19.91,0.36,0.68,0,0.48,241.08,0.66,4.39,1.48,134.42,21.1,3.27,0.87,1.93,3.2,2.52,3.35,0.41,3.51,1,1.88,0.49,4.54,41.49,0.31,1.34,0.74,0.42,1.01,1.12,45.76,6.24,25.72,1.23,3.86,5.26,0.32,1.1,47.75,1.06,1.3,2.19,1.25,10.62,15.28,0.3,0.46,0.26,1.36,1.71,1.24,21.42,7.32,2.29,15.49,0.55,4.14,2.37,0.39],[7.14,4.65,2.37,7.73,8.52,0.83,0,2.29,4,15.95,5.26,1.88,2.14,4.68,0.8,3.19,0.15,1.85,3.14,5.03,3.88,0.52,4.6,1.67,13.88,2.79,56.91,2.62,1.42,8.23,11.18,3.21,7.86,14.4,0.99,0,20.47,35.9,65.95,22.34,29.59,126.73,14.77,25.84,23.24,6.29,46.29,0.58,4.65,1.47,120.33,16.86,2.42,0.53,0.8,1.85,1.31,2.05,0.21,1.88,0.5,1.19,0.21,2.32,30.53,0.12,0.51,0.26,0.15,0.27,0.45,39.03,14.16,21.61,0.3,1.81,7.75,1.65,9.24,25.83,4.23,4.78,1.78,4.74,4.07,8.14,0.19,9.32,4.97,1.65,24.57,12.74,13.38,7.07,1.41,21.58,1.04,3.54,2.16,9.31],[16.55,3.08,2.07,5.75,42.73,0,0,1.77,2.88,7.47,21.08,9.37,10.23,9.02,10.86,15.32,11.67,3.97,36.54,74.24,55.74,4.57,16.33,0.99,51.51,8.51,60.65,9.22,14.53,11.3,13.67,12.39,9.92,9.29,0.29,20.47,0,11.39,4.69,14.78,14.31,61.46,1.18,2.65,0.76,12.84,38.42,1.26,9.73,3.19,274.36,40.2,5.94,1.41,2.43,5.09,3.78,5.4,0.6,5.4,1.47,3.09,0.66,6.77,73.71,0.39,1.74,0.86,0.53,1.02,1.44,93.64,7.2,133.97,7.89,20.09,5.98,5.55,1.06,32.71,14.93,4.06,9.3,0.98,4.59,4.99,0.28,0.48,0.96,1.01,10.26,23.73,29.51,9.84,5.36,10.78,0.74,2.64,1.77,1.25],[10.78,0.93,0.74,1.89,62.45,2.11,1.21,1.91,3.93,9.16,4.83,2.06,9.07,9.34,4.78,8.22,3.79,6.29,34.26,27.2,20.12,8.57,25.77,0.25,88.1,0.26,30.9,18.48,2.5,4.45,4.01,10.65,2.55,2.75,2.71,35.9,11.39,0,53.71,32.26,116.12,452.05,1.91,3.66,7.45,3.28,4.36,1.39,8.97,2.75,206.32,29.04,4.12,0.89,1.73,3.11,2.18,3.63,0.49,3.33,0.95,1.97,0.4,3.81,54.66,0.3,1.12,0.71,0.36,0.85,1.14,80.71,4.73,60.88,3.2,8.34,1.37,6.42,37.98,16.47,5.49,0.22,8.39,0.13,2.42,7,2.43,3.44,0.92,3.06,15.31,55.14,53.44,49.37,4.87,232.51,0.57,15.74,1.52,0.27],[7.29,1.1,0.43,1.65,27.35,0,0.11,0.98,1.63,3.39,1.49,0.32,1.21,1.26,0.29,1.23,0.11,5.88,10.28,12.55,9.74,2.3,1.6,0.23,5.08,0.17,18.08,6.52,5.61,2.12,5.09,1.19,0.2,0.67,2.64,65.95,4.69,53.71,0,16.05,49.68,178.71,1.74,4.7,5.49,1.3,8.18,0.34,3.54,1.23,108.37,15.02,2.1,0.42,0.37,1.47,0.97,1.5,0.11,1.44,0.33,0.92,0.14,1.79,19.22,0,0.37,0.13,0.11,0.12,0.32,35.88,15.33,10.92,0.14,0.57,0.34,0.37,1.86,40.57,0.94,0.22,0.52,0.13,3.21,2.82,1.25,2.28,0.63,3.26,0.58,1.39,10.13,5.78,0.9,23.59,0.41,11.33,2.08,1.42],[4.52,0.84,0.89,3.83,25.68,0.41,0,5.23,12.55,48.54,4.21,0.11,0.81,0.85,1.71,2.13,0,5.66,2.88,4.74,3.67,0.51,1.75,3.59,5.73,6.73,49.2,34.53,5.53,4.09,19.14,2.35,5.32,1.89,1.19,22.34,14.78,32.26,16.05,0,118.13,636.31,19.67,44.27,16.59,9.85,47.14,1.17,8.34,2.6,200.01,27.45,3.81,0.77,1.13,2.62,1.72,2.98,0.35,2.65,0.7,1.72,0.28,3.05,43.84,0.19,0.75,0.44,0.24,0.48,0.8,73.55,1.87,20.08,1.31,3.22,3.28,0.19,4.68,15.18,14.83,12.05,2.44,4.03,5.6,27.27,1.24,9.26,1.52,5.4,7.89,10.92,13.37,3.51,0.94,4.63,0.94,8.67,22.18,14.57],[15.99,2.29,1.07,4.67,99.73,1.45,8.22,3.08,7.04,23.43,5.08,10.7,4.76,7.6,3.57,4.47,2.56,23.65,14.68,17.58,13.48,2.94,2.29,5.52,9.79,0.95,38.78,6.38,11.85,3.49,9.62,4.88,3.04,8.51,4.79,29.59,14.31,116.12,49.68,118.13,0,739.97,41.53,65.57,54.79,23.88,34.73,2.55,13.73,3.79,240.61,33.17,4.65,1,2.55,3.41,2.4,4.53,0.78,3.73,1.23,2.34,0.47,3.92,82.07,0.42,1.19,0.96,0.38,1.09,1.41,97.47,5.73,108.78,6.57,25.54,4.25,18.89,34.56,33.36,18.77,3.03,7.58,14.19,11.66,3.06,12.9,43.41,6.52,6.83,13.32,14.33,14.73,10.19,6.48,15.89,2.57,13.39,10.33,4.74],[52.99,10.86,4.75,19.22,407.4,5.98,32.26,13.29,30.88,98.57,22.82,35.93,17.15,32.25,14.69,16.15,12.01,101.73,68.43,84.31,64.71,13.99,10.93,24.62,44.46,4.37,156.52,26.89,54.25,14.01,37.58,22.6,11.18,35.96,19.91,126.73,61.46,452.05,178.71,636.31,739.97,0,227.62,338.33,288.85,118.42,161.68,7.86,43.57,12.15,787.09,107.97,15.12,3.21,7.56,10.87,7.53,14.21,2.35,11.71,3.76,7.5,1.45,12.43,252.43,1.27,3.65,2.88,1.19,3.24,4.3,311.95,25.35,407.16,28.66,90.56,14.75,77.61,136.62,130.37,56.6,7.85,32.01,46.61,35.48,13.83,61.84,176.28,28.51,30.31,60.31,60.57,71.46,43,28.3,68.28,10.58,59.12,39.82,17],[5.11,3.18,1.21,4.74,32.94,0.31,2.01,0.52,0.73,2.65,4.88,0.57,1.08,0.74,6.63,2.06,4.23,4.15,44.28,126.4,97.35,0.92,15.58,0.12,47.16,0.38,19.2,2.66,25.31,2.04,4.66,5.86,1.42,2.02,0.36,14.77,1.18,1.91,1.74,19.67,41.53,227.62,0,771.35,29.48,8.12,7.19,0.65,5.59,1.78,143.86,19.34,2.67,0.51,0.53,1.72,1.08,1.92,0.17,1.62,0.39,1.18,0.15,1.94,26.92,0,0.36,0.18,0.11,0.15,0.37,46.1,3.23,58.77,0.17,1.66,0.21,1.4,0.56,9.52,13.63,0.88,4.11,2.86,6.79,4.86,5.98,11.62,0.72,4.12,2.79,8,18.64,8.6,1.87,9.61,0.59,5.26,2.55,0.3],[11.34,4.9,1.97,7.77,64.32,0.85,5.77,1.29,1.64,6.21,7.55,1.54,2.92,1.24,10.3,5.36,6.46,6.95,65.7,186.58,143.66,1.42,22.88,0.3,69.27,0.74,35.28,4.05,37.96,4.75,9.26,8.9,3.36,3.65,0.68,25.84,2.65,3.66,4.7,44.27,65.57,338.33,771.35,0,76.58,16.08,17.6,1.36,11,3.44,272.2,36.58,5.05,0.98,1.1,3.28,2.08,3.73,0.36,3.1,0.77,2.27,0.29,3.7,54.44,0.17,0.69,0.38,0.22,0.32,0.72,87.42,5.04,93.48,0.47,3.94,0.61,3.73,1.6,14.95,30.22,1.44,6.12,7.94,10.61,8.79,9.01,30.85,1.93,7.77,4.64,17.77,31.38,20.65,4,14.8,1.52,8.29,7.5,0.91],[4.74,1.82,0.68,2.73,25.15,0,0,0.3,0.54,1.16,0.88,0,0,1.5,1.35,1.1,1.52,0.75,37.1,77.75,59.72,3.82,2.2,0,6.63,4.38,2.12,0,1.11,2.76,5.12,8.9,2.37,0.26,0,23.24,0.76,7.45,5.49,16.59,54.79,288.85,29.48,76.58,0,12.54,8.25,0.48,4.19,1.33,108.15,14.56,2.01,0.39,0.41,1.32,0.84,1.47,0.13,1.23,0.3,0.9,0.11,1.51,21.33,0,0.26,0.13,0,0.1,0.26,33.82,0.68,159.61,0.19,10.06,0.14,0,0.26,7.33,1.09,2.69,0.54,0.48,0.15,0.56,0,0.35,0.57,1,1.33,0.42,5.52,2.39,2.19,0.58,0.23,0.47,0.45,8.32],[4.35,0.56,0.37,1.07,29.55,2.95,0.12,2.43,3.77,16.55,3.92,1.26,0.7,2.08,1.81,14.09,1.66,7.17,13.66,16.04,12.37,2.68,15.15,3.07,48.13,3.39,34.53,0.89,2.11,0.93,6.23,3.8,1.26,1.77,0.48,6.29,12.84,3.28,1.3,9.85,23.88,118.42,8.12,16.08,12.54,0,293.53,0.77,5.83,1.71,128.04,17.03,2.36,0.46,0.61,1.54,0.99,1.86,0.19,1.47,0.39,1.13,0.14,1.71,31.51,0,0.29,0.19,0,0.16,0.32,36.12,1.13,15.26,2.45,7,1.25,1.45,1.04,6.94,0.35,3.26,4.12,0.37,1.86,5.75,1.25,1.65,1.14,1.22,1.84,1.36,2.37,3.18,2.1,9.05,3.77,9.68,7.81,1.09],[4.55,4.94,2.04,7.31,28.46,0.16,287.9,6.94,12.19,39.13,4.78,1.49,0.55,410.63,77.91,0.93,0.28,2.15,24.73,26.27,20.3,4.72,6.79,2.64,20.63,0.88,29.82,6.33,17.21,4.95,21.87,2.05,1.17,1.45,241.08,46.29,38.42,4.36,8.18,47.14,34.73,161.68,7.19,17.6,8.25,293.53,0,0.87,8.69,2.71,223.89,29.67,4.11,0.8,0.71,2.65,1.66,2.99,0.22,2.42,0.56,1.93,0.21,2.95,44.51,0,0.44,0.22,0.14,0.15,0.41,58.84,2.21,64.74,1.17,4.54,0.9,4.11,5.33,22.13,1.04,1.3,2.65,1.17,2.38,1.56,2.53,2.03,2.06,1.22,3.03,3.77,53.35,18.19,2.81,33.71,1.1,7.5,4.64,1.09],[1.75,0.24,0.79,1.07,4.54,0.19,0.4,0.82,0.38,1.35,0.61,0.58,0.61,1,2.31,0.84,0.99,1.41,0.64,1.15,1.04,0.88,0.49,0.4,1.81,1.54,4.6,1.43,3.35,0.76,2.19,0.7,0.42,1.23,0.66,0.58,1.26,1.39,0.34,1.17,2.55,7.86,0.65,1.36,0.48,0.77,0.87,0,0,0,0,0,0,0,0,0,0,0,0,0,0,0,0,0,0,0,0,0,0,0,0,0,1.1,3.85,1.07,1.51,0.97,0.41,1.35,1.5,0.72,0.61,0.59,0.36,1.13,1.04,0.45,1.17,0.42,0.26,1.07,1.19,1.06,1.61,0.56,0.85,0.3,0.7,0.75,0.58],[9.09,1.24,3.41,5.09,25.85,1.26,2.33,3.48,1.93,7.46,2.76,3.89,3.66,5.44,10.65,4.72,4.11,8,3.38,5.08,4.76,4,1.98,2.67,7.51,7.42,24.13,6.99,15.3,4.35,12.59,3.63,2.68,7.22,4.39,4.65,9.73,8.97,3.54,8.34,13.73,43.57,5.59,11,4.19,5.83,8.69,0,0,0,0,0,0,0,0,0,0,0,0,0,0,0,0,0,0,0,0,0,0,0,0,0,5.15,21.51,5.22,8.68,5.18,3.13,10.17,6.38,3.33,3.42,3.02,2.41,5.25,4.44,2.87,6.13,2.41,1.73,4.39,7.59,3.75,6.84,2.86,3.2,1.77,2.89,7.04,4.02],[3.31,0.44,1.14,1.75,9.72,0.49,0.88,1.2,0.7,2.81,0.93,1.47,1.3,1.88,3.41,1.64,1.22,2.76,1.1,1.53,1.46,1.22,0.56,0.96,2.2,2.3,7.7,2.12,4.42,1.31,3.84,1.09,0.91,2.43,1.48,1.47,3.19,2.75,1.23,2.6,3.79,12.15,1.78,3.44,1.33,1.71,2.71,0,0,0,0,0,0,0,0,0,0,0,0,0,0,0,0,0,0,0,0,0,0,0,0,0,1.54,6.86,1.52,2.79,1.6,1.13,3.76,1.88,1.02,1.18,1,0.89,1.68,1.35,1.14,2.31,0.92,0.69,1.36,2.87,1.09,2.26,1.02,0.98,0.68,0.93,2.95,1.58],[333.02,43,96.27,158.77,1035.99,56.48,95.07,105.94,71.47,299.34,81.79,158.98,130.32,176.43,275.57,154.01,83.45,259,93.65,110.65,109.34,91.34,35.35,95.73,146.36,178.2,637.81,160.88,300.52,102.91,306.7,81.73,83.42,217.72,134.42,120.33,274.36,206.32,108.37,200.01,240.61,787.09,143.86,272.2,108.15,128.04,223.89,0,0,0,0,0,0,0,0,0,0,0,0,0,0,0,0,0,0,0,0,0,0,0,0,0,111.17,552.85,106.28,227.18,122.73,104.31,359.53,129.25,77,109.21,85.94,91.43,133.78,98.49,122.95,232.24,95.54,75.39,100.5,298.23,64.58,187.42,97.94,68.43,73.6,74.26,367.63,180.59],[56.93,7.33,16.43,26.89,177.03,9.65,16.24,18.17,12.23,51.24,13.84,26.7,21.71,29.33,45.74,25.51,13.78,42.62,15.18,18.04,17.8,14.9,5.78,15.68,24.09,28.91,102.96,25.8,47.83,15.83,47.45,12.8,13.3,35.09,21.1,16.86,40.2,29.04,15.02,27.45,33.17,107.97,19.34,36.58,14.56,17.03,29.67,0,0,0,0,0,0,0,0,0,0,0,0,0,0,0,0,0,0,0,0,0,0,0,0,0,17.81,86.53,16.55,35.31,19.05,16.07,56.58,21.23,12.55,18.05,14.2,15.14,22.19,16.41,20.96,39.92,16.32,12.86,17.03,50.1,11.03,32.09,16.7,11.72,12.62,12.69,62.77,30.83],[9.52,1.22,2.82,4.53,29.44,1.59,2.7,3.16,2.06,8.59,2.36,4.32,3.54,4.79,7.66,4.13,2.38,6.95,2.48,3.05,2.98,2.5,1,2.5,4.11,4.73,16.76,4.24,7.97,2.5,7.53,2.05,2.08,5.56,3.27,2.42,5.94,4.12,2.1,3.81,4.65,15.12,2.67,5.05,2.01,2.36,4.11,0,0,0,0,0,0,0,0,0,0,0,0,0,0,0,0,0,0,0,0,0,0,0,0,0,2.86,13.23,2.54,5.35,2.88,2.36,8.44,3.49,2.03,2.88,2.32,2.4,3.64,2.71,3.27,6.28,2.57,2.02,2.86,7.93,1.98,5.42,2.73,2.05,2.06,2.17,10.07,5.02],[2.9,0.37,0.89,1.39,8.92,0.47,0.82,1.01,0.64,2.65,0.74,1.25,1.03,1.41,2.34,1.2,0.76,2.03,0.73,0.94,0.9,0.76,0.32,0.7,1.3,1.4,4.89,1.26,2.42,0.69,2.1,0.58,0.56,1.55,0.87,0.53,1.41,0.89,0.42,0.77,1,3.21,0.51,0.98,0.39,0.46,0.8,0,0,0,0,0,0,0,0,0,0,0,0,0,0,0,0,0,0,0,0,0,0,0,0,0,0.82,3.48,0.69,1.38,0.75,0.56,2.08,1.06,0.59,0.81,0.68,0.67,1.08,0.83,0.9,1.77,0.72,0.56,0.89,2.21,0.68,1.69,0.81,0.67,0.6,0.69,2.88,1.47],[8.46,1.17,3.79,4.97,22.21,0.95,2.02,4.21,1.93,6.9,2.84,2.51,2.6,4.11,9.41,3.33,4,5.61,2.43,4.38,3.91,3.35,1.88,1.52,6.93,5.5,16.49,5.03,11.36,2.24,6.51,2.21,1.33,4.15,1.93,0.8,2.43,1.73,0.37,1.13,2.55,7.56,0.53,1.1,0.41,0.61,0.71,0,0,0,0,0,0,0,0,0,0,0,0,0,0,0,0,0,0,0,0,0,0,0,0,0,3.48,10.13,2.71,3.81,2.35,0.93,3.42,5.24,2.45,2.28,2.3,1.37,4.33,3.94,1.78,4.79,1.71,1.08,4.44,4.65,4.68,7.26,2.47,3.87,1.4,3.21,3.39,2.73],[10.56,1.36,3.2,5.04,32.53,1.74,3,3.61,2.31,9.59,2.65,4.63,3.79,5.15,8.42,4.41,2.68,7.39,2.64,3.35,3.24,2.73,1.13,2.6,4.61,5.05,17.65,4.52,8.59,2.5,7.56,2.1,2.08,5.7,3.2,1.85,5.09,3.11,1.47,2.62,3.41,10.87,1.72,3.28,1.32,1.54,2.65,0,0,0,0,0,0,0,0,0,0,0,0,0,0,0,0,0,0,0,0,0,0,0,0,0,2.99,12.81,2.52,5.08,2.75,2.11,7.85,3.82,2.16,3.03,2.48,2.5,3.95,2.99,3.44,6.75,2.74,2.14,3.23,8.32,2.37,6.12,2.99,2.39,2.25,2.47,10.81,5.45],[8.97,1.16,2.86,4.39,27.32,1.44,2.53,3.28,2,8.18,2.35,3.75,3.14,4.32,7.39,3.65,2.49,6.18,2.26,3.03,2.89,2.44,1.07,2.1,4.24,4.36,15.03,3.94,7.72,2.09,6.29,1.8,1.66,4.63,2.52,1.31,3.78,2.18,0.97,1.72,2.4,7.53,1.08,2.08,0.84,0.99,1.66,0,0,0,0,0,0,0,0,0,0,0,0,0,0,0,0,0,0,0,0,0,0,0,0,0,2.55,10.11,2.05,3.96,2.17,1.56,5.85,3.35,1.85,2.47,2.1,1.99,3.39,2.62,2.69,5.39,2.17,1.68,2.87,6.6,2.3,5.37,2.49,2.22,1.84,2.22,8.48,4.41],[11.11,1.48,4.02,5.86,32.34,1.61,2.97,4.53,2.49,9.75,3.23,4.32,3.88,5.59,10.63,4.7,3.96,7.98,3.14,4.69,4.36,3.69,1.8,2.57,6.84,6.45,21.25,5.93,12.41,3.13,9.23,2.75,2.18,6.17,3.35,2.05,5.4,3.63,1.5,2.98,4.53,14.21,1.92,3.73,1.47,1.86,2.99,0,0,0,0,0,0,0,0,0,0,0,0,0,0,0,0,0,0,0,0,0,0,0,0,0,3.95,14.61,3.28,5.72,3.26,2.02,7.3,5.32,2.77,3.21,2.88,2.37,4.89,4.01,3.01,6.46,2.54,1.87,4.34,7.75,3.92,7.57,3.16,3.5,2.13,3.22,8.59,4.88],[1.47,0.2,0.63,0.85,3.92,0.17,0.35,0.69,0.33,1.19,0.48,0.47,0.48,0.75,1.68,0.62,0.7,1.05,0.45,0.8,0.72,0.61,0.33,0.3,1.25,1.04,3.15,0.95,2.16,0.46,1.34,0.43,0.27,0.82,0.41,0.21,0.6,0.49,0.11,0.35,0.78,2.35,0.17,0.36,0.13,0.19,0.22,0,0,0,0,0,0,0,0,0,0,0,0,0,0,0,0,0,0,0,0,0,0,0,0,0,0.68,2.2,0.59,0.84,0.52,0.22,0.8,0.98,0.47,0.43,0.42,0.27,0.79,0.72,0.35,0.9,0.32,0.21,0.78,0.91,0.78,1.25,0.44,0.65,0.25,0.54,0.71,0.51],[11.22,1.46,3.61,5.55,33.77,1.77,3.08,3.98,2.43,9.87,2.92,4.8,4.04,5.64,9.66,4.84,3.24,8,2.94,3.97,3.79,3.2,1.41,2.79,5.67,5.89,20,5.26,10.34,2.84,8.55,2.45,2.29,6.33,3.51,1.88,5.4,3.33,1.44,2.65,3.73,11.71,1.62,3.1,1.23,1.47,2.42,0,0,0,0,0,0,0,0,0,0,0,0,0,0,0,0,0,0,0,0,0,0,0,0,0,3.61,14.86,3.07,5.87,3.24,2.32,8.59,4.71,2.58,3.38,2.82,2.68,4.62,3.63,3.68,7.36,2.96,2.27,3.9,8.98,3.04,7.05,3.3,2.92,2.37,2.88,10.8,5.59],[3.51,0.47,1.27,1.85,10.19,0.5,0.93,1.42,0.78,3.06,1.01,1.35,1.21,1.75,3.36,1.48,1.25,2.48,0.97,1.47,1.37,1.16,0.57,0.79,2.19,2.03,6.59,1.85,3.9,0.93,2.78,0.84,0.67,1.91,1,0.5,1.47,0.95,0.33,0.7,1.23,3.76,0.39,0.77,0.3,0.39,0.56,0,0,0,0,0,0,0,0,0,0,0,0,0,0,0,0,0,0,0,0,0,0,0,0,0,1.26,4.55,1.05,1.77,1.02,0.6,2.22,1.73,0.89,1.02,0.91,0.74,1.57,1.31,0.99,2.16,0.84,0.61,1.42,2.49,1.27,2.45,1.02,1.13,0.68,1.03,2.73,1.55],[6.14,0.8,1.99,3.06,18.57,0.97,1.71,2.24,1.35,5.5,1.63,2.6,2.2,3.04,5.27,2.59,1.8,4.38,1.63,2.2,2.09,1.77,0.78,1.49,3.08,3.18,10.96,2.91,5.77,1.6,4.81,1.35,1.21,3.36,1.88,1.19,3.09,1.97,0.92,1.72,2.34,7.5,1.18,2.27,0.9,1.13,1.93,0,0,0,0,0,0,0,0,0,0,0,0,0,0,0,0,0,0,0,0,0,0,0,0,0,1.88,7.59,1.56,2.99,1.64,1.17,4.3,2.44,1.34,1.75,1.5,1.4,2.42,1.88,1.83,3.69,1.49,1.14,2.04,4.59,1.65,3.75,1.72,1.57,1.25,1.55,5.73,3],[1.88,0.25,0.68,0.97,5.42,0.26,0.49,0.74,0.41,1.61,0.52,0.71,0.63,0.91,1.73,0.76,0.63,1.26,0.48,0.73,0.68,0.58,0.28,0.4,1.12,1.03,3.29,0.91,1.88,0.44,1.31,0.4,0.33,0.97,0.49,0.21,0.66,0.4,0.14,0.28,0.47,1.45,0.15,0.29,0.11,0.14,0.21,0,0,0,0,0,0,0,0,0,0,0,0,0,0,0,0,0,0,0,0,0,0,0,0,0,0.64,2.27,0.52,0.88,0.5,0.3,1.13,0.91,0.46,0.53,0.47,0.39,0.83,0.7,0.56,1.25,0.47,0.34,0.78,1.34,0.69,1.34,0.55,0.62,0.37,0.56,1.47,0.83],[16.16,2.07,4.83,7.63,50.15,2.71,4.64,5.57,3.59,14.92,4.03,7.02,5.7,7.68,12.41,6.53,3.91,10.99,3.86,4.87,4.71,3.98,1.63,3.85,6.63,7.28,25.67,6.5,12.19,3.49,10.63,2.97,2.98,8.24,4.54,2.32,6.77,3.81,1.79,3.05,3.92,12.43,1.94,3.7,1.51,1.71,2.95,0,0,0,0,0,0,0,0,0,0,0,0,0,0,0,0,0,0,0,0,0,0,0,0,0,4.18,17.64,3.39,6.96,3.73,2.91,11.04,5.39,3.08,4.44,3.64,3.7,5.73,4.29,5.16,10.09,4.1,3.22,4.69,12.39,3.43,9.1,4.48,3.52,3.44,3.68,16.62,8.36],[131.34,17.71,50.33,72.3,376.97,18.35,35.24,58.74,30.81,118.51,41.72,48.57,45.86,67.25,136.92,56.27,54.24,99.22,42.58,65.17,60.4,50.12,25.42,29.8,93.73,84.72,277.44,82.32,185.1,45.77,132.69,38.81,26.81,75.6,41.49,30.53,73.71,54.66,19.22,43.84,82.07,252.43,26.92,54.44,21.33,31.51,44.51,0,0,0,0,0,0,0,0,0,0,0,0,0,0,0,0,0,0,0,0,0,0,0,0,0,54.21,192.74,47.36,76.17,45.16,24.67,85.66,71.68,36.25,38.29,35.81,26.99,61.96,52.51,34.73,81.04,29.74,20.7,56.12,86.3,52.3,93.77,36.98,45.3,23.87,40.4,88.21,53.36],[1.24,0.17,0.54,0.71,3.24,0.14,0.28,0.54,0.26,0.95,0.38,0.4,0.39,0.62,1.37,0.52,0.55,0.82,0.34,0.6,0.54,0.46,0.26,0.24,1.01,0.83,2.42,0.72,1.58,0.32,0.94,0.32,0.22,0.66,0.31,0.12,0.39,0.3,0,0.19,0.42,1.27,0,0.17,0,0,0,0,0,0,0,0,0,0,0,0,0,0,0,0,0,0,0,0,0,0,0,0,0,0,0,0,0.55,1.78,0.47,0.68,0.42,0.18,0.69,0.85,0.39,0.38,0.36,0.23,0.69,0.65,0.36,0.98,0.33,0.21,0.73,0.85,0.71,1.14,0.41,0.59,0.23,0.48,0.63,0.44],[4.8,0.64,1.8,2.53,13.45,0.65,1.2,1.84,1,3.86,1.32,1.82,1.62,2.41,4.63,2.05,1.69,3.23,1.24,1.92,1.78,1.52,0.76,1.07,3.11,2.85,8.67,2.4,4.94,1.13,3.36,1.09,0.91,2.65,1.34,0.51,1.74,1.12,0.37,0.75,1.19,3.65,0.36,0.69,0.26,0.29,0.44,0,0,0,0,0,0,0,0,0,0,0,0,0,0,0,0,0,0,0,0,0,0,0,0,0,1.86,6.74,1.59,2.63,1.56,0.9,3.39,2.75,1.34,1.51,1.3,1.06,2.39,2.14,1.65,3.89,1.41,0.98,2.37,3.79,2.07,3.83,1.57,1.81,0.98,1.59,3.68,2.11],[3.1,0.44,1.47,1.86,7.66,0.3,0.66,1.43,0.64,2.22,1,0.9,0.95,1.58,3.68,1.31,1.53,2.02,0.87,1.62,1.45,1.25,0.72,0.57,2.87,2.27,6.21,1.89,4.25,0.8,2.3,0.84,0.53,1.68,0.74,0.26,0.86,0.71,0.13,0.44,0.96,2.88,0.18,0.38,0.13,0.19,0.22,0,0,0,0,0,0,0,0,0,0,0,0,0,0,0,0,0,0,0,0,0,0,0,0,0,1.56,4.73,1.33,1.81,1.17,0.44,1.64,2.52,1.12,0.99,0.95,0.55,1.95,1.94,0.91,2.76,0.89,0.52,2.19,2.08,2.16,3.24,1.1,1.75,0.55,1.39,1.1,0.98],[1.51,0.2,0.59,0.81,4.12,0.19,0.36,0.56,0.3,1.15,0.41,0.56,0.51,0.77,1.5,0.66,0.55,1,0.38,0.6,0.56,0.48,0.25,0.34,1.04,0.93,2.74,0.76,1.57,0.34,1.03,0.34,0.29,0.85,0.42,0.15,0.53,0.36,0.11,0.24,0.38,1.19,0.11,0.22,0,0,0.14,0,0,0,0,0,0,0,0,0,0,0,0,0,0,0,0,0,0,0,0,0,0,0,0,0,0.62,2.26,0.54,0.88,0.53,0.3,1.15,0.96,0.45,0.5,0.43,0.34,0.81,0.76,0.6,1.49,0.51,0.34,0.85,1.29,0.73,1.33,0.53,0.63,0.31,0.54,1.12,0.66],[4.35,0.63,2.17,2.67,10.32,0.39,0.87,1.97,0.85,2.89,1.39,1.21,1.32,2.26,5.37,1.87,2.23,2.77,1.2,2.29,2.06,1.77,1.06,0.79,4.31,3.35,8.74,2.67,5.97,1.05,3.03,1.18,0.75,2.4,1.01,0.27,1.02,0.85,0.12,0.48,1.09,3.24,0.15,0.32,0.1,0.16,0.15,0,0,0,0,0,0,0,0,0,0,0,0,0,0,0,0,0,0,0,0,0,0,0,0,0,2.36,7.03,2.02,2.68,1.77,0.63,2.33,3.98,1.72,1.49,1.41,0.78,3,3.11,1.42,4.58,1.41,0.78,3.55,3.09,3.46,5.06,1.68,2.77,0.78,2.15,1.29,1.31],[3.91,0.54,1.6,2.15,10.33,0.47,0.89,1.51,0.77,2.84,1.1,1.41,1.31,2.04,4.13,1.74,1.56,2.62,1.03,1.71,1.58,1.35,0.72,0.87,2.96,2.61,7.49,2.12,4.5,0.96,2.84,0.97,0.79,2.31,1.12,0.45,1.44,1.14,0.32,0.8,1.41,4.3,0.37,0.72,0.26,0.32,0.41,0,0,0,0,0,0,0,0,0,0,0,0,0,0,0,0,0,0,0,0,0,0,0,0,0,1.79,6.44,1.6,2.53,1.55,0.85,3.16,2.75,1.3,1.37,1.17,0.89,2.27,2.15,1.62,4.06,1.4,0.92,2.39,3.41,2.1,3.65,1.44,1.78,0.81,1.5,2.66,1.63],[96.3,12.72,30.87,48.39,288.13,15.12,26.04,32.47,20.22,82.37,25.2,44.78,38.28,54.93,92.79,48.67,30.41,78.35,30.39,39.6,38.45,31.92,13.74,29.43,56.74,64.2,212.14,55.7,111.36,35.94,105.83,29.53,28.45,73.31,45.76,39.03,93.64,80.71,35.88,73.55,97.47,311.95,46.1,87.42,33.82,36.12,58.84,0,0,0,0,0,0,0,0,0,0,0,0,0,0,0,0,0,0,0,0,0,0,0,0,0,44.99,222.58,48.31,92.63,53.12,40.8,137.2,54.48,30.12,36.93,29.13,28.72,49.12,40.39,42.37,84.69,33.39,25.19,40.36,97.74,27.94,66.3,32.43,26.76,21.65,26.21,98.41,49.81],[8.91,0.93,1.17,2.2,9.55,0,2.04,0.26,0.8,4.02,1.87,0.7,1.02,4.6,2.49,0.76,1.63,5.97,6.18,0.54,0.42,2.93,6.3,5.48,28.25,2.64,15.47,1.45,13.87,1.12,1.66,2.43,8.19,9.73,6.24,14.16,7.2,4.73,15.33,1.87,5.73,25.35,3.23,5.04,0.68,1.13,2.21,1.1,5.15,1.54,111.17,17.81,2.86,0.82,3.48,2.99,2.55,3.95,0.68,3.61,1.26,1.88,0.64,4.18,54.21,0.55,1.86,1.56,0.62,2.36,1.79,44.99,0,42.86,2.82,9.26,1.58,2.96,2.98,47.57,8.21,1.44,5.11,4.07,8.4,0.65,2.96,9.92,1.75,1.38,19.29,7.06,10.89,6.62,3.55,6.46,2.36,4.81,4.04,0.92],[128.97,7.49,8.61,16.18,273.05,13.99,12.63,9.75,12,48.55,25.31,11.66,6.37,43.41,63.45,12.18,27.28,21.79,66.58,68.94,53.23,14.48,30.62,30.27,122.21,20.06,271.53,23.69,60.48,9.25,13.09,71.51,20.81,37.12,25.72,21.61,133.97,60.88,10.92,20.08,108.78,407.16,58.77,93.48,159.61,15.26,64.74,3.85,21.51,6.86,552.85,86.53,13.23,3.48,10.13,12.81,10.11,14.61,2.2,14.86,4.55,7.59,2.27,17.64,192.74,1.78,6.74,4.73,2.26,7.03,6.44,222.58,42.86,0,124.06,307.63,203.59,204.98,296.96,252.9,56.19,15.49,36.16,15.75,58.94,26.04,60.57,120.84,25.55,8.28,70.84,106.99,95.78,51.38,45.75,43.57,7.79,35.22,115.07,25.77],[6.24,0.34,0.14,0.5,16.53,0.39,0,1.08,0.52,2.08,0.24,0.28,0.22,0.38,0.88,2.06,0.55,1.61,2.25,3.03,2.34,0.46,4.68,0.2,17.72,1.4,7.22,0.47,16.25,1.01,1.74,1.59,1.41,1.2,1.23,0.3,7.89,3.2,0.14,1.31,6.57,28.66,0.17,0.47,0.19,2.45,1.17,1.07,5.22,1.52,106.28,16.55,2.54,0.69,2.71,2.52,2.05,3.28,0.59,3.07,1.05,1.56,0.52,3.39,47.36,0.47,1.59,1.33,0.54,2.02,1.6,48.31,2.82,124.06,0,95.44,51.37,51.88,40.34,26.91,0.49,0.38,2.04,0.81,0.71,2.59,0.38,3.91,0.44,1.66,2.99,4.52,8.47,3.14,1.05,3.7,0.24,2.31,2.31,0.92],[19.33,0.77,0.4,1.4,69.64,1.58,0.7,6.19,1.82,7.46,1.55,1.22,1.3,1.84,6.33,7.41,2.9,5.73,7.69,8.08,6.26,1.46,9.28,1,36.3,4.61,40.03,1.47,30.3,3.21,7.07,6.05,5.22,4.37,3.86,1.81,20.09,8.34,0.57,3.22,25.54,90.56,1.66,3.94,10.06,7,4.54,1.51,8.68,2.79,227.18,35.31,5.35,1.38,3.81,5.08,3.96,5.72,0.84,5.87,1.77,2.99,0.88,6.96,76.17,0.68,2.63,1.81,0.88,2.68,2.53,92.63,9.26,307.63,95.44,0,57.08,79.45,148.7,56.75,1.94,1.61,7.05,2.49,3.45,10.98,3.1,12.9,2.41,4.88,8.89,13.46,34.53,12.2,2.94,9.49,1.16,5.61,10.25,4.22],[2.57,0.52,0.39,1.34,4.51,0.1,0.25,0.4,0.49,1.14,0.9,0.32,0.34,0.23,0.17,0.34,0.11,0.61,18.81,43.69,33.68,1.09,2.39,0.66,9.1,0.24,22.45,7.43,2.53,0.82,1.22,0.27,0.27,0.67,5.26,7.75,5.98,1.37,0.34,3.28,4.25,14.75,0.21,0.61,0.14,1.25,0.9,0.97,5.18,1.6,122.73,19.05,2.88,0.75,2.35,2.75,2.17,3.26,0.52,3.24,1.02,1.64,0.5,3.73,45.16,0.42,1.56,1.17,0.53,1.77,1.55,53.12,1.58,203.59,51.37,57.08,0,26.12,35.39,1.09,0.2,0.23,0.83,0.13,1.38,2.84,0.25,0.57,0.24,0.17,2.58,12.13,13.97,4.66,0.86,9.94,0.39,1.53,1.18,0.54],[8.91,0.35,0.15,0.59,19.19,0,0,1.01,0.11,0.61,2.9,0.89,0.87,5.58,2.06,1.28,1.32,15.63,7.25,5.16,3.99,1.91,1.08,0.17,4.27,0.59,20.09,18.91,4.99,0.68,0.45,0.82,0.21,1.55,0.32,1.65,5.55,6.42,0.37,0.19,18.89,77.61,1.4,3.73,0,1.45,4.11,0.41,3.13,1.13,104.31,16.07,2.36,0.56,0.93,2.11,1.56,2.02,0.22,2.32,0.6,1.17,0.3,2.91,24.67,0.18,0.9,0.44,0.3,0.63,0.85,40.8,2.96,204.98,51.88,79.45,26.12,0,62.46,23.46,0.58,0.29,1.36,0.59,4.54,1.3,0.26,1.43,5.06,1.23,28.99,43.07,18.91,9.03,0.66,22.84,2.67,3.84,1.28,0.4],[5.48,8.3,3.13,11.84,72.12,0.2,1.27,1.48,2.18,5.01,22.8,1.03,0.83,8.87,2.73,23.26,1.6,24.92,26.08,8.78,6.81,7.7,19.12,0.56,71.59,3.58,18.72,4.75,9.1,2.18,2.49,5.51,2.54,21.93,1.1,9.24,1.06,37.98,1.86,4.68,34.56,136.62,0.56,1.6,0.26,1.04,5.33,1.35,10.17,3.76,359.53,56.58,8.44,2.08,3.42,7.85,5.85,7.3,0.8,8.59,2.22,4.3,1.13,11.04,85.66,0.69,3.39,1.64,1.15,2.33,3.16,137.2,2.98,296.96,40.34,148.7,35.39,62.46,0,75.3,2.34,0.62,6.95,0.37,7.81,23.37,0.74,2.52,11.94,1.44,21.81,52.78,63.9,17.05,7.77,21.62,1.74,13.8,2.84,1.79],[92.97,5.5,6.4,11.15,95.65,9.18,12.77,6.65,8.85,30.94,17.72,21.14,10.68,59.76,17.04,7.31,7.32,175.22,6.55,4.65,3.59,3.15,9.69,21.34,46.22,23.19,139.55,22.98,103.96,5.7,30.36,14.27,37.45,36.76,47.75,25.83,32.71,16.47,40.57,15.18,33.36,130.37,9.52,14.95,7.33,6.94,22.13,1.5,6.38,1.88,129.25,21.23,3.49,1.06,5.24,3.82,3.35,5.32,0.98,4.71,1.73,2.44,0.91,5.39,71.68,0.85,2.75,2.52,0.96,3.98,2.75,54.48,47.57,252.9,26.91,56.75,1.09,23.46,75.3,0,79.21,41.9,18.75,24.23,50.38,80.9,31.98,58.45,71.06,68.88,130.91,236.2,43.23,67.92,91.92,40.35,21.58,24.83,37.75,16.38],[142.71,2,2,3.63,54.05,2.63,0.2,2.59,4.83,17.67,3.02,1.3,1.12,54.37,10.88,3.08,1.04,4.3,10.8,9.11,7.14,3.17,3.13,16.08,16.28,0.5,125.07,2.68,2.54,0.48,5.87,1.28,4.09,2.45,1.06,4.23,14.93,5.49,0.94,14.83,18.77,56.6,13.63,30.22,1.09,0.35,1.04,0.72,3.33,1.02,77,12.55,2.03,0.59,2.45,2.16,1.85,2.77,0.47,2.58,0.89,1.34,0.46,3.08,36.25,0.39,1.34,1.12,0.45,1.72,1.3,30.12,8.21,56.19,0.49