{"data":[[0,774.45,294.42,457.77,306.92,2526.22,135.75,115.54,223.5,186.67,96.58,299.79,194.59,207.88,198.18,264.14,171.06,110.44,55.02,24.18,124.35,51.57,56.39,558.41,126.62,71.1,58.15,66.7,38.4,169.4,47.77,45.73,77.42,41.7,3.66,27.16,80.56,28.33,160.4,24.4,55.48,50.62,15.34,41.57,79.86,14.73,36.82,17.43,269.89,31.33,12.69,15.89,8.18,8.46,41.51,39.9,12.43,41.02,14.78,15.9,8.53,25.54,533.88,14.66,45.03,17.73,9.22,9.82,15.6,100.5,45.68,113.92,23.39,59.16,48.98,18.84,81.44,37.03,219.98,113.38,147.37,57.89,77.3,26.9,58.18,346.48,30.66,38.78,39.32,152.2,41.82,60.11,65.42,169.09,77.63,34.96,177.66,276.96,399.54,453.17],[774.45,0,350.71,270.14,114.21,841.71,19.98,35.2,122.66,30.38,22.76,36.5,37.84,43.32,49.65,48.4,50.91,59.63,13.01,10.55,54.12,21.11,23.92,146.2,10.66,14.4,11.99,16.57,11.34,121.12,7.3,22.33,19.72,14.01,26.63,31.01,76.92,10.11,79.71,6.27,12.65,3.99,6.17,13.42,23.77,2.91,4.73,2.06,33.3,4.83,1.56,2.66,1.27,1.27,5.98,7.18,1.79,5.67,2.12,2.43,1.18,3.6,88.81,2.91,6.74,3.42,1,1.85,1.88,12.65,6,39.46,9.14,2.28,13.63,5.88,9.15,32.92,154.43,31.37,23.19,18.38,33.49,12.13,5.04,22.47,14.06,4.64,9.25,129.22,10.13,10.11,15.71,51.79,22.8,13.01,34.87,40.23,274.58,180.21],[294.42,350.71,0,266.08,107.1,273.93,10.21,22.58,61.13,36.99,18.36,34.32,25.82,26.73,43.55,60.95,59.97,25.29,19.08,5.9,41.97,19.86,13.59,85.5,7.59,19.31,18.07,25.84,6.59,67.5,6.35,22.09,8.23,17.72,6.34,7.16,17.81,4.23,25.72,1.75,4.24,2.51,3.14,5.32,8.28,2.98,9.74,5.01,37.05,7.88,3.7,4.3,3.43,2.06,8.93,6.31,3.82,9.62,3.32,3.49,2.31,6.79,97.71,2.65,9.54,4.21,2.07,2.6,5.38,22.45,4.75,18.96,6.79,0.71,7.16,4.26,5.3,18.68,40.07,17.39,20.76,16.32,22.74,13.98,4.71,23.61,4.67,7.64,8.12,39.2,9.87,10.45,15.8,52.12,23.94,9.17,36.47,40.18,189.62,221.04],[457.77,270.14,266.08,0,296.7,637.02,48.45,89.31,137.68,109.55,65.61,117.7,110.39,137.89,91.13,177.85,92.34,80.5,55.45,16.78,90.44,40.06,31.84,220.51,20.37,45.59,47.94,60.93,27.21,127.47,18.44,61.04,13.74,33.3,13.76,9.52,16.6,27.47,156.06,5.37,14.41,10.23,11.58,26.19,29.02,8.39,25.68,11.23,127.8,22.9,4.79,11.47,10.03,4.95,27.08,17.32,5.78,23.69,8,7.95,5.62,17.76,383.32,8.7,25.06,6.66,2.63,13.52,7.98,82.5,17.69,37.38,15.18,0.75,28.88,26.59,16.01,52.39,61,54.44,45.76,53.41,67.38,35.87,16.88,111.76,9.99,9.38,32.03,64.75,29.05,32.06,39.01,105.87,49.75,29.09,82.47,103.05,288.62,187.3],[306.92,114.21,107.1,296.7,0,458.52,21.81,46.33,94.65,52.22,77.7,70.33,38.08,28.46,50.02,68.13,48.8,40.65,19.07,5.6,48.89,13.63,14.77,101.29,9.74,22.97,23.63,29.85,7.47,50.5,7.02,30.93,7.93,14.66,6.44,7.2,16.2,5.8,31.7,1.87,5.26,4.71,2.01,7.05,7.17,4.19,7.96,4.45,34.48,6.36,1.9,4.24,1.72,1.92,15.59,8.57,3.06,11.86,4.08,4.01,1.93,5.27,213.26,2.22,12.08,3.53,1.4,4.98,4.67,60.84,5.26,20.57,7.1,0.59,13.21,4.87,5.71,31.67,36.9,10.61,22.89,19.54,21.87,17.83,5.32,41.28,4.31,5.35,9.8,36.71,10.84,12.51,12.54,43.83,17.48,11.9,37.92,40.34,84.53,74.27],[2526.22,841.71,273.93,637.02,458.52,0,244.27,1096.83,583.26,252.05,2416.05,955.1,297.06,582.52,139.49,264.64,246.9,201.17,74.94,54.83,245.34,127.33,104.14,1785.04,219.11,104.51,91.59,135.76,87.62,534.53,58.05,176.88,198.23,142.51,27.3,60.48,144.19,65.75,438.42,39.94,98.29,61.65,62.27,87.57,92.21,64.16,111.64,46.7,865.69,80.24,36.49,57.77,14.27,23.98,114.39,188.89,41.27,118.12,47.81,53.65,23.54,67.36,1829.73,45.09,123.36,73.65,30.2,30.73,43.99,343.1,103.63,245.95,52.33,115.62,81.72,20.88,53.45,44.47,365.41,163.86,220.84,158.53,146.11,64.18,90.99,446.28,76.59,77.19,140.48,254.13,104.54,57.13,52.81,237.76,125.76,156.28,124.8,397.92,382.78,337.34],[135.75,19.98,10.21,48.45,21.81,244.27,0,325.07,521.89,76.71,55.7,32.43,17.59,14.2,11.52,16.29,9.83,12.46,5.82,3.87,24.96,22,1.82,78.56,3.31,14.51,17.43,24.6,14.96,50.07,14.98,15,17.62,25.98,0.79,3.17,2.25,6.43,43.67,1.56,3.37,5.72,8.77,6.36,9.97,2.85,8.41,4.17,37.81,6.58,3.19,3.78,2.79,1.78,7.35,6.73,3.23,7.99,2.88,3.03,1.93,5.77,87.91,2.41,7.89,3.6,1.85,2.16,4.34,19.06,8.57,23.81,26.65,5.11,3.01,18.44,18.39,45.45,144.13,7.55,1.54,27.17,31.9,20.44,4.99,20.49,8.32,6.41,4.97,21.83,6.13,14.58,22.6,22.01,12.2,8.99,52.69,62.66,18.36,61.83],[115.54,35.2,22.58,89.31,46.33,1096.83,325.07,0,385.5,35.96,41.78,35.78,15.29,74.6,9.4,117.54,8.06,8.17,5.1,5.49,5.66,6.17,0.85,76.7,23.41,7.31,7.26,9.28,312.1,7.74,4.95,2.3,11.45,6.74,0,10.93,1.3,3.65,14.6,2.31,6.35,3.36,9.59,25.69,3.34,2.63,6.99,3.3,53.69,6.22,2.61,2.92,1.65,1.65,7.28,7.45,2.33,7.53,2.71,2.98,1.64,5.09,92.67,2.97,8.26,3.12,1.71,1.38,2.76,13.44,9.45,7.66,1.78,18.43,2.22,8.41,7.28,2.08,29.21,6.23,9.77,52.64,12.06,57.23,36.86,54.97,41.34,16.07,16.83,26.18,6.15,8.66,11.2,40.03,20.33,7.02,31.52,6.06,64.82,115.94],[223.5,122.66,61.13,137.68,94.65,583.26,521.89,385.5,0,226.71,76.08,136.87,38.75,35.99,9.08,37.5,28.39,31.51,18.31,35.38,159.21,33.14,8.71,184.89,50.96,35.91,40.2,49.3,20.71,37.15,51.78,21.93,30.81,24.03,5.6,14.89,2.24,16.07,72.91,3.84,9.16,43.04,11.96,19.32,29.8,13.39,28.1,12.39,219.42,22.42,9.95,13.34,4.87,6.21,27,40.67,9.7,28.97,11.27,12.73,6.17,18.7,408.83,11.51,30.03,14.76,6.91,5.59,10.1,59.4,12.98,50.09,10.61,1.29,3.87,10.65,12.58,13.76,191.9,27.4,22.27,37.09,53.13,8.3,24.71,17.69,8.67,10.43,24.13,94.95,17.61,13.53,13.88,55.71,49.18,18.11,77.71,117.84,45.38,70.43],[186.67,30.38,36.99,109.55,52.22,252.05,76.71,35.96,226.71,0,20.72,18.22,5.79,14.52,5.13,35.33,38.27,11.88,22.6,22.18,8.46,18.36,63.31,119.95,77.82,11.57,12.24,42.22,33.32,70.64,63.93,17.07,7.94,22.15,4.49,14.84,2.79,3.76,12.73,46.63,128.12,0,4.94,8.51,1.56,5.79,28.96,13.97,91.5,20.21,8.62,10.98,10.67,4.52,14.96,12.33,8.46,18.98,6.68,6.6,5.73,18.25,165.68,5.29,16.44,7.79,4.48,7.24,12.15,38.34,39.4,41.96,7.41,2.01,0.36,1.06,16.44,36.11,9.11,13.25,79.49,28.71,35.23,2.33,6.74,64.9,1.91,4.79,47,29.99,5.48,5.78,25.33,29.08,7.24,76.32,30.01,17.3,16.98,31.75],[96.58,22.76,18.36,65.61,77.7,2416.05,55.7,41.78,76.08,20.72,0,284.05,116.12,15.66,29.53,8.54,8.57,11.31,1.04,2.54,7.1,8.63,2.75,131.1,89.74,7.52,8.69,16.24,6.52,82.48,8.05,3.29,16.23,3.79,2.04,4.29,0.45,6.23,34.48,1.58,3.9,0.7,0.84,1.55,4.55,2.95,8.82,4.24,45.52,6.57,2.94,3.54,2.24,1.66,7.35,7.66,2.86,7.75,2.73,3.03,1.82,5.62,83.92,2.59,7.94,3.6,1.77,1.73,3.54,14.32,0.4,6.75,6.48,1.83,1.24,0.55,2.87,1.95,3.9,4.68,4.87,2.05,14.01,3.98,3.03,3.24,8.18,2.26,7.33,62.53,1.09,1.07,1.34,9.02,8.17,4.12,9,2.31,21.54,12.33],[299.79,36.5,34.32,117.7,70.33,955.1,32.43,35.78,136.87,18.22,284.05,0,315.48,66.96,35.14,53.58,27.13,21.66,22.65,7.35,124.37,31.78,3.95,164.54,19.54,16.84,15.96,28.31,17.6,78.27,16.1,5.24,20.95,31.88,2.42,4.71,4.3,8.63,30.11,1.15,3,6.85,2.88,13.91,8.31,4.28,16.24,7.56,80.79,12.92,4.12,5.96,4.76,2.83,12.79,10.15,3.93,12.94,4.38,4.67,3.2,10.4,160.9,4.85,13.31,4.63,2.24,4.38,5,25.93,12.58,39.52,9.58,7.29,14.99,18.22,3.75,6.54,9.21,22.35,11.83,42.68,17.03,4.17,9.16,10.62,13.91,4.75,9.09,33.98,6.96,10.33,8.39,58.45,29.31,11.59,26.97,39.6,55.86,31.95],[194.59,37.84,25.82,110.39,38.08,297.06,17.59,15.29,38.75,5.79,116.12,315.48,0,51.81,9.87,27.98,19.77,21.87,9.07,5.04,25.83,16.9,4.94,201.15,28.9,9.11,7.93,15.19,5.02,21.91,27.64,16.33,15.24,22.89,24,33.07,19.16,20.75,131.33,2.23,4.11,8.43,5.26,13.03,20.25,2.55,6.64,3.1,47.57,5.69,2.16,2.6,1.41,1.43,6.85,6.42,2.06,6.82,2.42,2.66,1.42,4.37,94.16,2.57,7.51,2.78,1.45,1.5,2.47,16.29,8.57,37.14,7.47,33.11,23.27,5.34,0.89,7.54,22.9,17.81,7.15,28.39,9.41,2.4,18.16,18.66,3.43,45.8,8.55,81.18,5.29,6.54,6.09,29.55,11.84,2.48,24.83,67.38,17.75,29.73],[207.88,43.32,26.73,137.89,28.46,582.52,14.2,74.6,35.99,14.52,15.66,66.96,51.81,0,189.1,490.19,411.4,104.65,44.1,19.09,59.3,77.33,26.55,373.34,27.82,28.14,25.42,38.12,28.32,131.03,31.02,79.25,29.39,22.39,3.39,8.3,9.5,18.02,91.08,33.43,68.01,4.76,7.18,10.75,5.39,6.64,18.13,8.44,114.15,13.99,5.89,6.81,3.76,3.57,16.17,15.98,5.78,16.93,6.03,6.6,3.65,10.95,215.5,5.93,18.45,7.9,4.07,3.77,7.39,43.46,12.05,24.8,6.81,6.57,18.03,9.53,10.12,22.91,36.42,89.69,44.82,9.91,29.55,2.21,52.13,18.79,7.93,9.76,19.61,98.73,8.61,11.96,16.49,52.89,44.33,16.42,21.72,9.13,23.04,17.77],[198.18,49.65,43.55,91.13,50.02,139.49,11.52,9.4,9.08,5.13,29.53,35.14,9.87,189.1,0,837.79,284.77,33.2,60.18,44.52,161.14,60.64,34.65,189.61,23.18,22.83,18.37,25.46,12.73,50.13,15.21,7.71,31.55,48.93,8.91,6.16,7.3,6.54,54.45,1.69,4.71,3.59,0.55,1.34,5.47,5.6,12.64,5.64,97.15,10.56,3.68,4.84,2.05,2.58,13.2,13.78,3.8,12.87,4.59,5.17,2.53,7.62,187.36,5.14,14.92,6.22,2.9,2.97,4.27,32.85,23.07,131.19,6.22,1.13,8.27,7.24,20.57,7.15,60.82,54.57,182.96,33.75,41.87,8.93,57.49,7.86,20.12,5.16,32.86,46.43,10.5,18.21,19.77,42.26,77.71,4.77,13.8,18.38,80.82,18.66],[264.14,48.4,60.95,177.85,68.13,264.64,16.29,117.54,37.5,35.33,8.54,53.58,27.98,490.19,837.79,0,374.76,149.91,113.12,35.77,152.5,173.74,32.99,486.75,40.92,40.86,46.14,45.03,19.86,107.89,41.66,23.32,53.64,47.25,4.42,24.48,30.17,20.25,106.82,31.09,63.46,10.94,7.52,11.05,19.4,8.29,28.41,12.9,140.31,24.12,7.4,10.85,9.53,5.34,23.5,16.57,7.39,23.84,8.02,8.44,5.83,18.35,314.92,9.25,26.06,8.67,4.09,9.56,10.14,62.55,58.68,101.55,34.88,9.71,24.95,24.12,29.62,14.66,67.78,99.69,82.63,38.92,44.4,20.5,13.4,12.37,20.06,14.83,31.15,90.24,12.97,24.93,32.25,70.63,80.71,20.26,35.89,75.35,54.02,40.89],[171.06,50.91,59.97,92.34,48.8,246.9,9.83,8.06,28.39,38.27,8.57,27.13,19.77,411.4,284.77,374.76,0,104.26,79.9,111.83,231.83,185.38,48.08,448.71,32.31,56.58,58.26,58.58,32.6,70.57,68.69,90.69,44.28,48.34,20.02,27.72,36.91,22.17,126.27,8.3,22.26,12.77,10.51,75.9,41.19,9.51,27.07,12.49,130.92,19.84,8.89,10.58,6.96,5.19,20.05,20.11,9.29,23.03,8.33,8.83,5.41,16.01,280.96,7.72,24.24,12.1,5.84,6.7,13.13,74.43,44.14,75.26,91.79,8.32,35.24,59.38,49.1,36.52,66.68,197.07,341.85,48.15,65.4,9.29,44.51,20.43,3.73,14.16,75.84,145.04,21.74,23.19,30.76,108.34,34.71,26.48,26.08,33.61,39.48,22.68],[110.44,59.63,25.29,80.5,40.65,201.17,12.46,8.17,31.51,11.88,11.31,21.66,21.87,104.65,33.2,149.91,104.26,0,323.94,116.97,115.35,94.52,22.68,982.2,25.34,54.78,39.24,68.01,71.44,63.74,111.45,27.51,63.71,69.98,3.67,19.82,6.66,10,87.96,4.56,10.47,110.76,4.81,9.14,21.84,6.89,16.48,7.28,145.21,14.38,4.94,5.59,2.11,3.51,16.34,16.99,4.5,16.39,5.89,6.68,3.17,9.9,254.22,7.19,19.36,6.91,3.68,2.84,4.82,39.48,29.94,25.59,14.78,4.22,10.85,16.51,18.37,24.74,102.49,39.91,40.34,23.9,20.86,3.17,19.67,10.58,9.91,5.59,12.67,20.77,6.3,13.33,34.09,21.89,10.39,5,20.51,33.86,56.28,69.64],[55.02,13.01,19.08,55.45,19.07,74.94,5.82,5.1,18.31,22.6,1.04,22.65,9.07,44.1,60.18,113.12,79.9,323.94,0,211.64,66.28,128.77,39.65,396.44,112.81,66.42,107.46,194.55,34.28,128.29,36.79,45.14,18.81,39.54,8.13,10.45,17.71,12.07,46.71,2.21,4.59,14.45,24.34,27.53,17.54,8.22,37.5,15.78,137.44,25.24,9.11,11.23,10.71,5.51,14.78,13.87,8.19,19.87,7.11,7.3,5.91,19.26,250.17,9.08,20.56,8.97,4.48,8.69,12.38,55.99,60.36,69.97,11.47,7.16,32.56,30.21,81.95,16.28,38.36,123.78,34.25,21.86,23.82,5.68,3.29,30.13,4.71,24.92,27.01,53.11,12.09,10.97,34.35,50.47,19.85,3.67,26.83,28.03,10.05,15.55],[24.18,10.55,5.9,16.78,5.6,54.83,3.87,5.49,35.38,22.18,2.54,7.35,5.04,19.09,44.52,35.77,111.83,116.97,211.64,0,69.27,55.4,24.98,330.12,23.69,25.83,22.81,45,7.83,129.69,26.08,9.7,14.27,31.2,10.88,6.14,6.04,17.72,155.09,6.52,11.27,6.95,11.45,3.27,11.6,4.04,10.1,4.32,69.03,10.47,3.44,3.7,2.67,2.66,6.84,6.95,2.96,8.54,3.27,3.6,2.05,6.99,144.42,5.89,10.97,4.34,1.66,2.46,3.92,23.42,19.54,33.92,3.48,3.57,6.34,2.46,11.43,12.24,81.06,20.73,41.75,18.56,13.58,1.52,7.29,20.2,4.48,1.04,3.7,17.52,4.72,9.47,8.57,16.17,14.89,6.95,1.22,12.4,25.44,21.92],[124.35,54.12,41.97,90.44,48.89,245.34,24.96,5.66,159.21,8.46,7.1,124.37,25.83,59.3,161.14,152.5,231.83,115.35,66.28,69.27,0,404.95,115.27,430.56,59.26,94.38,92.88,101.49,12.57,163.73,44.33,102.25,122.07,79.59,733.47,38.52,103.65,51.76,294.13,43.73,87.65,10.27,7.13,13.15,11.38,6.58,13.01,5.23,87.57,10.11,3.2,5.2,2.4,2.43,11.37,14.54,3.89,11.36,4.23,4.81,2.32,7.02,189.51,5.17,13.36,6.8,2.59,4.02,4.17,37.84,34.75,60.85,60.92,32.71,109.89,15.42,57.37,13.04,148.82,258.81,113.66,79.23,11.88,14.34,12.46,30.93,8.46,15.98,64.82,94.34,24.97,7.41,13.76,39.75,65.05,12.83,7.03,10.8,67.21,92.97],[51.57,21.11,19.86,40.06,13.63,127.33,22,6.17,33.14,18.36,8.63,31.78,16.9,77.33,60.64,173.74,185.38,94.52,128.77,55.4,404.95,0,44.44,398.54,48.59,39.3,44.98,46.96,36.33,52.02,30.19,36.35,68.51,83.04,32.84,20.46,13.24,21.96,116.31,3.76,8.7,6.81,9.82,16.87,11.22,6.42,15.69,6.93,92.82,15.54,4.48,6.13,4.69,3.72,14.33,11.1,4.45,14.48,5.09,5.52,3.27,10.64,233.12,7.89,18.3,6.39,2.32,5.58,5.99,46.36,22.66,67.24,24.73,8.8,48.98,40.41,42.47,34.85,41.3,126.73,167.91,34.07,44.91,6.97,14.32,19.61,3.69,16.78,21.96,85.79,11.68,14.5,19.23,41.61,82.92,2.52,14.03,27.84,21.64,21.72],[56.39,23.92,13.59,31.84,14.77,104.14,1.82,0.85,8.71,63.31,2.75,3.95,4.94,26.55,34.65,32.99,48.08,22.68,39.65,24.98,115.27,44.44,0,586.58,81.21,35.37,36.48,45.22,33.58,66.05,64.05,73,484.43,32.04,1.89,8.61,9.77,5.93,34.73,2.13,5.1,2.75,8.6,15.81,3.58,4.15,10.8,4.85,70.94,9.1,2.71,3.49,2.04,2,9.47,8.07,2.76,9.36,3.21,3.6,1.92,6.01,149.6,4.02,11.31,4.03,1.87,2.67,3.42,29.97,64.44,46.1,78.73,2.69,16.17,10.35,21.78,29.49,32.38,42.85,45.89,24.13,50.12,8.76,13.91,9.21,12.35,40.71,17.11,39.09,9.07,8.12,13.42,99.06,22.07,10.04,6.39,5.05,13.25,10.13],[558.41,146.2,85.5,220.51,101.29,1785.04,78.56,76.7,184.89,119.95,131.1,164.54,201.15,373.34,189.61,486.75,448.71,982.2,396.44,330.12,430.56,398.54,586.58,0,1045.05,777.55,602.39,772.24,560.39,778.48,235.99,167.86,581.49,830.01,29.35,117.72,102.4,74.94,466.62,206.52,1247.38,48.27,138.83,207.29,236.33,30.46,72.3,31.82,473.58,52.79,19.15,24.13,10.41,12.54,61.63,64.51,20.57,61.71,21.97,24.63,12.2,36.63,985.5,22.28,69.5,28.89,14.33,15.05,24.48,221.87,171.83,468.23,434.09,263.1,95.86,134.2,206.26,217.66,271.25,327.68,300.94,102.87,298.55,31.95,117.53,209.08,148.68,102.36,115,629.44,78.46,105.15,246.96,166.24,126.59,45.63,149.2,124.44,208.45,90.48],[126.62,10.66,7.59,20.37,9.74,219.11,3.31,23.41,50.96,77.82,89.74,19.54,28.9,27.82,23.18,40.92,32.31,25.34,112.81,23.69,59.26,48.59,81.21,1045.05,0,301.49,233.43,373.62,201.99,263.41,40.22,36.23,120.3,42.62,0.37,16.5,4.03,16.16,93.84,5.79,15.45,5.21,1.64,26.99,28.59,8.02,18.56,8.42,87.22,12.76,4.76,6.51,3.15,3.03,15.92,15.32,5.63,15.44,5.4,5.97,3.08,9.07,255.98,4.76,16.6,7.31,3.14,4.43,7.12,65.7,28.34,92.12,7.52,3.63,15.5,33.06,6.34,27.5,28.02,12.99,24.44,29.34,21.43,4.09,17.62,22.57,22.61,37.57,6.32,118.05,4.41,17.13,24.63,26.81,38.79,5.47,18.57,20.83,15.81,5.74],[71.1,14.4,19.31,45.59,22.97,104.51,14.51,7.31,35.91,11.57,7.52,16.84,9.11,28.14,22.83,40.86,56.58,54.78,66.42,25.83,94.38,39.3,35.37,777.55,301.49,0,522.03,430.89,87.7,164.41,46.22,27.56,84.72,59.71,33.9,35.24,20.48,22.87,113.12,5.29,11.75,20.58,6.15,20.07,27.29,6.3,19.42,9.36,43.56,11.77,5.17,6.49,4.43,2.84,13.72,9.92,5.84,13.9,4.71,4.82,3.16,9.31,201.97,3.08,13.77,6.18,2.77,4.69,9.01,70.24,17.52,93.12,29.87,9.16,6.94,3.44,17.73,32.16,21.83,28.63,45.38,25.27,24.48,3.17,6.28,44.26,17.46,17.88,18.05,132.49,9.1,6.28,9.93,40.66,29.4,12.65,8.53,19.15,11.51,19.14],[58.15,11.99,18.07,47.94,23.63,91.59,17.43,7.26,40.2,12.24,8.69,15.96,7.93,25.42,18.37,46.14,58.26,39.24,107.46,22.81,92.88,44.98,36.48,602.39,233.43,522.03,0,511.83,100.07,172.49,45.83,25.41,63.51,69.9,19.76,23.87,16.91,26.19,115.07,6.14,14.6,19.35,8.64,22.73,34.63,6.55,25.71,12.34,62.01,16.88,8.09,8.26,7.11,3.93,15.09,9.85,7.79,17.34,5.7,5.96,4.49,13.62,184.49,4.44,17.35,7.72,4.07,4.79,12.29,58.94,17.8,74.71,30.05,6.6,3.85,5.41,21.8,21.35,15.53,33.3,47.22,32.36,26.95,2.04,4.89,37.97,14.29,18.79,21.04,110.96,8.46,6.29,15.07,48.93,21.65,11.79,6.51,19.82,8.78,18.11],[66.7,16.57,25.84,60.93,29.85,135.76,24.6,9.28,49.3,42.22,16.24,28.31,15.19,38.12,25.46,45.03,58.58,68.01,194.55,45,101.49,46.96,45.22,772.24,373.62,430.89,511.83,0,234.38,511.75,112.86,31.26,66.78,75.53,27.96,46.48,31.51,32.88,146.04,11.85,26.19,98.61,35.2,38.32,44.86,10.3,41.45,17.16,145.47,27.7,8.6,11.71,10.87,5.44,20.36,16.27,8.23,22.48,7.45,8.12,6.08,19.67,328.51,9.23,24.07,9.08,4.14,9.97,11.57,65.81,41.22,114.51,50.01,14.82,10.74,16.37,41.25,26,25.63,45.43,44.07,42.25,81.42,4.95,21.96,72.92,16.3,15.07,34.68,103.69,18.19,15.81,22.85,74.55,27.07,22.14,12.1,37.45,47.22,16.32],[38.4,11.34,6.59,27.21,7.47,87.62,14.96,312.1,20.71,33.32,6.52,17.6,5.02,28.32,12.73,19.86,32.6,71.44,34.28,7.83,12.57,36.33,33.58,560.39,201.99,87.7,100.07,234.38,0,1036.43,203.14,24.21,50.91,174.63,13.34,42.18,22.48,15.52,91.37,4.39,10.45,26.19,7.7,45.15,49.1,6.91,26.08,10.97,103.08,16.01,5,5.81,4.29,2.95,11.71,10.54,4.66,12.86,4.23,4.97,3.11,10.13,220.82,5.28,14.13,5.33,2.56,3.92,5.9,40.66,32.25,48.55,8.93,9.55,10.2,19.17,14.13,4.08,30.7,37.99,36.86,83.08,20.37,1.34,2.26,16.09,2.84,5.95,10.35,34.06,3.72,3,5.2,24.93,2.86,5.25,4.12,19.86,15.6,204.77],[169.4,121.12,67.5,127.47,50.5,534.53,50.07,7.74,37.15,70.64,82.48,78.27,21.91,131.03,50.13,107.89,70.57,63.74,128.29,129.69,163.73,52.02,66.05,778.48,263.41,164.41,172.49,511.75,1036.43,0,238.18,47.94,103.88,102.61,7.96,146.62,304.93,27.75,148.59,50.45,100.68,118.64,41.13,39.69,33.64,18.55,39.3,14.97,207.46,23.3,8.24,11.47,4.23,5.16,21.13,33.58,10.34,23.33,8.75,10.61,4.79,14.5,469.54,9.86,25.68,13.96,5.69,6.24,9.56,99.27,88.1,292.61,16.81,26.5,21.46,73.74,65.56,28.45,63.82,28.58,65.2,32.4,49.21,7.23,13.15,50.2,56.89,30.32,38.34,91.49,33.96,78.91,83.55,61,57.92,20.41,47.26,82.38,99.08,91.4],[47.77,7.3,6.35,18.44,7.02,58.05,14.98,4.95,51.78,63.93,8.05,16.1,27.64,31.02,15.21,41.66,68.69,111.45,36.79,26.08,44.33,30.19,64.05,235.99,40.22,46.22,45.83,112.86,203.14,238.18,0,40.55,76.64,73.21,37.57,92.23,51.05,11.01,53.88,11.71,29.7,23.82,55.88,35.99,18.15,4.83,13.3,5.74,89.2,13.57,3.46,3.83,3.19,2.8,10.65,6.76,2.85,10.64,3.52,4.14,2.35,8.09,194.84,6.29,14.19,3.8,1.67,3.31,3.73,31.76,20.42,43.68,9.53,17.33,31.62,16.13,15.58,27.94,24.3,18.23,18,27.26,19.7,9.46,14.27,21.23,4.38,39.28,25.55,32.19,10.53,19.01,21.28,34.52,28.73,22.08,6.53,27.46,73.02,15.99],[45.73,22.33,22.09,61.04,30.93,176.88,15,2.3,21.93,17.07,3.29,5.24,16.33,79.25,7.71,23.32,90.69,27.51,45.14,9.7,102.25,36.35,73,167.86,36.23,27.56,25.41,31.26,24.21,47.94,40.55,0,446.82,220.92,20.23,49.15,6.54,50.23,173.18,4.73,9.75,9.17,4.58,43.45,13.43,4.54,14.44,5.53,86.9,11.24,2.11,4.38,3.99,2.08,9.14,8,2.31,9.09,3.18,3.36,2.16,7.02,172.73,4.51,11.11,3.18,1.55,5.72,2.92,39.28,142.83,100.53,86.61,84.62,24.4,63.16,41.16,44.8,137.13,31.54,144.7,37.25,52.17,1.12,8.52,49.33,7.85,1.36,34.54,102.69,11.1,12.65,12.55,24.28,18.9,10.34,16.28,7.5,19.09,19.6],[77.42,19.72,8.23,13.74,7.93,198.23,17.62,11.45,30.81,7.94,16.23,20.95,15.24,29.39,31.55,53.64,44.28,63.71,18.81,14.27,122.07,68.51,484.43,581.49,120.3,84.72,63.51,66.78,50.91,103.88,76.64,446.82,0,158.05,19.78,12.58,32.32,15.83,84.71,15.57,22.04,19.06,15.13,13.38,56.96,6.58,17.06,7.69,135.46,13.78,4.09,4.91,2.13,2.97,15.74,13.59,4.06,15.17,5.17,5.77,2.86,8.76,243.11,5.89,18.74,6.18,3.55,3.63,4.89,53.04,65.38,60.22,34.01,5.9,48.19,48.12,59.34,19.36,41.46,39.46,51.64,63.93,59.12,5.45,85.48,41.6,8.78,30.78,59.81,98.54,20.55,33.54,43.1,49.68,65.86,18.15,20.15,40.06,33.17,31.8],[41.7,14.01,17.72,33.3,14.66,142.51,25.98,6.74,24.03,22.15,3.79,31.88,22.89,22.39,48.93,47.25,48.34,69.98,39.54,31.2,79.59,83.04,32.04,830.01,42.62,59.71,69.9,75.53,174.63,102.61,73.21,220.92,158.05,0,18.66,72.46,37.96,17.16,71.65,11.38,31.09,58.62,9.33,9.19,23.17,6.91,15.66,6.79,119.29,11.34,3.34,4.11,1.34,2.36,12.63,12.49,3.75,12.13,4.17,4.8,2.17,6.67,220.25,4.67,15.22,5.54,3.07,2.93,4.08,55.38,114.02,229.47,110.11,4.75,62.1,59.86,52.84,25.85,46.62,47.38,44.52,68.28,80.4,4.75,10.77,13.8,1.92,18.47,21.53,48.67,38.97,29.83,29.88,63.35,30.59,16.33,23.56,33.93,19.78,10.53],[3.66,26.63,6.34,13.76,6.44,27.3,0.79,0,5.6,4.49,2.04,2.42,24,3.39,8.91,4.42,20.02,3.67,8.13,10.88,733.47,32.84,1.89,29.35,0.37,33.9,19.76,27.96,13.34,7.96,37.57,20.23,19.78,18.66,0,43.4,66.09,28.8,192.09,23.68,24.08,44.49,72.6,73.09,48.44,2.57,7.13,2.9,61.77,5.5,1.19,0.76,0.35,0.68,2.18,2.16,0.8,2.59,0.83,1.28,0.5,1.93,80.78,1.62,3.56,0.87,0.75,0.44,0.75,16.31,8.82,25.43,51.95,54.41,17.48,10.05,6.26,6.38,9.88,5.94,23.35,26.46,18.64,0.75,3.04,4.51,1.43,3.49,3.69,30.19,17.69,3.54,16.8,18.54,15.76,2,8.16,1.35,17.82,5.26],[27.16,31.01,7.16,9.52,7.2,60.48,3.17,10.93,14.89,14.84,4.29,4.71,33.07,8.3,6.16,24.48,27.72,19.82,10.45,6.14,38.52,20.46,8.61,117.72,16.5,35.24,23.87,46.48,42.18,146.62,92.23,49.15,12.58,72.46,43.4,0,65.38,25.41,181.16,23.72,42.2,21.93,85.9,62.51,44.55,5.88,17.58,7.38,198.64,14.58,3.29,2.17,0.65,2.2,8.94,7.96,2.12,9.54,3.13,4.12,1.65,5.94,227.94,5.13,13.67,2.73,3.02,1.18,1.74,41.33,42.19,170.73,25.38,10.97,25.05,33.55,11.44,4.84,465.78,40.44,35.4,17.27,10.18,22.88,16.73,15.39,3.78,1.78,16.23,129.88,9.38,0.74,5.99,33.62,22.15,1.86,8.72,7.27,39.31,2.28],[80.56,76.92,17.81,16.6,16.2,144.19,2.25,1.3,2.24,2.79,0.45,4.3,19.16,9.5,7.3,30.17,36.91,6.66,17.71,6.04,103.65,13.24,9.77,102.4,4.03,20.48,16.91,31.51,22.48,304.93,51.05,6.54,32.32,37.96,66.09,65.38,0,121.18,811.95,27.48,66.66,36.8,126.84,99.51,65.93,5.27,15.05,6.34,145.97,12.55,2.85,1.61,0.85,1.6,4.09,3.97,1.75,5.52,1.82,2.76,1.14,4.43,157.77,3.84,8.85,2.19,2.23,1.14,2.4,47.8,23.58,114.91,23.46,13.1,21.51,22.17,5.27,11.52,17.42,5.59,7.26,1.81,13.99,1.68,4.23,15.67,8,1.67,6.04,4.72,5.65,0,1.45,11.8,4.17,7.54,1.09,1.68,25.79,1.7],[28.33,10.11,4.23,27.47,5.8,65.75,6.43,3.65,16.07,3.76,6.23,8.63,20.75,18.02,6.54,20.25,22.17,10,12.07,17.72,51.76,21.96,5.93,74.94,16.16,22.87,26.19,32.88,15.52,27.75,11.01,50.23,15.83,17.16,28.8,25.41,121.18,0,1617.87,39.61,66.74,52.77,98.06,104.43,81.22,4.41,12.21,4.85,119.42,10.57,1.99,1,0.55,1.16,2.49,2.49,1.02,3.52,1.16,2.11,0.72,3.13,134.34,3.03,5.8,1.27,1.33,0.94,1.32,38.39,43.22,73.26,19.03,6.9,25.18,26.85,13.85,11.39,14.97,12.89,25.01,25.19,39.78,6.56,6.5,40.77,1.69,7.98,7.09,17.88,4.38,5.3,6.43,16.83,11.63,7.39,14.11,5.63,8.15,5.11],[160.4,79.71,25.72,156.06,31.7,438.42,43.67,14.6,72.91,12.73,34.48,30.11,131.33,91.08,54.45,106.82,126.27,87.96,46.71,155.09,294.13,116.31,34.73,466.62,93.84,113.12,115.07,146.04,91.37,148.59,53.88,173.18,84.71,71.65,192.09,181.16,811.95,1617.87,0,363.64,622.62,501.12,519.44,633.74,552.29,24.58,59.95,25.55,551.33,44.41,8.52,4.54,1.47,4.34,11.92,13.72,6.3,16.38,5.13,8.71,2.89,11.99,608.26,10.77,25.67,6.12,6.75,2.96,5.8,193.63,169.43,357.66,91.51,37.7,92.16,97.01,55.73,60.51,87.53,82.63,154.33,86.86,141.51,29.7,33.69,182.34,10.29,36.56,30.83,102.8,26.02,24.14,31.97,76.39,76.67,36.21,105.91,24.98,41.54,25.17],[24.4,6.27,1.75,5.37,1.87,39.94,1.56,2.31,3.84,46.63,1.58,1.15,2.23,33.43,1.69,31.09,8.3,4.56,2.21,6.52,43.73,3.76,2.13,206.52,5.79,5.29,6.14,11.85,4.39,50.45,11.71,4.73,15.57,11.38,23.68,23.72,27.48,39.61,363.64,0,1250.76,251.35,64.59,41.84,56.2,2.71,9.24,3.77,91.38,6.58,1.43,0.51,0.21,0.58,1.21,1.45,0.6,1.92,0.59,1.14,0.39,1.71,77.78,1.45,2.99,0.64,0.94,0.26,0.75,21.88,7.04,45.69,9.41,1.61,12.36,3.59,4.61,4.83,10.08,1.15,11.54,4.6,9.94,0.54,0.98,4.07,0.63,0.89,1.15,8.28,0.97,0.48,2.24,10.16,0.43,0.56,8.95,1.83,40.96,1.09],[55.48,12.65,4.24,14.41,5.26,98.29,3.37,6.35,9.16,128.12,3.9,3,4.11,68.01,4.71,63.46,22.26,10.47,4.59,11.27,87.65,8.7,5.1,1247.38,15.45,11.75,14.6,26.19,10.45,100.68,29.7,9.75,22.04,31.09,24.08,42.2,66.66,66.74,622.62,1250.76,0,628.61,136.61,91.55,98.68,8.76,22.02,9.06,224.85,14.8,2.88,1.2,0.21,1.27,3,4.42,1.96,4.59,1.44,2.81,0.78,3.46,201.69,3.26,6.81,1.6,2.22,0.48,1.18,52.87,16.48,89.5,19.06,5.72,34.69,8.3,9.72,10.2,22.38,2.41,23.66,10.19,24.5,1.8,4.16,17,2.81,2.23,3.64,17.16,2.33,1.16,4.28,24.63,0.92,1.53,17.24,8.28,39.76,2.24],[50.62,3.99,2.51,10.23,4.71,61.65,5.72,3.36,43.04,0,0.7,6.85,8.43,4.76,3.59,10.94,12.77,110.76,14.45,6.95,10.27,6.81,2.75,48.27,5.21,20.58,19.35,98.61,26.19,118.64,23.82,9.17,19.06,58.62,44.49,21.93,36.8,52.77,501.12,251.35,628.61,0,166.11,120.59,85.34,2.97,9.15,3.17,84.58,6.72,1.09,0.55,0.28,0.62,1.29,1.54,0.51,1.87,0.6,1.25,0.37,1.75,89.62,1.67,2.76,0.56,0.69,0.61,0.43,19.79,8.84,33.7,15.56,3.68,50.06,10.21,2.37,76.29,5.01,18.35,12.48,9.08,13.31,7.61,35.74,11.45,15.26,3.73,6.27,14.91,6.06,1.42,2.47,19.04,5.12,2.34,0.3,7.8,17.1,7.24],[15.34,6.17,3.14,11.58,2.01,62.27,8.77,9.59,11.96,4.94,0.84,2.88,5.26,7.18,0.55,7.52,10.51,4.81,24.34,11.45,7.13,9.82,8.6,138.83,1.64,6.15,8.64,35.2,7.7,41.13,55.88,4.58,15.13,9.33,72.6,85.9,126.84,98.06,519.44,64.59,136.61,166.11,0,617.08,268.35,7.3,58.52,20.08,117.07,14.95,2.73,2.48,1.73,1.15,1.74,2.89,1.19,3.23,1.08,1.94,1.25,4.47,164.68,2.74,2.93,1.5,0.62,3.12,2.33,47.29,3.95,36.74,8.36,33.77,29,3.71,4.13,5.21,18.12,9.35,6.62,2.79,5.59,0.85,0.6,0,0.59,0,2.74,20.08,0.35,1.38,1.58,1.99,3.67,1.88,0,3.47,14.75,1.26],[41.57,13.42,5.32,26.19,7.05,87.57,6.36,25.69,19.32,8.51,1.55,13.91,13.03,10.75,1.34,11.05,75.9,9.14,27.53,3.27,13.15,16.87,15.81,207.29,26.99,20.07,22.73,38.32,45.15,39.69,35.99,43.45,13.38,9.19,73.09,62.51,99.51,104.43,633.74,41.84,91.55,120.59,617.08,0,964.68,6.81,31.04,11.49,122.24,13.42,2.66,1.64,0.93,1.04,2.57,2.99,1.34,3.73,1.14,1.97,0.89,3.59,178.24,2.4,4.51,1.31,0.98,1.4,1.91,49.25,29.33,115.57,31.05,32.61,66.58,6.86,20.44,44.27,5.91,9.42,12.36,32.44,69.82,13.42,1.92,4.99,4.97,1.33,16.25,91.43,2.38,5.03,18.19,32.02,47.98,3.75,4.96,4.98,7.67,19.66],[79.86,23.77,8.28,29.02,7.17,92.21,9.97,3.34,29.8,1.56,4.55,8.31,20.25,5.39,5.47,19.4,41.19,21.84,17.54,11.6,11.38,11.22,3.58,236.33,28.59,27.29,34.63,44.86,49.1,33.64,18.15,13.43,56.96,23.17,48.44,44.55,65.93,81.22,552.29,56.2,98.68,85.34,268.35,964.68,0,8.41,34.57,11.8,210.53,17.53,3.46,1.79,0.91,1.43,3.26,4.1,1.54,4.79,1.52,2.83,1.04,4.53,246.04,3.46,5.99,1.51,1.59,1.5,1.86,56.55,6.59,81.38,10.37,12.89,7.17,4.71,26.87,8.71,56.58,7.71,35.93,18.4,23.32,0.93,2.62,17.23,2.54,2.55,37.59,113.77,31.38,15.57,31.3,7.2,14.8,1.95,4.16,2.59,20.39,7.52],[14.73,2.91,2.98,8.39,4.19,64.16,2.85,2.63,13.39,5.79,2.95,4.28,2.55,6.64,5.6,8.29,9.51,6.89,8.22,4.04,6.58,6.42,4.15,30.46,8.02,6.3,6.55,10.3,6.91,18.55,4.83,4.54,6.58,6.91,2.57,5.88,5.27,4.41,24.58,2.71,8.76,2.97,7.3,6.81,8.41,0,0,0,0,0,0,0,0,0,0,0,0,0,0,0,0,0,0,0,0,0,0,0,0,0,8.67,15.53,10.28,2.77,7.47,4.06,7.96,8.33,4.26,4.7,6.28,6.88,15.83,7.54,3.42,5.45,2.35,4.66,15.1,12.87,4,2.51,5.46,18.51,7.41,4.15,4.72,5.89,10.03,4.27],[36.82,4.73,9.74,25.68,7.96,111.64,8.41,6.99,28.1,28.96,8.82,16.24,6.64,18.13,12.64,28.41,27.07,16.48,37.5,10.1,13.01,15.69,10.8,72.3,18.56,19.42,25.71,41.45,26.08,39.3,13.3,14.44,17.06,15.66,7.13,17.58,15.05,12.21,59.95,9.24,22.02,9.15,58.52,31.04,34.57,0,0,0,0,0,0,0,0,0,0,0,0,0,0,0,0,0,0,0,0,0,0,0,0,0,41.9,38.47,43.14,6.79,20.91,24.27,40.29,36.56,10.72,10.68,22.44,28.58,86.76,35.88,7.65,13.58,5.17,20.35,73.9,39.78,13.96,10.61,22.08,84.98,29.35,13.91,19.07,24.47,25.73,9.69],[17.43,2.06,5.01,11.23,4.45,46.7,4.17,3.3,12.39,13.97,4.24,7.56,3.1,8.44,5.64,12.9,12.49,7.28,15.78,4.32,5.23,6.93,4.85,31.82,8.42,9.36,12.34,17.16,10.97,14.97,5.74,5.53,7.69,6.79,2.9,7.38,6.34,4.85,25.55,3.77,9.06,3.17,20.08,11.49,11.8,0,0,0,0,0,0,0,0,0,0,0,0,0,0,0,0,0,0,0,0,0,0,0,0,0,16.49,16.61,17.11,2.83,8.66,9.9,16.07,17.17,4.68,4.48,9.05,12.16,37.78,15.78,3.3,5.94,2.35,9.25,32.05,17.82,6.84,5.2,9.44,38.77,13.57,6.3,8.95,10.22,10.14,4.33],[269.89,33.3,37.05,127.8,34.48,865.69,37.81,53.69,219.42,91.5,45.52,80.79,47.57,114.15,97.15,140.31,130.92,145.21,137.44,69.03,87.57,92.82,70.94,473.58,87.22,43.56,62.01,145.47,103.08,207.46,89.2,86.9,135.46,119.29,61.77,198.64,145.97,119.42,551.33,91.38,224.85,84.58,117.07,122.24,210.53,0,0,0,0,0,0,0,0,0,0,0,0,0,0,0,0,0,0,0,0,0,0,0,0,0,130.48,282.76,166.16,76.65,212.62,82.99,149.25,114.07,77.51,70.25,106.76,109.76,234.13,103.22,79.86,147.61,60.15,81.66,219.2,243.92,46.39,46.71,83.04,284.67,120.63,59.32,85.12,97.7,299.04,109.51],[31.33,4.83,7.88,22.9,6.36,80.24,6.58,6.22,22.42,20.21,6.57,12.92,5.69,13.99,10.56,24.12,19.84,14.38,25.24,10.47,10.11,15.54,9.1,52.79,12.76,11.77,16.88,27.7,16.01,23.3,13.57,11.24,13.78,11.34,5.5,14.58,12.55,10.57,44.41,6.58,14.8,6.72,14.95,13.42,17.53,0,0,0,0,0,0,0,0,0,0,0,0,0,0,0,0,0,0,0,0,0,0,0,0,0,27.24,31.07,28.74,6.43,19.65,14.24,27.51,24.75,8.66,9.77,18.3,20.65,55.58,24.83,7.37,13.28,5.6,14.94,52.32,32.09,10.03,8.42,17.23,63.27,21.96,11.37,14.76,20.17,21.46,10.07],[12.69,1.56,3.7,4.79,1.9,36.49,3.19,2.61,9.95,8.62,2.94,4.12,2.16,5.89,3.68,7.4,8.89,4.94,9.11,3.44,3.2,4.48,2.71,19.15,4.76,5.17,8.09,8.6,5,8.24,3.46,2.11,4.09,3.34,1.19,3.29,2.85,1.99,8.52,1.43,2.88,1.09,2.73,2.66,3.46,0,0,0,0,0,0,0,0,0,0,0,0,0,0,0,0,0,0,0,0,0,0,0,0,0,8.43,9.75,8.52,1.6,5.14,4.02,7.98,11.95,2.64,2.83,5.11,7.14,26.59,12.58,2.37,4.51,1.64,7.69,25.48,11.66,4.48,3.63,5.85,31.66,11.24,5.25,6.4,7.32,8,3.08],[15.89,2.66,4.3,11.47,4.24,57.77,3.78,2.92,13.34,10.98,3.54,5.96,2.6,6.81,4.84,10.85,10.58,5.59,11.23,3.7,5.2,6.13,3.49,24.13,6.51,6.49,8.26,11.71,5.81,11.47,3.83,4.38,4.91,4.11,0.76,2.17,1.61,1,4.54,0.51,1.2,0.55,2.48,1.64,1.79,0,0,0,0,0,0,0,0,0,0,0,0,0,0,0,0,0,0,0,0,0,0,0,0,0,13.91,10.17,13.01,1.34,4.89,6.75,13.88,12.78,3.69,4.4,8.82,10.58,33.09,16.05,2.8,4.74,1.76,8.76,32.79,15.1,5.99,4.13,10.17,38.22,12.62,6.46,7.86,11.29,8.96,3.8],[8.18,1.27,3.43,10.03,1.72,14.27,2.79,1.65,4.87,10.67,2.24,4.76,1.41,3.76,2.05,9.53,6.96,2.11,10.71,2.67,2.4,4.69,2.04,10.41,3.15,4.43,7.11,10.87,4.29,4.23,3.19,3.99,2.13,1.34,0.35,0.65,0.85,0.55,1.47,0.21,0.21,0.28,1.73,0.93,0.91,0,0,0,0,0,0,0,0,0,0,0,0,0,0,0,0,0,0,0,0,0,0,0,0,0,15.83,5.72,13.62,0.68,3.19,7.37,15.82,11.45,2,3.1,9.02,10.48,34.01,16.39,1.23,2.15,0.63,8.09,34.72,10.95,4.83,3.71,10.76,38.68,11.23,5.86,6.95,12.33,2.17,1.29],[8.46,1.27,2.06,4.95,1.92,23.98,1.78,1.65,6.21,4.52,1.66,2.83,1.43,3.57,2.58,5.34,5.19,3.51,5.51,2.66,2.43,3.72,2,12.54,3.03,2.84,3.93,5.44,2.95,5.16,2.8,2.08,2.97,2.36,0.68,2.2,1.6,1.16,4.34,0.58,1.27,0.62,1.15,1.04,1.43,0,0,0,0,0,0,0,0,0,0,0,0,0,0,0,0,0,0,0,0,0,0,0,0,0,5.27,6.59,5.62,1.18,3.91,2.62,5.37,6.12,1.96,2.27,3.85,4.6,13.99,6.83,1.86,3.47,1.43,4.24,13.76,7.8,2.8,2.09,3.98,17.06,6.17,3.13,3.76,4.63,5.6,2.58],[41.51,5.98,8.93,27.08,15.59,114.39,7.35,7.28,27,14.96,7.35,12.79,6.85,16.17,13.2,23.5,20.05,16.34,14.78,6.84,11.37,14.33,9.47,61.63,15.92,13.72,15.09,20.36,11.71,21.13,10.65,9.14,15.74,12.63,2.18,8.94,4.09,2.49,11.92,1.21,3,1.29,1.74,2.57,3.26,0,0,0,0,0,0,0,0,0,0,0,0,0,0,0,0,0,0,0,0,0,0,0,0,0,14.66,23.11,14.71,3.95,12.5,7.5,14.26,18.14,9.55,10.19,13.55,13.87,22.58,11,8.03,13.79,6.55,8.08,20.55,30.35,10.51,8.15,11.67,31.14,14.22,7.83,11.98,10.74,24.4,13.87],[39.9,7.18,6.31,17.32,8.57,188.89,6.73,7.45,40.67,12.33,7.66,10.15,6.42,15.98,13.78,16.57,20.11,16.99,13.87,6.95,14.54,11.1,8.07,64.51,15.32,9.92,9.85,16.27,10.54,33.58,6.76,8,13.59,12.49,2.16,7.96,3.97,2.49,13.72,1.45,4.42,1.54,2.89,2.99,4.1,0,0,0,0,0,0,0,0,0,0,0,0,0,0,0,0,0,0,0,0,0,0,0,0,0,14.43,23.22,15.06,3.92,12.09,7.41,15.12,14.22,9.44,9.61,12.26,13.03,29.73,14.68,8.36,13.6,5.59,9.83,29.84,28.84,7.32,5.52,11.23,37.77,15.73,8.56,10.8,12.36,34.8,12.75],[12.43,1.79,3.82,5.78,3.06,41.27,3.23,2.33,9.7,8.46,2.86,3.93,2.06,5.78,3.8,7.39,9.29,4.5,8.19,2.96,3.89,4.45,2.76,20.57,5.63,5.84,7.79,8.23,4.66,10.34,2.85,2.31,4.06,3.75,0.8,2.12,1.75,1.02,6.3,0.6,1.96,0.51,1.19,1.34,1.54,0,0,0,0,0,0,0,0,0,0,0,0,0,0,0,0,0,0,0,0,0,0,0,0,0,8.82,9.88,8.77,1.32,4.15,4.05,8.21,11.67,2.83,3.12,5.32,7.34,26.65,13.11,2.26,3.9,1.4,7.63,26.02,11.85,5,3.53,6.49,31.79,11.12,5.33,6.26,7.38,6.18,2.56],[41.02,5.67,9.62,23.69,11.86,118.12,7.99,7.53,28.97,18.98,7.75,12.94,6.82,16.93,12.87,23.84,23.03,16.39,19.87,8.54,11.36,14.48,9.36,61.71,15.44,13.9,17.34,22.48,12.86,23.33,10.64,9.09,15.17,12.13,2.59,9.54,5.52,3.52,16.38,1.92,4.59,1.87,3.23,3.73,4.79,0,0,0,0,0,0,0,0,0,0,0,0,0,0,0,0,0,0,0,0,0,0,0,0,0,20.39,27.29,21,4.72,15.23,10.42,20.22,25.08,9.59,10.08,15.54,18.03,47.75,23.22,8.59,15.44,6.55,15,45.71,34.76,12.19,9.39,15.54,59.33,22.87,11.44,15.35,16.45,26.73,12.82],[14.78,2.12,3.32,8,4.08,47.81,2.88,2.71,11.27,6.68,2.73,4.38,2.42,6.03,4.59,8.02,8.33,5.89,7.11,3.27,4.23,5.09,3.21,21.97,5.4,4.71,5.7,7.45,4.23,8.75,3.52,3.18,5.17,4.17,0.83,3.13,1.82,1.16,5.13,0.59,1.44,0.6,1.08,1.14,1.52,0,0,0,0,0,0,0,0,0,0,0,0,0,0,0,0,0,0,0,0,0,0,0,0,0,6.99,9.58,7.49,1.66,5.45,3.49,7.06,8.41,3.37,3.57,5.48,6.35,17.32,8.65,3.16,5.69,2.33,5.6,17.19,12.35,4.26,3.03,5.65,22.43,8.55,4.3,5.47,6.13,10.28,4.55],[15.9,2.43,3.49,7.95,4.01,53.65,3.03,2.98,12.73,6.6,3.03,4.67,2.66,6.6,5.17,8.44,8.83,6.68,7.3,3.6,4.81,5.52,3.6,24.63,5.97,4.82,5.96,8.12,4.97,10.61,4.14,3.36,5.77,4.8,1.28,4.12,2.76,2.11,8.71,1.14,2.81,1.25,1.94,1.97,2.83,0,0,0,0,0,0,0,0,0,0,0,0,0,0,0,0,0,0,0,0,0,0,0,0,0,6.98,10.92,7.54,2,6.21,3.52,7,8.68,3.71,3.89,5.55,6.4,16.98,8.28,3.33,5.8,2.43,5.47,16.52,12.94,4.11,3.2,5.31,21.5,8.46,4.28,5.5,5.89,11.25,4.99],[8.53,1.18,2.31,5.62,1.93,23.54,1.93,1.64,6.17,5.73,1.82,3.2,1.42,3.65,2.53,5.83,5.41,3.17,5.91,2.05,2.32,3.27,1.92,12.2,3.08,3.16,4.49,6.08,3.11,4.79,2.35,2.16,2.86,2.17,0.5,1.65,1.14,0.72,2.89,0.39,0.78,0.37,1.25,0.89,1.04,0,0,0,0,0,0,0,0,0,0,0,0,0,0,0,0,0,0,0,0,0,0,0,0,0,6.77,5.84,6.46,0.92,3.26,3.44,6.81,7.13,1.97,2.2,4.37,5.35,17.07,8.09,1.73,3.22,1.22,4.7,16.39,8.27,3.07,2.41,4.85,19.53,6.7,3.29,4.22,5.52,5.36,2.37],[25.54,3.6,6.79,17.76,5.27,67.36,5.77,5.09,18.7,18.25,5.62,10.4,4.37,10.95,7.62,18.35,16.01,9.9,19.26,6.99,7.02,10.64,6.01,36.63,9.07,9.31,13.62,19.67,10.13,14.5,8.09,7.02,8.76,6.67,1.93,5.94,4.43,3.13,11.99,1.71,3.46,1.75,4.47,3.59,4.53,0,0,0,0,0,0,0,0,0,0,0,0,0,0,0,0,0,0,0,0,0,0,0,0,0,21.32,18.4,20.42,3.04,10.53,10.98,21.77,21.45,5.98,6.84,13.83,16.73,52.52,24.35,5.06,9.31,3.67,14.09,49.86,24.85,9.02,7.32,14.91,59.12,20.03,9.95,12.94,17.23,16.45,7.34],[533.88,88.81,97.71,383.32,213.26,1829.73,87.91,92.67,408.83,165.68,83.92,160.9,94.16,215.5,187.36,314.92,280.96,254.22,250.17,144.42,189.51,233.12,149.6,985.5,255.98,201.97,184.49,328.51,220.82,469.54,194.84,172.73,243.11,220.25,80.78,227.94,157.77,134.34,608.26,77.78,201.69,89.62,164.68,178.24,246.04,0,0,0,0,0,0,0,0,0,0,0,0,0,0,0,0,0,0,0,0,0,0,0,0,0,230.65,459.25,308.54,90.76,261.97,111,216.23,205.6,139.57,156.16,209.07,198.27,287.29,151.28,120.71,210.68,94.16,107.49,283.06,418.87,134.54,74.34,168.08,405.55,186.44,109.42,139.76,158.14,359.04,187.33],[14.66,2.91,2.65,8.7,2.22,45.09,2.41,2.97,11.51,5.29,2.59,4.85,2.57,5.93,5.14,9.25,7.72,7.19,9.08,5.89,5.17,7.89,4.02,22.28,4.76,3.08,4.44,9.23,5.28,9.86,6.29,4.51,5.89,4.67,1.62,5.13,3.84,3.03,10.77,1.45,3.26,1.67,2.74,2.4,3.46,0,0,0,0,0,0,0,0,0,0,0,0,0,0,0,0,0,0,0,0,0,0,0,0,0,7.77,13.81,9.16,3.03,9.59,4.18,8.79,7.1,4.12,4.74,7,7.21,16.13,7.49,4.68,8.44,3.66,5.37,15.97,14.07,3.19,2.94,5.51,19.91,7.94,4.62,5.29,6.95,12.4,5.75],[45.03,6.74,9.54,25.06,12.08,123.36,7.89,8.26,30.03,16.44,7.94,13.31,7.51,18.45,14.92,26.06,24.24,19.36,20.56,10.97,13.36,18.3,11.31,69.5,16.6,13.77,17.35,24.07,14.13,25.68,14.19,11.11,18.74,15.22,3.56,13.67,8.85,5.8,25.67,2.99,6.81,2.76,2.93,4.51,5.99,0,0,0,0,0,0,0,0,0,0,0,0,0,0,0,0,0,0,0,0,0,0,0,0,0,20.3,37.49,23.03,7.7,23.57,10.92,20.81,25.34,11.95,12.34,17.16,18.8,41.64,20.27,12.67,23.34,10.07,14.72,39.24,40.98,12.43,10.3,14.93,52.5,22.41,11.81,15.5,15.6,32.27,15.81],[17.73,3.42,4.21,6.66,3.53,73.65,3.6,3.12,14.76,7.79,3.6,4.63,2.78,7.9,6.22,8.67,12.1,6.91,8.97,4.34,6.8,6.39,4.03,28.89,7.31,6.18,7.72,9.08,5.33,13.96,3.8,3.18,6.18,5.54,0.87,2.73,2.19,1.27,6.12,0.64,1.6,0.56,1.5,1.31,1.51,0,0,0,0,0,0,0,0,0,0,0,0,0,0,0,0,0,0,0,0,0,0,0,0,0,9.23,15.52,10.1,2.46,7.6,4.66,9.3,12.68,5.08,4.95,6.56,8.76,29.07,14.53,5.99,10.16,3.71,9.2,28.22,18.42,5.75,4.13,7.13,33.3,13.04,6.64,7.24,7.95,12.7,4.73],[9.22,1,2.07,2.63,1.4,30.2,1.85,1.71,6.91,4.48,1.77,2.24,1.45,4.07,2.9,4.09,5.84,3.68,4.48,1.66,2.59,2.32,1.87,14.33,3.14,2.77,4.07,4.14,2.56,5.69,1.67,1.55,3.55,3.07,0.75,3.02,2.23,1.33,6.75,0.94,2.22,0.69,0.62,0.98,1.59,0,0,0,0,0,0,0,0,0,0,0,0,0,0,0,0,0,0,0,0,0,0,0,0,0,4.53,8.3,5.15,1.8,5.26,2.37,4.52,6.84,2.36,2,3.01,4.09,14.42,7.29,3.04,5.86,2.03,4.93,14.08,9.21,2.81,2.25,3.45,17.68,6.94,3.12,3.86,3.92,8.36,2.73],[9.82,1.85,2.6,13.52,4.98,30.73,2.16,1.38,5.59,7.24,1.73,4.38,1.5,3.77,2.97,9.56,6.7,2.84,8.69,2.46,4.02,5.58,2.67,15.05,4.43,4.69,4.79,9.97,3.92,6.24,3.31,5.72,3.63,2.93,0.44,1.18,1.14,0.94,2.96,0.26,0.48,0.61,3.12,1.4,1.5,0,0,0,0,0,0,0,0,0,0,0,0,0,0,0,0,0,0,0,0,0,0,0,0,0,15.41,7.92,15.32,1.22,4.63,7.75,15.92,7.73,3.1,4.13,9.55,10.07,24.65,13.07,2.62,4.42,1.78,6.01,25.85,12.54,5.79,2.67,11.31,26.94,8.18,4.84,5.56,10.46,4.01,2.48],[15.6,1.88,5.38,7.98,4.67,43.99,4.34,2.76,10.1,12.15,3.54,5,2.47,7.39,4.27,10.14,13.13,4.82,12.38,3.92,4.17,5.99,3.42,24.48,7.12,9.01,12.29,11.57,5.9,9.56,3.73,2.92,4.89,4.08,0.75,1.74,2.4,1.32,5.8,0.75,1.18,0.43,2.33,1.91,1.86,0,0,0,0,0,0,0,0,0,0,0,0,0,0,0,0,0,0,0,0,0,0,0,0,0,14.32,13.54,15.25,1.54,5.51,6.67,12.99,19.25,3.52,3.88,7.65,11.41,44.98,22.53,3.38,6.48,2.16,12.7,42.64,17.37,8.63,5.24,10.42,49.41,17.45,8.14,9.24,10.95,6.27,2.69],[100.5,12.65,22.45,82.5,60.84,343.1,19.06,13.44,59.4,38.34,14.32,25.93,16.29,43.46,32.85,62.55,74.43,39.48,55.99,23.42,37.84,46.36,29.97,221.87,65.7,70.24,58.94,65.81,40.66,99.27,31.76,39.28,53.04,55.38,16.31,41.33,47.8,38.39,193.63,21.88,52.87,19.79,47.29,49.25,56.55,0,0,0,0,0,0,0,0,0,0,0,0,0,0,0,0,0,0,0,0,0,0,0,0,0,76.31,133.79,121.47,20.35,56.63,34.52,60.54,80.48,28.79,31.63,46.9,56.01,138.86,77.67,23.63,42.73,18.61,43.33,125.66,101.48,54.86,17.47,54.98,150.39,63.23,31.88,35.26,38.7,46.49,26.1],[45.68,6,4.75,17.69,5.26,103.63,8.57,9.45,12.98,39.4,0.4,12.58,8.57,12.05,23.07,58.68,44.14,29.94,60.36,19.54,34.75,22.66,64.44,171.83,28.34,17.52,17.8,41.22,32.25,88.1,20.42,142.83,65.38,114.02,8.82,42.19,23.58,43.22,169.43,7.04,16.48,8.84,3.95,29.33,6.59,8.67,41.9,16.49,130.48,27.24,8.43,13.91,15.83,5.27,14.66,14.43,8.82,20.39,6.99,6.98,6.77,21.32,230.65,7.77,20.3,9.23,4.53,15.41,14.32,76.31,0,343.74,106.55,17.49,100.06,144.53,209.39,137.45,47.32,16.31,49.84,48.85,68.84,27.43,12.81,20.93,4.09,5.6,22.84,66.37,10.03,6.02,6.79,39.75,70.86,15.15,25.35,4.4,20.68,13.37],[113.92,39.46,18.96,37.38,20.57,245.95,23.81,7.66,50.09,41.96,6.75,39.52,37.14,24.8,131.19,101.55,75.26,25.59,69.97,33.92,60.85,67.24,46.1,468.23,92.12,93.12,74.71,114.51,48.55,292.61,43.68,100.53,60.22,229.47,25.43,170.73,114.91,73.26,357.66,45.69,89.5,33.7,36.74,115.57,81.38,15.53,38.47,16.61,282.76,31.07,9.75,10.17,5.72,6.59,23.11,23.22,9.88,27.29,9.58,10.92,5.84,18.4,459.25,13.81,37.49,15.52,8.3,7.92,13.54,133.79,343.74,0,1292.66,375.63,955.4,280.96,152.42,70.19,101.41,26.55,55.1,83.18,213.21,37.66,39.3,78.14,222.28,26.85,66.4,147.85,65.66,86.26,66.5,140.03,39.02,18.21,57.47,97.29,89.29,64.66],[23.39,9.14,6.79,15.18,7.1,52.33,26.65,1.78,10.61,7.41,6.48,9.58,7.47,6.81,6.22,34.88,91.79,14.78,11.47,3.48,60.92,24.73,78.73,434.09,7.52,29.87,30.05,50.01,8.93,16.81,9.53,86.61,34.01,110.11,51.95,25.38,23.46,19.03,91.51,9.41,19.06,15.56,8.36,31.05,10.37,10.28,43.14,17.11,166.16,28.74,8.52,13.01,13.62,5.62,14.71,15.06,8.77,21,7.49,7.54,6.46,20.42,308.54,9.16,23.03,10.1,5.15,15.32,15.25,121.47,106.55,1292.66,0,246.12,671.69,199.63,58.29,18.28,111.4,5.86,32.47,37.49,72.96,4.1,14.67,28.32,16.11,11.15,22.05,157.34,29.27,27.12,38.5,29.9,23.42,5.43,12.45,10.54,8,19.92],[59.16,2.28,0.71,0.75,0.59,115.62,5.11,18.43,1.29,2.01,1.83,7.29,33.11,6.57,1.13,9.71,8.32,4.22,7.16,3.57,32.71,8.8,2.69,263.1,3.63,9.16,6.6,14.82,9.55,26.5,17.33,84.62,5.9,4.75,54.41,10.97,13.1,6.9,37.7,1.61,5.72,3.68,33.77,32.61,12.89,2.77,6.79,2.83,76.65,6.43,1.6,1.34,0.68,1.18,3.95,3.92,1.32,4.72,1.66,2,0.92,3.04,90.76,3.03,7.7,2.46,1.8,1.22,1.54,20.35,17.49,375.63,246.12,0,195.02,60.19,18.78,5.62,12.42,14.3,11.76,2.81,31.41,0.98,34.42,1.51,5.81,6.57,16.12,53.55,16.27,0.13,0.45,6.4,9.97,1.34,5.63,2.2,22.12,4],[48.98,13.63,7.16,28.88,13.21,81.72,3.01,2.22,3.87,0.36,1.24,14.99,23.27,18.03,8.27,24.95,35.24,10.85,32.56,6.34,109.89,48.98,16.17,95.86,15.5,6.94,3.85,10.74,10.2,21.46,31.62,24.4,48.19,62.1,17.48,25.05,21.51,25.18,92.16,12.36,34.69,50.06,29,66.58,7.17,7.47,20.91,8.66,212.62,19.65,5.14,4.89,3.19,3.91,12.5,12.09,4.15,15.23,5.45,6.21,3.26,10.53,261.97,9.59,23.57,7.6,5.26,4.63,5.51,56.63,100.06,955.4,671.69,195.02,0,213.17,73.7,32.76,58.5,21.69,33.5,33.48,66.92,8.01,16.3,24.4,21.39,4.89,44.38,56.89,26.42,5.26,21.81,26.26,20.07,3.07,10.35,41.16,56.63,8.25],[18.84,5.88,4.26,26.59,4.87,20.88,18.44,8.41,10.65,1.06,0.55,18.22,5.34,9.53,7.24,24.12,59.38,16.51,30.21,2.46,15.42,40.41,10.35,134.2,33.06,3.44,5.41,16.37,19.17,73.74,16.13,63.16,48.12,59.86,10.05,33.55,22.17,26.85,97.01,3.59,8.3,10.21,3.71,6.86,4.71,4.06,24.27,9.9,82.99,14.24,4.02,6.75,7.37,2.62,7.5,7.41,4.05,10.42,3.49,3.52,3.44,10.98,111,4.18,10.92,4.