{"data":[[0,21.31,121.81,76.09,187.05,100.47,17.46,74.9,40.1,29.91,20.23,0,51.81,4.92,13.14,15.28,35.94,13.22,17.39,5.14,0,2.29,0,1.45,1.6,3.7,8.7,0,17.33,18.3,0.64,172.56,3.86,0.13,16.21,0,0,0,0,1.1,5.14,0.15,0,0,0,0,1.75,0,8.14,25.58,155.2,26.88,17.26,3.06,2.06,44.44,3.47,3.18,2.65,2.44,2.31,1.4,8.14,5.13,2.83,1.64,1.01,2.09,1.31,4.06,3.65,8.98,1.7,0,2.48,18.62,3.69,0,8.4,0.84,0,0,0,1.06,0,0.9,3.5,0.72,0,4.33,7.3,0,0,1.33,1.75,9.51,10.78,11.38,18.25,79.57],[21.31,0,152.35,113.64,166.73,17.35,5.76,29.16,5.65,3.95,11.41,0,18.52,0.66,1.98,8.21,16.62,6.32,4.96,0.37,0,0.31,0,0.52,0.88,0.61,4.58,0,3.72,9.53,0.33,85.44,0.78,0,1.99,0,0,0,0,0.15,0.73,0,0,0,0,0,0,0,1.71,1.81,11.8,1.95,1.23,0.38,0.32,3.1,0.59,1.39,0.58,1.02,0.4,0.15,0.81,0.36,1.73,0.9,0.41,0.47,0.38,0.88,1.83,4.08,0.19,0,0,8.73,1.37,0,1.55,0.41,0,0,0,0.58,0,0,0.63,0,0,1.88,1.83,0,0,0,0.63,3.05,3.41,1.31,5.89,27.05],[121.81,152.35,0,7.54,4.69,6.76,0.29,2.28,7.57,2.89,0.86,0.18,3.26,0,0.24,0.42,1.02,0,0.48,0.62,0.6,0,0,0.2,0,0.24,0,0,1.63,0.32,0,0,0,0,0.67,0,0,0,0,0,0.3,0,0,0,0,0,0,0,0.95,2.25,13.76,2.37,1.49,0.29,0.21,3.79,0.37,0.51,0.31,0.38,0.24,0.13,0.74,0.43,0.55,0.3,0.15,0.24,0.17,0.47,0.64,1.49,0.16,0,0,0,0,0,0.12,0,0,0,0,0.52,0,0,0,0,0,0,0,0.12,0,0,0.34,0.43,0,1.06,0.87,17.14],[76.09,113.64,7.54,0,22.92,31.57,1.13,11.44,58.77,17,6.36,11.94,197.59,4.35,46.41,14.16,28.59,1.23,10.7,4.14,2.15,0.63,1.37,1.17,2.15,1.71,7.05,0.15,17.8,4.22,0.13,0,0.24,0,7.36,0,0,0,0,1.99,7.11,0.36,0,0,0,0,0,0,3.66,8.93,54,9.46,5.71,1.13,0.81,14.47,1.4,1.91,1.17,1.43,0.94,0.5,2.84,1.67,2.1,1.18,0.58,0.93,0.64,1.78,2.34,5.51,0.62,0,0,0,0.1,0,2.41,0,0,0,0.23,7.29,1,0.98,3.04,0.7,0,0,0,0.65,1.58,0.62,0.47,1,0.14,5.46,1.46,8.78],[187.05,166.73,4.69,22.92,0,62.38,0.68,5.73,15.82,6.12,1.09,0.38,5.73,0,0.31,0.37,1.06,0,0.34,0.39,0.34,0,0.73,0.13,0,0.21,0,0,1.91,0.5,0,0,0,0,0.9,0,0,0,0,0.1,0.49,0,0,0,0,0,0,0,1.21,3.53,21.39,3.71,2.35,0.43,0.29,6.08,0.5,0.53,0.39,0.4,0.33,0.19,1.12,0.7,0.52,0.29,0.16,0.31,0.2,0.59,0.62,1.5,0.23,0,0,0,0,0,0.25,0,0,0,0,0.69,0.1,0.13,0,0,0,0,0,0.17,0,0,0.18,0.21,0,0.76,0.18,1.78],[100.47,17.35,6.76,31.57,62.38,0,13.16,23.61,39.36,38.45,1.85,0,68.36,1.49,2.81,20.31,45.91,1.94,15.43,3.62,0,1.47,27.89,1.09,0.61,0.78,3.03,0.45,11.11,0,0,1.86,0,0.81,15.32,0,0,0,0,0,0,0,0,0,0,0,0,0.69,23.47,79.22,480.15,83.32,54.22,9.41,6.25,142.26,10.49,8.31,7.7,6.51,6.91,4.33,25.16,16.42,6.75,4.07,2.64,6.04,3.65,11.54,8.72,22.37,5.19,32.02,0,0.64,0.75,0,5.25,1.28,0,104.64,0.94,10.08,6.58,8.14,2.46,11.08,0,0,0.27,20.89,18.65,0,0,34.28,98.02,0.81,1.72,27.13],[17.46,5.76,0.29,1.13,0.68,13.16,0,201.75,4.48,2.24,4.55,39.24,3.05,0.34,0.92,2.33,12.57,0,0.88,0.79,0,0.15,0,16.52,0.13,0.65,0.25,0,10.49,0,0,0,0,0,4.06,0,0,0,0,1.06,5.01,0.14,8.96,21.54,0,0,0,0,2.07,6.14,37.66,6.47,4.35,0.8,0.55,11.8,0.94,0.97,0.71,0.76,0.61,0.36,2.09,1.36,0.95,0.53,0.29,0.55,0.36,1.02,1,2.5,0.42,0,0,0,0,0,0,0,0,0,0,0,0,0,0.23,0.1,0.55,0,0,0.11,17.3,0,0,0.18,0.78,0,0,2.71],[74.9,29.16,2.28,11.44,5.73,23.61,201.75,0,24.63,11.01,3.57,9.48,22.39,2.39,6.46,2.47,14.17,0,3.95,5.28,0,1.07,0,3.73,0.9,0,1.1,0.25,0.76,0,0,0,0,0,3.91,0,0,0.45,0,0,0.18,0,0,0,0,0,0,0,5.13,17.47,106.54,18.39,12.38,2.16,1.44,33.8,2.42,1.89,1.73,1.51,1.56,0.98,5.76,3.88,1.56,0.93,0.58,1.35,0.81,2.48,1.8,4.76,1.15,0,0,0,0,0,0,0,0,0,0,0,0,0,1.48,0.73,3.48,0.18,0,0,0,0,0.19,1.13,4.78,0,0.51,3.65],[40.1,5.65,7.57,58.77,15.82,39.36,4.48,24.63,0,80.85,48.82,10.52,19.77,7.62,34.87,2.84,18.56,0.27,13.52,0.34,47.66,3.03,2.23,0.34,1.52,0.38,3.12,0,137.84,0,0,0,0,0,0.31,0,0,0,0,0,0,0,0,0,0,0,0,0,2.07,6.48,38.87,6.85,4.22,0.76,0.51,11.1,0.87,0.83,0.65,0.64,0.57,0.34,1.97,1.27,0.78,0.46,0.25,0.51,0.32,0.96,0.87,2.2,0.41,0,0,0.47,0,0,2.51,0,0,0,0,0.24,0.97,0,0.3,0,0,0,0,0,3.79,0,0.22,0,0,0,4.99,1.48],[29.91,3.95,2.89,17,6.12,38.45,2.24,11.01,80.85,0,97.2,0.77,3.83,1.67,5.96,0.42,2.77,0.34,3.08,0.12,14.16,0.76,0.83,0,0.54,0.35,2,0,45.85,0,0,0,0,0,0,0,0,0,0,0,0,0,0,0,0,0,0,0,1.27,2.79,17.02,2.97,1.82,0.38,0.28,4.76,0.49,0.76,0.41,0.58,0.33,0.16,0.93,0.54,0.87,0.48,0.22,0.33,0.23,0.61,0.88,2.08,0.2,0,0,0,0,0,0.53,0,0,0,0,0.2,0,0,0,0,0,0,0,0,1.27,0,0,0,0,0,10.62,0.55],[20.23,11.41,0.86,6.36,1.09,1.85,4.55,3.57,48.82,97.2,0,4.59,5.02,0.38,1.7,2.06,14.48,0,3.4,0.26,0,0.4,0.78,0,3.84,1.14,6.8,0,0,0,0,0,0,0,1.36,0,0,0,0,0.11,0.53,0,0,0,0,0,0,0,1.39,4.56,27.05,4.82,2.86,0.5,0.33,7.46,0.57,0.49,0.42,0.38,0.37,0.22,1.31,0.85,0.44,0.27,0.15,0.33,0.2,0.62,0.5,1.31,0.28,0,0,2.6,0,0,0,0,0,0,0,0.47,0,0,1.63,0.78,1.29,0,0,0,0,0,0,0,0,0,3.99,0],[0,0,0.18,11.94,0.38,0,39.24,9.48,10.52,0.77,4.59,0,20.57,0.93,3.49,13.38,42.7,0,14.32,4.18,0,0.6,6.74,2.1,5.11,0,20.43,0,0,0,0,0,0,0,0,0,0,0,0,0,0,0,0,0,0,0,0,0,1.84,5.09,30.26,5.4,3.13,0.6,0.41,8.03,0.71,0.84,0.56,0.64,0.47,0.26,1.5,0.92,0.9,0.52,0.25,0.44,0.3,0.85,0.96,2.34,0.32,0,0.55,0,0,0,0,0,0,0,0,1.91,0,0,0,0,0,0,0,0,0,0,0,0,0,0,0,0],[51.81,18.52,3.26,197.59,5.73,68.36,3.05,22.39,19.77,3.83,5.02,20.57,0,10.53,67.33,57.63,82.02,31.93,53.06,53.73,0,1.88,12.57,8.4,25.35,0.42,135.84,3,60.38,0,0,0,3.21,0.41,9.94,0,0,0,0,32.31,84.15,7.1,0,0,0,0,0,0,6.46,11.24,68.62,11.98,6.91,1.62,1.24,16.96,2.25,4.17,2.05,3.04,1.5,0.69,3.78,1.96,5,2.76,1.27,1.66,1.25,3.16,5.48,12.45,0.88,0,0,0,0.62,0,1.35,0.51,0,0,3.56,21.93,2.94,5.92,47.64,13.43,3.05,0,0,2.7,65.2,2.18,0,13.79,1.26,19.18,0.38,42.38],[4.92,0.66,0,4.35,0,1.49,0.34,2.39,7.62,1.67,0.38,0.93,10.53,0,18,82.79,32.74,7.84,55.53,4.06,1,3.54,8.85,0.98,0.63,0.93,2.35,0,7.75,0,0,0.26,1.01,0,0.29,0.29,0,0.2,0,9.01,16.78,2.21,0,0,0,0,0,0,0.95,1.97,11.83,2.1,1.17,0.25,0.18,2.86,0.33,0.54,0.29,0.4,0.22,0.11,0.6,0.33,0.64,0.36,0.16,0.23,0.17,0.45,0.71,1.64,0.14,0,1.55,0.49,1.13,0,0,0,0,0,0,0.32,0.17,0.59,0,0,0,0.16,0,0,1.96,0.1,0,0.54,0.33,0,0,6.98],[13.14,1.98,0.24,46.41,0.31,2.81,0.92,6.46,34.87,5.96,1.7,3.49,67.33,18,0,52.7,61.97,5.24,84.01,6.04,2.81,4.96,13.52,2.18,0.77,1.64,3.76,0,15.85,0.46,0.16,0.31,1.33,0,1.13,0.5,0,0.31,0,17.38,32.83,4.33,0,0,0,0,0,0,1.94,2.71,16.76,2.91,1.64,0.44,0.35,4.02,0.66,1.4,0.63,1.02,0.44,0.18,0.98,0.46,1.75,0.97,0.41,0.5,0.4,0.95,1.82,4.13,0.23,0,2.37,0.62,2.01,0,0.21,0,0,0,0,1.2,0.29,0.97,0,0,0,0.27,0,0.16,2.84,0.13,0.1,0.86,0.35,0,0,18.26],[15.28,8.21,0.42,14.16,0.37,20.31,2.33,2.47,2.84,0.42,2.06,13.38,57.63,82.79,52.7,0,125.61,2.38,31.23,4.84,0,2.44,24.69,4.31,4.27,1.45,4.44,0,36.79,0.3,0.36,0,1.29,0.65,20.4,0,0,0,2.05,0.61,1.15,0.15,0.42,1.15,0,0,0,0,1.12,3.39,19.89,3.58,1.99,0.36,0.24,4.9,0.41,0.43,0.32,0.32,0.27,0.16,0.92,0.56,0.42,0.25,0.13,0.26,0.16,0.51,0.51,1.25,0.2,0,6.11,1.42,1.57,0,0.17,0,0.41,0,9.76,1.89,0,1.29,0,0.32,0.69,2.07,2.63,0,0,0,0.17,0.47,0.5,0.95,1.25,7.11],[35.94,16.62,1.02,28.59,1.06,45.91,12.57,14.17,18.56,2.77,14.48,42.7,82.02,32.74,61.97,125.61,0,9.86,88.38,17.27,0,10.4,90.56,20.03,13.28,4.2,16.39,0,121.21,2.2,1.5,0,8.21,1.87,52.3,0,0,0,5.32,3.82,7.24,0.95,1.12,3.04,0,0,0,0,4.37,10.19,60.37,10.82,5.96,1.22,0.88,14.6,1.55,2.29,1.31,1.69,1.03,0.53,2.97,1.68,2.64,1.52,0.69,1.06,0.75,2.04,2.86,6.73,0.68,0,18.82,8.42,5.12,0,0.55,0.19,2.47,0,24.2,4.74,0,5.4,0,0.92,1.86,4.86,6.25,0.45,0,0,0.88,2.01,1.79,2.01,5.6,34.67],[13.22,6.32,0,1.23,0,1.94,0,0,0.27,0.34,0,0,31.93,7.84,5.24,2.38,9.86,0,126.19,67.95,11.13,6.34,2.85,1.19,31.98,12.89,37.09,0,1.49,7.67,0.59,0.81,0,0,0,3.33,0,0,0,4.11,14.65,0.83,0,0,0,0,0,0,2.88,9.04,52.6,9.52,5.14,0.92,0.61,12.36,1.03,1,0.8,0.75,0.69,0.42,2.34,1.42,0.96,0.58,0.31,0.64,0.41,1.29,1.19,2.96,0.54,0,0,0,0,0,0,0,0,0,0,4.1,4.56,1.11,0,4.38,0,0,0,0.13,6.4,0,0,0.31,0,1.96,5.5,102.75],[17.39,4.96,0.48,10.7,0.34,15.43,0.88,3.95,13.52,3.08,3.4,14.32,53.06,55.53,84.01,31.23,88.38,126.19,0,73.03,22.36,52.27,84.91,8.97,56.06,14.92,44.08,0,72.75,2.36,0.51,3.11,5.91,0.84,6.05,1.47,0.3,2.04,0.87,18.83,37.97,4.55,0.16,0.45,0,0.59,0,0,4.34,10.91,64.16,11.55,6.25,1.23,0.86,15.06,1.52,2.07,1.27,1.52,1.01,0.55,3.04,1.74,2.34,1.35,0.63,1.02,0.71,2,2.6,6.16,0.71,0.36,9.56,6.82,5.71,0,1.78,0,0,0.48,1.56,7,3.41,4.62,1.93,1.23,0.25,0.66,0.5,0.4,12.11,4.71,0,2.48,4.18,0.59,1.52,23.55],[5.14,0.37,0.62,4.14,0.39,3.62,0.79,5.28,0.34,0.12,0.26,4.18,53.73,4.06,6.04,4.84,17.27,67.95,73.03,0,211.43,5.78,75.3,8.46,4.48,60.4,31.76,3.23,41.2,11.29,6.46,0.23,0.1,0.6,15.71,2.49,0.37,0.41,0,4.96,10.18,1.2,0,0,0,0,0,0.27,4.66,11.09,64.96,11.72,6.14,1.24,0.87,14.4,1.58,2.3,1.34,1.66,1.04,0.55,3.03,1.66,2.68,1.53,0.7,1.08,0.76,2.15,2.98,6.98,0.73,0,14.05,1.8,0.69,0,3.84,0.37,0.14,0.19,13.37,133.68,32.12,9.2,4.32,2.21,0,3.81,0.91,0.42,8.84,32.82,1.69,2.23,2.11,0,1.75,0.28],[0,0,0.6,2.15,0.34,0,0,0,47.66,14.16,0,0,0,1,2.81,0,0,11.13,22.36,211.43,0,1.63,0,0,2.01,12.07,10.77,0,9.26,0,0,0,0,5.24,0.11,0,0,0,0,0,0,0,0,0,0,0,0,0,1.26,4.22,24.34,4.44,2.33,0.4,0.26,5.54,0.44,0.38,0.33,0.29,0.3,0.18,1.05,0.63,0.34,0.21,0.12,0.27,0.16,0.55,0.43,1.12,0.24,0,4.37,0,4.04,0,0,0,0,3.3,0,11.97,0,0,4.78,0.41,0,0,0,0,0,0,0,0,0,0,0,0],[2.29,0.31,0,0.63,0,1.47,0.15,1.07,3.03,0.76,0.4,0.6,1.88,3.54,4.96,2.44,10.4,6.34,52.27,5.78,1.63,0,109.34,11.44,6.53,1.68,8.81,0,24.28,0,0.14,0.91,1.92,0.1,0.43,0.3,0,0.29,0,8.3,15.75,2.06,0,0,0,0,0,0,1.13,3.37,19.47,3.57,1.86,0.34,0.23,4.51,0.4,0.43,0.31,0.33,0.26,0.15,0.86,0.52,0.46,0.28,0.13,0.25,0.16,0.49,0.5,1.25,0.2,0,2.04,0.83,1.21,0,0.15,0,0,0,0,0.4,0.2,0.8,0,0,0,0,0,0,2.21,0.18,0,0.42,0.5,0,0,2.29],[0,0,0,1.37,0.73,27.89,0,0,2.23,0.83,0.78,6.74,12.57,8.85,13.52,24.69,90.56,2.85,84.91,75.3,0,109.34,0,12.19,16.79,2.09,28.99,0.39,8.5,0,0.72,0,11.79,0,0.74,0,0,0,0,8.08,15.37,2.02,0,0,0,0,0,4.7,7.42,21.65,124.84,22.94,11.85,2.22,1.51,28.67,2.61,2.96,2.05,2.24,1.74,0.99,5.46,3.3,3.2,1.95,0.89,1.64,1.08,3.18,3.33,8.34,1.28,0,2.06,0,72.62,0,34.88,1.03,13,0,0,0.87,7.43,0,0.14,2.51,0,0,0,0.1,1.16,0,0,2.69,0,0,15.48,0],[1.45,0.52,0.2,1.17,0.13,1.09,16.52,3.73,0.34,0,0,2.1,8.4,0.98,2.18,4.31,20.03,1.19,8.97,8.46,0,11.44,12.19,0,9.94,13.59,19.9,0.57,21.76,5.15,4.27,1.52,2.37,0.91,3.14,4,0.87,2.67,0,0,0,0,0,0,0,0,0.79,0,3.1,8.88,50.56,9.42,4.58,0.87,0.6,10.9,1.06,1.27,0.83,0.95,0.7,0.39,2.08,1.25,1.47,0.92,0.37,0.66,0.44,1.27,1.36,3.48,0.51,0,0.33,0.34,0,0,0,0,0,0,0,4.77,1.8,0.32,0.6,0.37,0,0,1.21,0,0.54,0,0,0.82,1.35,0,0,0],[1.6,0.88,0,2.15,0,0.61,0.13,0.9,1.52,0.54,3.84,5.11,25.35,0.63,0.77,4.27,13.28,31.98,56.06,4.48,2.01,6.53,16.79,9.94,0,11.28,41.51,18.83,44.49,5.83,2.29,0.95,1.13,0.55,0.78,4.8,0.1,0.12,0,0,0,0,0,0.1,0,0,0,0,1.28,2.15,12.78,2.3,1.16,0.29,0.22,2.74,0.42,0.84,0.39,0.6,0.27,0.12,0.65,0.31,1.08,0.62,0.24,0.31,0.24,0.59,1.04,2.45,0.16,0,0,3.18,0.71,0,0.96,0,0,0,0.25,1.29,1.61,0,0,0.16,0,0,1.3,0.14,2.8,0,0.17,0.6,1.13,0,7.86,8.36],[3.7,0.61,0.24,1.71,0.21,0.78,0.65,0,0.38,0.35,1.14,0,0.42,0.93,1.64,1.45,4.2,12.89,14.92,60.4,12.07,1.68,2.09,13.59,11.28,0,119.19,12.63,41.2,2.03,1.51,2.21,0.66,3.79,1.79,0,0,0,0,0.26,0.78,0,0,0,0,0,0.11,0,2.91,9.21,52.52,9.71,4.82,0.86,0.56,11.23,0.97,0.94,0.75,0.71,0.65,0.39,2.17,1.29,0.95,0.58,0.29,0.6,0.38,1.24,1.12,2.83,0.52,0,3.03,3.14,0.46,0,0.78,0,0.77,0,1.55,40.45,1.14,11.03,0,1.23,0,4.25,0,0,0.77,3.23,0.4,0.55,0.12,0,0,0],[8.7,4.58,0,7.05,0,3.03,0.25,1.1,3.12,2,6.8,20.43,135.84,2.35,3.76,4.44,16.39,37.09,44.08,31.76,10.77,8.81,28.99,19.9,41.51,119.19,0,100.64,101.67,11.34,3.96,1.65,2.77,1.72,6.75,9.23,0.51,1.07,0,0,0.23,0,0.24,0.63,0,0,0,0,3.61,7.23,42.27,7.68,3.83,0.86,0.63,8.88,1.19,2.07,1.05,1.49,0.77,0.37,2,1.02,2.6,1.5,0.61,0.84,0.63,1.65,2.63,6.18,0.5,0,0.41,5.94,3.76,0,8.35,0,0.1,0,2.37,19.4,11.56,2.21,0,2.05,0,0.55,2.1,0.74,25.01,0.94,0.4,2.58,7.16,0,9.59,10.2],[0,0,0,0.15,0,0.45,0,0.25,0,0,0,0,3,0,0,0,0,0,0,3.23,0,0,0.39,0.57,18.83,12.63,100.64,0,83.26,0.86,11.37,3.26,14.21,7.14,830.04,6.16,0,0.17,0,0,0,0,0,0,0,0,0,0,2.83,8.93,49.88,9.44,4.27,0.77,0.5,9.58,0.87,0.87,0.67,0.65,0.58,0.35,1.89,1.1,0.93,0.59,0.26,0.54,0.34,1.13,1.05,2.65,0.48,0,0,0,0,0,0.39,0,0,0,0,7.01,20.03,0,0,0.52,0,2.08,0,0,0,0,1.07,0,0.2,0,0,0],[17.33,3.72,1.63,17.8,1.91,11.11,10.49,0.76,137.84,45.85,0,0,60.38,7.75,15.85,36.79,121.21,1.49,72.75,41.2,9.26,24.28,8.5,21.76,44.49,41.2,101.67,83.26,0,121.89,26.5,204.96,40.46,8.02,37.95,4.38,1.09,13.47,17.54,11.12,21.39,2.72,0.14,0.43,0,0.51,1.92,2.45,21.61,51.6,293.5,54.9,25.46,5.35,3.79,58.74,6.95,10.57,5.85,7.76,4.51,2.33,12.35,6.75,13.15,7.94,3.1,4.67,3.36,9.1,12.59,30.69,3.16,0.95,20.81,46.14,20.05,0,13.28,0.77,0,0,10.86,26.08,28.07,2.99,0.32,122.39,151.23,0.19,0,2.73,8.65,0,0.91,0.44,0.7,0,2.35,3.13],[18.3,9.53,0.32,4.22,0.5,0,0,0,0,0,0,0,0,0,0.46,0.3,2.2,7.67,2.36,11.29,0,0,0,5.15,5.83,2.03,11.34,0.86,121.89,0,34.55,10.37,12.26,13.57,0.45,0,0,0,0,2.3,10.66,0.3,4.17,11.15,0,0,0,0,2.69,8.24,46.02,8.75,3.94,0.73,0.48,9.06,0.85,0.92,0.65,0.69,0.56,0.32,1.74,1.04,1.03,0.67,0.27,0.52,0.34,1.04,1,2.61,0.43,0,0,0,0,0,0,0,0,0.11,0,10.91,8.64,7.23,0,3.6,0,0,0,0,10.94,0,0,0,0,0,0,7.71],[0.64,0.33,0,0.13,0,0,0,0,0,0,0,0,0,0,0.16,0.36,1.5,0.59,0.51,6.46,0,0.14,0.72,4.27,2.29,1.51,3.96,11.37,26.5,34.55,0,48.23,5.06,1.05,0.49,5.14,0,0,0,0,0,0,0,0,0,0,0,0,3,7.92,44.02,8.44,3.57,0.72,0.5,8.03,0.92,1.29,0.74,0.95,0.59,0.31,1.63,0.92,1.65,1.08,0.36,0.59,0.41,1.15,1.39,3.6,0.43,0.46,1.14,0,2.09,0,1.96,0,0,0,0,0.16,4.55,1.68,0,0,0,0,0,0,1.74,0,0.12,0,0,0,2.92,0.24],[172.56,85.44,0,0,0,1.86,0,0,0,0,0,0,0,0.26,0.31,0,0,0.81,3.11,0.23,0,0.91,0,1.52,0.95,2.21,1.65,3.26,204.96,10.37,48.23,0,51.17,1.32,13.17,22.14,0,0.14,0,0.15,0.7,0,0,0,0,0,4.03,4.13,5.22,17.64,95.03,18.84,7.19,1.3,0.82,15.59,1.4,1.26,1.02,0.98,0.96,0.56,2.86,1.79,1.38,1.02,0.36,0.83,0.51,1.67,1.2,3.5,0.79,0,0,12.11,0.25,20.72,0,0,0,0,0,0,0.15,0,0,0,0,0,0,0,0,0,0,0,0,0,0,0],[3.86,0.78,0,0.24,0,0,0,0,0,0,0,0,3.21,1.01,1.33,1.29,8.21,0,5.91,0.1,0,1.92,11.79,2.37,1.13,0.66,2.77,14.21,40.46,12.26,5.06,51.17,0,3.16,16.59,40.92,0,6.81,0.12,0.24,0.97,0,0,0,0,0,0.37,1.4,2.46,7.28,39.62,7.76,3.02,0.58,0.38,6.54,0.68,0.82,0.53,0.62,0.45,0.25,1.3,0.75,1.01,0.66,0.23,0.43,0.29,0.87,0.92,2.4,0.36,0.56,13.37,15.53,1.7,0,0,0.27,0,0,0.56,5.6,0,1.52,0,0,0,0,13.68,0.36,0,0,0,0.33,0,0,0,0],[0.13,0,0,0,0,0.81,0,0,0,0,0,0,0.41,0,0,0.65,1.87,0,0.84,0.6,5.24,0.1,0,0.91,0.55,3.79,1.72,7.14,8.02,13.57,1.05,1.32,3.16,0,42.85,265.41,0,0.3,3.19,0.76,2.72,0.13,0,0,0,0,0,0,2.66,8.62,47.27,9.1,3.76,0.68,0.43,8,0.74,0.73,0.57,0.54,0.51,0.3,1.61,0.92,0.79,0.5,0.22,0.47,0.3,1.01,0.89,2.28,0.43,21.67,122.72,5.57,17.99,4.42,1.99,13.33,0,6.13,0,0.22,7.2,14.89,0.64,0.72,2.18,0,0.61,0.11,0.2,0,0,0,0,0,1.56,0],[16.21,1.99,0.67,7.36,0.9,15.32,4.06,3.91,0.31,0,1.36,0,9.94,0.29,1.13,20.4,52.3,0,6.05,15.71,0.11,0.43,0.74,3.14,0.78,1.79,6.75,830.04,37.95,0.45,0.49,13.17,16.59,42.85,0,36.99,0,3.8,0,35.42,79.27,7.83,0.19,0.56,0,0,0,3.62,6.14,15.82,88.96,16.74,7.41,1.48,1,16.24,1.84,2.56,1.54,1.85,1.2,0.66,3.49,1.87,3.16,1.89,0.77,1.24,0.87,2.56,3.34,8.01,0.92,49.73,64.31,51.52,7.27,0,1.99,2.98,0,10.2,6.01,14.05,35.06,25.9,0,0.69,0,4.11,15.63,0,2.85,0,3.18,8.4,7.67,0,15.2,0],[0,0,0,0,0,0,0,0,0,0,0,0,0,0.29,0.5,0,0,3.33,1.47,2.49,0,0.3,0,4,4.8,0,9.23,6.16,4.38,0,5.14,22.14,40.92,265.41,36.99,0,0,0,0,2.51,9.84,0.43,0,0,0,0,0,0,3.42,12,64.69,12.73,4.9,0.86,0.53,10.19,0.88,0.71,0.65,0.55,0.62,0.38,1.98,1.17,0.7,0.49,0.21,0.54,0.32,1.17,0.78,2.18,0.55,41.47,65.15,0,21.98,0,0,177.75,0,0,0,0.97,11.39,1.78,0,0,0,0,0,1.35,0,0,0,0,0,0,0,0],[0,0,0,0,0,0,0,0,0,0,0,0,0,0,0,0,0,0,0.3,0.37,0,0,0,0.87,0.1,0,0.51,0,1.09,0,0,0,0,0,0,0,0,5.62,0,3.58,14.44,0.36,0,0,0,0,2.2,0,2.09,7.46,36.76,8.09,1.59,0.31,0.16,2.23,0.25,0.21,0.17,0.17,0.19,0.1,0.41,0.25,0.3,0.3,0,0.15,0,0.32,0.15,0.69,0.18,1.29,2,0,1,0,0,0,0,1.25,1.53,0,3.34,1.81,0,0,0,0,0,0,0,0,0,0,0,0,0,0],[0,0,0,0,0,0,0,0.45,0,0,0,0,0,0.2,0.31,0,0,0,2.04,0.41,0,0.29,0,2.67,0.12,0,1.07,0.17,13.47,0,0,0.14,6.81,0.3,3.8,0,5.62,0,0,9.78,26.31,2.41,0.16,0.44,0,0,5.71,0,4.62,16.27,82.81,17.44,4.57,0.85,0.49,7.87,0.79,0.68,0.58,0.54,0.58,0.33,1.51,0.91,0.86,0.7,0.18,0.48,0.29,1.05,0.63,2.12,0.53,0,0,0,5.96,0,0,0,0,0,0.72,0.1,2.75,0.58,0,0.48,0,0,0,0,0,0,0,0,0,0,0,0],[0,0,0,0,0,0,0,0,0,0,0,0,0,0,0,2.05,5.32,0,0.87,0,0,0,0,0,0,0,0,0,17.54,0,0,0,0.12,3.19,0,0,0,0,0,71.83,114.18,7.88,0,0,0,0,0,0,7.84,28.79,140.6,30.9,5.81,1.12,0.57,6.9,0.85,0.66,0.6,0.53,0.68,0.38,1.46,0.79,0.98,0.84,0.15,0.55,0.31,1.36,0.63,2.48,0.74,0,0,0,0,0,0,0,0,0,0,0,0,0,0,1.68,0,0,0,0,0,0,0,0,0,0,0,0],[1.1,0.15,0,1.99,0.1,0,1.06,0,0,0,0.11,0,32.31,9.01,17.38,0.61,3.82,4.11,18.83,4.96,0,8.3,8.08,0,0,0.26,0,0,11.12,2.3,0,0.15,0.24,0.76,35.42,2.51,3.58,9.78,71.83,0,318.94,18.52,9.55,19.29,1.01,1.92,11.64,7.73,7.85,27.64,133.68,29.89,4.79,0.99,0.49,4.61,0.74,0.71,0.53,0.58,0.57,0.3,1.03,0.53,1.31,1.27,0.14,0.46,0.27,1.1,0.56,2.67,0.62,0,0.57,0.82,0.5,0,7.55,0,0,0,0,1.71,19.98,5.81,0,0,0.11,0.88,0,15.17,0,0,0,0,0,0,0,50.24],[5.14,0.73,0.3,7.11,0.49,0,5.01,0.18,0,0,0.53,0,84.15,16.78,32.83,1.15,7.24,14.65,37.97,10.18,0,15.75,15.37,0,0,0.78,0.23,0,21.39,10.66,0,0.7,0.97,2.72,79.27,9.84,14.44,26.31,114.18,318.94,0,295.89,40.11,77.38,6.81,7.4,40.26,25.2,23.35,85.01,409.31,92.07,14.42,2.95,1.42,13.47,1.95,1.59,1.37,1.34,1.64,0.87,2.83,1.56,2.75,2.77,0.32,1.28,0.7,3.05,1.24,6.32,1.78,0,2.56,3.64,2.3,0,34.98,0,0,0,0,7.86,41.41,12.5,0,0.3,0.53,4.22,0,27.76,0,0,0,0,0,0,0,94],[0.15,0,0,0.36,0,0,0.14,0,0,0,0,0,7.1,2.21,4.33,0.15,0.95,0.83,4.55,1.2,0,2.06,2.02,0,0,0,0,0,2.72,0.3,0,0,0,0.13,7.83,0.43,0.36,2.41,7.88,18.52,295.89,0,6.27,11.2,0.34,1.04,3.85,2.33,1.46,5.31,25.56,5.76,0.88,0.18,0,0.79,0.11,0,0,0,0.1,0,0.16,0,0.17,0.18,0,0,0,0.18,0,0.39,0.1,0,0,0,0,0,0.94,0,0,0,0,0.22,4.69,1.36,0,0,0,0.12,0,3.61,0,0,0,0,0,0,0,12.54],[0,0,0,0,0,0,8.96,0,0,0,0,0,0,0,0,0.42,1.12,0,0.16,0,0,0,0,0,0,0,0.24,0,0.14,4.17,0,0,0,0,0.19,0,0,0.16,0,9.55,40.11,6.27,0,221.96,28.69,15.41,1.47,0.34,3.33,12.17,58.2,13.28,1.87,0.39,0.18,1.49,0.22,0.18,0.15,0.16,0.2,0.1,0.29,0.17,0.32,0.39,0,0.15,0,0.34,0.11,0.76,0.21,0,0,6.48,0.72,0,0,0,0,0,0,0,0,0,0,0,0,0,0,0.15,0,0,0,0.15,0,0,0,0],[0,0,0,0,0,0,21.54,0,0,0,0,0,0,0,0,1.15,3.04,0,0.45,0,0,0,0,0,0.1,0,0.63,0,0.43,11.15,0,0,0,0,0.56,0,0,0.44,0,19.29,77.38,11.2,221.96,0,99.48,88.74,4.8,0.95,8,28.43,136.25,31.05,4.38,0.94,0.44,3.56,0.58,0.53,0.41,0.46,0.49,0.24,0.73,0.41,1.04,1.25,0,0.37,0.2,0.82,0.31,2.16,0.5,0,0,15.16,1.7,0,0,0,0,0,0,0,0,0,0,0,0,0,0,0.37,0,0,0,0.38,0,0,0,0],[0,0,0,0,0,0,0,0,0,0,0,0,0,0,0,0,0,0,0,0,0,0,0,0,0,0,0,0,0,0,0,0,0,0,0,0,0,0,0,1.01,6.81,0.34,28.69,99.48,0,9.86,0,0.11,1.22,4.47,21.42,4.88,0.7,0.14,0,0.59,0,0,0,0,0,0,0.11,0,0.12,0.14,0,0,0,0.12,0,0.28,0,0,0,0,0,0,0,0,0,0,0,0,0,0,0,0,0,0,0,0,0,0,0,0,0,0,0,0],[0,0,0,0,0,0,0,0,0,0,0,0,0,0,0,0,0,0,0.59,0,0,0,0,0,0,0,0,0,0.51,0,0,0,0,0,0,0,0,0,0,1.92,7.4,1.04,15.41,88.74,9.86,0,48.54,0,3.74,13.99,66.91,15.28,2.2,0.45,0.21,1.93,0.24,0.15,0.16,0.14,0.23,0.11,0.33,0.22,0.24,0.31,0,0.17,0,0.36,0,0.69,0.23,0,0,0,2.14,0,0,0,0,0,0,0,0,10.38,0,0,0,0,0,0,0,0,0,0,0,0,0,0],[1.75,0,0,0,0,0,0,0,0,0,0,0,0,0,0,0,0,0,0,0,0,0,0,0.79,0,0.11,0,0,1.92,0,0,4.03,0.37,0,0,0,2.2,5.71,0,11.64,40.26,3.85,1.47,4.8,0,48.54,0,50.47,4.19,14.14,67.95,15.57,2.11,0.48,0.23,1.7,0.3,0.34,0.23,0.29,0.25,0.12,0.38,0.2,0.68,1,0,0.19,0.11,0.37,0.17,1.38,0.22,0,0,0,0,0,0,0,0,0,0,0,0,0.11,0,0,0,0,0,0,0,0,0,0,0,0,0,0],[0,0,0,0,0,0.69,0,0,0,0,0,0,0,0,0,0,0,0,0,0.27,0,0,4.7,0,0,0,0,0,2.45,0,0,4.13,1.4,0,3.62,0,0,0,0,7.73,25.2,2.33,0.34,0.95,0.11,0,50.47,0,5.8,20.93,100.01,23.09,3.14,0.68,0.32,2.65,0.35,0.28,0.26,0.26,0.33,0.16,0.48,0.31,0.5,0.78,0,0.25,0.11,0.46,0.13,1.24,0.3,0,0,1.4,1.42,0,0,0,0,0,0,0,0.95,6.24,0,0,0,0,0,0.15,0,0,0,2.11,0,0,0,3.61],[8.14,1.71,0.95,3.66,1.21,23.47,2.07,5.13,2.07,1.27,1.39,1.84,6.46,0.95,1.94,1.12,4.37,2.88,4.34,4.66,1.26,1.13,7.42,3.1,1.28,2.91,3.61,2.83,21.61,2.69,3,5.22,2.46,2.66,6.14,3.42,2.09,4.62,7.84,7.85,23.35,1.46,3.33,8,1.22,3.74,4.19,5.8,0,0,0,0,0,0,0,0,0,0,0,0,0,0,0,0,0,0,0,0,0,0,0,0,0,2.64,3.3,11.65,5.74,3.66,9.86,2.04,1.93,3.13,2.73,2.26,3.63,3.37,3.53,3.55,1.14,3.6,6.56,3.2,8.64,1.48,1.91,4.56,2.91,2.06,7.14,4.24],[25.58,1.81,2.25,8.93,3.53,79.22,6.14,17.47,6.48,2.79,4.56,5.09,11.24,1.97,2.71,3.39,10.19,9.04,10.91,11.09,4.22,3.37,21.65,8.88,2.15,9.21,7.23,8.93,51.6,8.24,7.92,17.64,7.28,8.62,15.82,12,7.46,16.27,28.79,27.64,85.01,5.31,12.17,28.43,4.47,13.99,14.14,20.93,0,0,0,0,0,0,0,0,0,0,0,0,0,0,0,0,0,0,0,0,0,0,0,0,0,7.84,6.41,38.23,17.29,12.21,33.46,6.09,6.29,8.68,8.39,6.57,9.25,8.65,5.87,6.81,2.1,11.9,22.06,8.6,27.3,2.99,4.89,12.52,8.24,5.47,24.48,11.81],[155.2,11.8,13.76,54,21.39,480.15,37.66,106.54,38.87,17.02,27.05,30.26,68.62,11.83,16.76,19.89,60.37,52.6,64.16,64.96,24.34,19.47,124.84,50.56,12.78,52.52,42.27,49.88,293.5,46.02,44.02,95.03,39.62,47.27,88.96,64.69,36.76,82.81,140.6,133.68,409.31,25.56,58.2,136.25,21.42,66.91,67.95,100.01,0,0,0,0,0,0,0,0,0,0,0,0,0,0,0,0,0,0,0,0,0,0,0,0,0,41.84,36.13,202.88,91.3,63.68,177.78,33.45,34.86,48.74,47.92,37.82,53.84,50,34.77,39.88,12.23,69.44,129.29,50.47,158.23,18.21,29.32,75.39,49.19,33.4,147.53,71.84],[26.88,1.95,2.37,9.46,3.71,83.32,6.47,18.39,6.85,2.97,4.82,5.4,11.98,2.1,2.91,3.58,10.82,9.52,11.55,11.72,4.44,3.57,22.94,9.42,2.3,9.71,7.68,9.44,54.9,8.75,8.44,18.84,7.76,9.1,16.74,12.73,8.09,17.44,30.9,29.89,92.07,5.76,13.28,31.05,4.88,15.28,15.57,23.09,0,0,0,0,0,0,0,0,0,0,0,0,0,0,0,0,0,0,0,0,0,0,0,0,0,8.29,6.78,40.2,18.17,12.8,34.92,6.35,6.52,9.07,8.79,6.92,9.73,9.08,6.18,7.14,2.2,12.23,22.57,8.95,28.45,3.12,5.1,13.06,8.59,5.71,25.64,12.42],[17.26,1.23,1.49,5.71,2.35,54.22,4.35,12.38,4.22,1.82,2.86,3.13,6.91,1.17,1.64,1.99,5.96,5.14,6.25,6.14,2.33,1.86,11.85,4.58,1.16,4.82,3.83,4.27,25.46,3.94,3.57,7.19,3.02,3.76,7.41,4.9,1.59,4.57,5.81,4.79,14.42,0.88,1.87,4.38,0.7,2.2,2.11,3.14,0,0,0,0,0,0,0,0,0,0,0,0,0,0,0,0,0,0,0,0,0,0,0,0,0,2.87,2.76,13.93,5.97,3.99,12.35,2.59,2.86,4.08,4.34,3.5,5.02,4.56,3.08,3.52,1.03,6.73,12.69,4.86,15.11,1.85,2.98,7.88,5.04,3.62,16.18,7.86],[3.06,0.38,0.29,1.13,0.43,9.41,0.8,2.16,0.76,0.38,0.5,0.6,1.62,0.25,0.44,0.36,1.22,0.92,1.23,1.24,0.4,0.34,2.22,0.87,0.29,0.86,0.86,0.77,5.35,0.73,0.72,1.3,0.58,0.68,1.48,0.86,0.31,0.85,1.12,0.99,2.95,0.18,0.39,0.94,0.14,0.45,0.48,0.68,0,0,0,0,0,0,0,0,0,0,0,0,0,0,0,0,0,0,0,0,0,0,0,0,0,0.55,0.64,2.53,1.14,0.73,2.19,0.47,0.5,0.77,0.77,0.64,0.97,0.88,0.72,0.76,0.22,1.14,2.13,0.89,2.64,0.37,0.55,1.44,0.91,0.67,2.76,1.45],[2.06,0.32,0.21,0.81,0.29,6.25,0.55,1.44,0.51,0.28,0.33,0.41,1.24,0.18,0.35,0.24,0.88,0.61,0.86,0.87,0.26,0.23,1.51,0.6,0.22,0.56,0.63,0.5,3.79,0.48,0.5,0.82,0.38,0.43,1,0.53,0.16,0.49,0.57,0.49,1.42,0,0.18,0.44,0,0.21,0.23,0.32,0,0,0,0,0,0,0,0,0,0,0,0,0,0,0,0,0,0,0,0,0,0,0,0,0,0.34,0.45,1.52,0.69,0.42,1.28,0.29,0.3,0.49,0.5,0.43,0.66,0.59,0.52,0.53,0.15,0.7,1.3,0.58,1.69,0.26,0.37,0.97,0.6,0.46,1.8,1],[44.44,3.1,3.79,14.47,6.08,142.26,11.8,33.8,11.1,4.76,7.46,8.03,16.96,2.86,4.02,4.9,14.6,12.36,15.06,14.4,5.54,4.51,28.67,10.9,2.74,11.23,8.88,9.58,58.74,9.06,8.03,15.59,6.54,8,16.24,10.19,2.23,7.87,6.9,4.61,13.47,0.79,1.49,3.56,0.59,1.93,1.7,2.65,0,0,0,0,0,0,0,0,0,0,0,0,0,0,0,0,0,0,0,0,0,0,0,0,0,5.49,5.53,25.5,10.52,6.68,22.18,5.05,5.74,8.45,9.61,8.04,11.45,10.14,6.62,7.5,2.11,14.25,26.48,10.71,33.55,4.2,6.83,18.64,11.79,8.9,40.55,19.83],[3.47,0.59,0.37,1.4,0.5,10.49,0.94,2.42,0.87,0.49,0.57,0.71,2.25,0.33,0.66,0.41,1.55,1.03,1.52,1.58,0.44,0.4,2.61,1.06,0.42,0.97,1.19,0.87,6.95,0.85,0.92,1.4,0.68,0.74,1.84,0.88,0.25,0.79,0.85,0.74,1.95,0.11,0.22,0.58,0,0.24,0.3,0.35,0,0,0,0,0,0,0,0,0,0,0,0,0,0,0,0,0,0,0,0,0,0,0,0,0,0.64,0.93,2.68,1.29,0.74,2.24,0.54,0.54,0.91,0.87,0.75,1.2,1.07,1.06,1.07,0.32,1.21,2.23,1.05,2.91,0.49,0.67,1.7,1.06,0.8,3.02,1.71],[3.18,1.39,0.51,1.91,0.53,8.31,0.97,1.89,0.83,0.76,0.49,0.84,4.17,0.54,1.4,0.43,2.29,1,2.07,2.3,0.38,0.43,2.96,1.27,0.84,0.94,2.07,0.87,10.57,0.92,1.29,1.26,0.82,0.73,2.56,0.71,0.21,0.68,0.66,0.71,1.59,0,0.18,0.53,0,0.15,0.34,0.28,0,0,0,0,0,0,0,0,0,0,0,0,0,0,0,0,0,0,0,0,0,0,0,0,0,0.79,1.7,2.71,1.58,0.74,2.04,0.62,0.5,1.13,0.88,0.85,1.59,1.42,2.01,1.83,0.57,1.01,1.78,1.25,2.73,0.78,0.85,1.94,1.17,0.95,2.31,1.91],[2.65,0.58,0.31,1.17,0.39,7.7,0.71,1.73,0.65,0.41,0.42,0.56,2.05,0.29,0.63,0.32,1.31,0.8,1.27,1.34,0.33,0.31,2.05,0.83,0.39,0.75,1.05,0.67,5.85,0.65,0.74,1.02,0.53,0.57,1.54,0.65,0.17,0.58,0.6,0.53,1.37,0,0.15,0.41,0,0.16,0.23,0.26,0,0,0,0,0,0,0,0,0,0,0,0,0,0,0,0,0,0,0,0,0,0,0,0,0,0.52,0.85,2.12,1.06,0.59,1.77,0.45,0.43,0.76,0.7,0.61,1.01,0.91,1,0.98,0.3,0.99,1.82,0.89,2.35,0.45,0.57,1.41,0.87,0.66,2.27,1.37],[2.44,1.02,0.38,1.43,0.4,6.51,0.76,1.51,0.64,0.58,0.38,0.64,3.04,0.4,1.02,0.32,1.69,0.75,1.52,1.66,0.29,0.33,2.24,0.95,0.6,0.71,1.49,0.65,7.76,0.69,0.95,0.98,0.62,0.54,1.85,0.55,0.17,0.54,0.53,0.58,1.34,0,0.16,0.46,0,0.14,0.29,0.26,0,0,0,0,0,0,0,0,0,0,0,0,0,0,0,0,0,0,0,0,0,0,0,0,0,0.57,1.17,1.96,1.11,0.53,1.48,0.43,0.36,0.79,0.64,0.62,1.13,1,1.36,1.23,0.38,0.72,1.25,0.87,1.97,0.53,0.59,1.39,0.83,0.69,1.77,1.43],[2.31,0.4,0.24,0.94,0.33,6.91,0.61,1.56,0.57,0.33,0.37,0.47,1.5,0.22,0.44,0.27,1.03,0.69,1.01,1.04,0.3,0.26,1.74,0.7,0.27,0.65,0.77,0.58,4.51,0.56,0.59,0.96,0.45,0.51,1.2,0.62,0.19,0.58,0.68,0.57,1.64,0.1,0.2,0.49,0,0.23,0.25,0.33,0,0,0,0,0,0,0,0,0,0,0,0,0,0,0,0,0,0,0,0,0,0,0,0,0,0.42,0.56,1.87,0.86,0.52,1.6,0.36,0.37,0.6,0.59,0.5,0.79,0.7,0.64,0.65,0.19,0.86,1.6,0.7,2.01,0.32,0.45,1.14,0.71,0.54,2.04,1.14],[1.4,0.15,0.13,0.5,0.19,4.33,0.36,0.98,0.34,0.16,0.22,0.26,0.69,0.11,0.18,0.16,0.53,0.42,0.55,0.55,0.18,0.15,0.99,0.39,0.12,0.39,0.37,0.35,2.33,0.32,0.31,0.56,0.25,0.3,0.66,0.38,0.1,0.33,0.38,0.3,0.87,0,0.1,0.24,0,0.11,0.12,0.16,0,0,0,0,0,0,0,0,0,0,0,0,0,0,0,0,0,0,0,0,0,0,0,0,0,0.24,0.28,1.13,0.5,0.32,1,0.22,0.23,0.35,0.36,0.29,0.44,0.4,0.32,0.34,0.1,0.56,1.06,0.42,1.25,0.17,0.26,0.67,0.42,0.31,1.29,0.66],[8.14,0.81,0.74,2.84,1.12,25.16,2.09,5.76,1.97,0.93,1.31,1.5,3.78,0.6,0.98,0.92,2.97,2.34,3.04,3.03,1.05,0.86,5.46,2.08,0.65,2.17,2,1.89,12.35,1.74,1.63,2.86,1.3,1.61,3.49,1.98,0.41,1.51,1.46,1.03,2.83,0.16,0.29,0.73,0.11,0.33,0.38,0.48,0,0,0,0,0,0,0,0,0,0,0,0,0,0,0,0,0,0,0,0,0,0,0,0,0,1.21,1.43,5.74,2.51,1.61,5.19,1.18,1.29,1.91,2,1.63,2.43,2.21,1.71,1.87,0.55,3.25,6.2,2.38,7.12,0.97,1.48,3.84,2.44,1.78,7.53,3.81],[5.13,0.36,0.43,1.67,0.7,16.42,1.36,3.88,1.27,0.54,0.85,0.92,1.96,0.33,0.46,0.56,1.68,1.42,1.74,1.66,0.63,0.52,3.3,1.25,0.31,1.29,1.02,1.1,6.75,1.04,0.92,1.79,0.75,0.92,1.87,1.17,0.25,0.91,0.79,0.53,1.56,0,0.17,0.41,0,0.22,0.2,0.31,0,0,0,0,0,0,0,0,0,0,0,0,0,0,0,0,0,0,0,0,0,0,0,0,0,0.63,0.64,2.95,1.21,0.77,2.56,0.58,0.66,0.97,1.11,0.93,1.32,1.17,0.76,0.87,0.24,1.64,3.05,1.24,3.89,0.49,0.79,2.16,1.36,1.03,4.69,2.29],[2.83,1.73,0.55,2.1,0.52,6.75,0.95,1.56,0.78,0.87,0.44,0.9,5,0.64,1.75,0.42,2.64,0.96,2.34,2.68,0.34,0.46,3.2,1.47,1.08,0.95,2.6,0.93,13.15,1.03,1.65,1.38,1.01,0.79,3.16,0.7,0.3,0.86,0.98,1.31,2.75,0.17,0.32,1.04,0.12,0.24,0.68,0.5,0,0,0,0,0,0,0,0,0,0,0,0,0,0,0,0,0,0,0,0,0,0,0,0,0,1.04,2.34,3.24,2.08,0.94,2.33,0.74,0.52,1.31,0.9,0.91,1.82,1.63,2.57,2.3,0.75,0.88,1.47,1.33,2.57,0.88,0.88,1.94,1.15,0.96,1.77,1.89],[1.64,0.9,0.3,1.18,0.29,4.07,0.53,0.93,0.46,0.48,0.27,0.52,2.76,0.36,0.97,0.25,1.52,0.58,1.35,1.53,0.21,0.28,1.95,0.92,0.62,0.58,1.5,0.59,7.94,0.67,1.08,1.02,0.66,0.5,1.89,0.49,0.3,0.7,0.84,1.27,2.77,0.18,0.39,1.25,0.14,0.31,1,0.78,0,0,0,0,0,0,0,0,0,0,0,0,0,0,0,0,0,0,0,0,0,0,0,0,0,0.65,1.3,2.02,1.23,0.57,1.4,0.42,0.3,0.73,0.53,0.53,1.03,0.91,1.33,1.19,0.38,0.48,0.81,0.7,1.46,0.44,0.46,1.03,0.62,0.51,1.08,1.05],[1.01,0.41,0.15,0.58,0.16,2.64,0.29,0.58,0.25,0.22,0.15,0.25,1.27,0.16,0.41,0.13,0.69,0.31,0.63,0.7,0.12,0.13,0.89,0.37,0.24,0.29,0.61,0.26,3.1,0.27,0.36,0.36,0.23,0.22,0.77,0.21,0,0.18,0.15,0.14,0.32,0,0,0,0,0,0,0,0,0,0,0,0,0,0,0,0,0,0,0,0,0,0,0,0,0,0,0,0,0,0,0,0,0.23,0.52,0.83,0.48,0.22,0.65,0.2,0.16,0.36,0.28,0.27,0.5,0.45,0.65,0.59,0.19,0.36,0.64,0.42,0.92,0.26,0.28,0.64,0.38,0.31,0.76,0.6],[2.09,0.47,0.24,0.93,0.31,6.04,0.55,1.35,0.51,0.33,0.33,0.44,1.66,0.23,0.5,0.26,1.06,0.64,1.02,1.08,0.27,0.25,1.64,0.66,0.31,0.6,0.84,0.54,4.67,0.52,0.59,0.83,0.43,0.47,1.24,0.54,0.15,0.48,0.55,0.46,1.28,0,0.15,0.37,0,0.17,0.19,0.25,0,0,0,0,0,0,0,0,0,0,0,0,0,0,0,0,0,0,0,0,0,0,0,0,0,0.42,0.69,1.78,0.88,0.5,1.5,0.37,0.36,0.63,0.57,0.49,0.82,0.74,0.82,0.81,0.25,0.81,1.51,0.73,1.91,0.37,0.47,1.14,0.71,0.53,1.8,1.09],[1.31,0.38,0.17,0.64,0.2,3.65,0.36,0.81,0.32,0.23,0.2,0.3,1.25,0.17,0.4,0.16,0.75,0.41,0.71,0.76,0.16,0.16,1.08,0.44,0.24,0.38,0.63,0.34,3.36,0.34,0.41,0.51,0.29,0.3,0.87,0.32,0,0.29,0.31,0.27,0.7,0,0,0.2,0,0,0.11,0.11,0,0,0,0,0,0,0,0,0,0,0,0,0,0,0,0,0,0,0,0,0,0,0,0,0,0.28,0.52,1.14,0.59,0.32,0.94,0.24,0.22,0.42,0.36,0.32,0.56,0.51,0.62,0.59,0.18,0.5,0.93,0.49,1.21,0.26,0.32,0.75,0.46,0.35,1.07,0.72],[4.06,0.88,0.47,1.78,0.59,11.54,1.02,2.48,0.96,0.61,0.62,0.85,3.16,0.45,0.95,0.51,2.04,1.29,2,2.15,0.55,0.49,3.18,1.27,0.59,1.24,1.65,1.13,9.1,1.04,1.15,1.67,0.87,1.01,2.56,1.17,0.32,1.05,1.36,1.1,3.05,0.18,0.34,0.82,0.12,0.36,0.37,0.46,0,0,0,0,0,0,0,0,0,0,0,0,0,0,0,0,0,0,0,0,0,0,0,0,0,0.93,1.43,4.17,2.06,1.25,3.72,0.87,0.86,1.4,1.23,1.01,1.69,1.57,1.71,1.72,0.54,1.96,3.75,1.63,4.26,0.78,1,2.38,1.5,1.08,3.63,2.15],[3.65,1.83,0.64,2.34,0.62,8.72,1,1.8,0.87,0.88,0.5,0.96,5.48,0.71,1.82,0.51,2.86,1.19,2.6,2.98,0.43,0.5,3.33,1.36,1.04,1.12,2.63,1.05,12.59,1,1.39,1.2,0.92,0.89,3.34,0.78,0.15,0.63,0.63,0.56,1.24,0,0.11,0.31,0,0,0.17,0.13,0,0,0,0,0,0,0,0,0,0,0,0,0,0,0,0,0,0,0,0,0,0,0,0,0,1.01,2.46,3.66,2.25,1.08,3.02,0.94,0.77,1.69,1.22,1.1,2.2,2.06,3.2,2.97,0.98,1.69,3.12,2.01,3.99,1.27,1.3,2.76,1.69,1.3,2.68,2.39],[8.98,4.08,1.49,5.51,1.5,22.37,2.5,4.76,2.2,2.08,1.31,2.34,12.45,1.64,4.13,1.25,6.73,2.96,6.16,6.98,1.12,1.25,8.34,3.48,2.45,2.83,6.18,2.65,30.69,2.61,3.6,3.5,2.4,2.28,8.01,2.18,0.69,2.12,2.48,2.67,6.32,0.39,0.76,2.16,0.28,0.69,1.38,1.24,0,0,0,0,0,0,0,0,0,0,0,0,0,0,0,0,0,0,0,0,0,0,0,0,0,2.56,5.65,9.34,5.52,2.74,7.55,2.22,1.83,3.91,2.92,2.65,5.11,4.72,6.99,6.49,2.12,3.89,7.12,4.49,9.38,2.74,2.9,6.3,3.86,2.97,6.73,5.64],[1.7,0.19,0.16,0.62,0.23,5.19,0.42,1.15,0.41,0.2,0.28,0.32,0.88,0.14,0.23,0.2,0.68,0.54,0.71,0.73,0.24,0.2,1.28,0.51,0.16,0.52,0.5,0.48,3.16,0.43,0.43,0.79,0.36,0.43,0.92,0.55,0.18,0.53,0.74,0.62,1.78,0.1,0.21,0.5,0,0.23,0.22,0.3,0,0,0,0,0,0,0,0,0,0,0,0,0,0,0,0,0,0,0,0,0,0,0,0,0,0.37,0.42,1.78,0.82,0.54,1.6,0.33,0.35,0.51,0.49,0.39,0.59,0.55,0.46,0.5,0.15,0.78,1.48,0.57,1.7,0.23,0.34,0.87,0.56,0.39,1.59,0.81],[0,0,0,0,0,32.02,0,0,0,0,0,0,0,0,0,0,0,0,0.36,0,0,0,0,0,0,0,0,0,0.95,0,0.46,0,0.56,21.67,49.73,41.47,1.29,0,0,0,0,0,0,0,0,0,0,0,2.64,7.84,41.84,8.29,2.87,0.55,0.34,5.49,0.64,0.79,0.52,0.57,0.42,0.24,1.21,0.63,1.04,0.65,0.23,0.42,0.28,0.93,1.01,2.56,0.37,0,1.45,72.38,5.69,0,1.23,0,0,0,0,0,0,0,0,0,0,0,0,0,0,0,0,0,0,0,0,0],[2.48,0,0,0,0,0,0,0,0,0,0,0.55,0,1.55,2.37,6.11,18.82,0,9.56,14.05,4.37,2.04,2.06,0.33,0,3.03,0.41,0,20.81,0,1.14,0,13.37,122.72,64.31,65.15,2,0,0,0.57,2.56,0,0,0,0,0,0,0,3.3,6.41,36.13,6.78,2.76,0.64,0.45,5.53,0.93,1.7,0.85,1.17,0.56,0.28,1.43,0.64,2.34,1.3,0.52,0.69,0.52,1.43,2.46,5.65,0.42,1.45,0,68.18,19.03,8.74,20.79,31.71,69.55,31.45,0,68.77,70.36,8.06,6.66,1.1,7.35,6.12,0.6,0.19,3.61,6.99,0,0.35,0,0,0,0],[18.62,8.73,0,0,0,0.64,0,0,0.47,0,2.6,0,0,0.49,0.62,1.42,8.42,0,6.82,1.8,0,0.83,0,0.34,3.18,3.14,5.94,0,46.14,0,0,12.11,15.53,5.57,51.52,0,0,0,0,0.82,3.64,0,6.48,15.16,0,0,0,1.4,11.65,38.23,202.88,40.2,13.93,2.53,1.52,25.5,2.68,2.71,2.12,1.96,1.87,1.13,5.74,2.95,3.24,2.02,0.83,1.78,1.14,4.17,3.66,9.34,1.78,72.38,68.18,0,176.8,189.45,62.82,0.24,0,0.44,0,0.65,11.71,34.44,2.02,12.15,0,0,0,2.61,0,8.24,0,2.82,10.54,0,0,0],[3.69,1.37,0,0.1,0,0.75,0,0,0,0,0,0,0.62,1.13,2.01,1.57,5.12,0,5.71,0.69,4.04,1.21,72.62,0,0.71,0.46,3.76,0,20.05,0,2.09,0.25,1.7,17.99,7.27,21.98,1,5.96,0,0.5,2.3,0,0.72,1.7,0,2.14,0,1.42,5.74,17.29,91.3,18.17,5.97,1.14,0.69,10.52,1.29,1.58,1.06,1.11,0.86,0.5,2.51,1.21,2.08,1.23,0.48,0.88,0.59,2.06,2.25,5.52,0.82,5.69,19.03,176.8,0,61.77,72.13,2.24,0,0,0,5.62,1.21,5.11,0.93,19.52,0,0.54,86.59,10.26,0.1,0.9,0,0.31,1.16,0,0,0],[0,0,0,0,0,0,0,0,0,0,0,0,0,0,0,0,0,0,0,0,0,0,0,0,0,0,0,0,0,0,0,20.72,0,4.42,0,0,0,0,0,0,0,0,0,0,0,0,0,0,3.66,12.21,63.68,12.8,3.99,0.73,0.42,6.68,0.74,0.74,0.59,0.53,0.52,0.32,1.61,0.77,0.94,0.57,0.22,0.5,0.32,1.25,1.08,2.74,0.54,0,8.74,189.45,61.77,0,26.38,0.34,5.92,0,0,0,0,0,0,0,0,0,0,0,0,0,0,0,0,0,0,0],[8.4,1.55,0.12,2.41,0.25,5.25,0,0,2.51,0.53,0,0,1.35,0,0.21,0.17,0.55,0,1.78,3.84,0,0.15,34.88,0,0.96,0.78,8.35,0.39,13.28,0,1.96,0,0,1.99,1.99,0,0,0,0,7.55,34.98,0.94,0,0,0,0,0,0,9.86,33.46,177.78,34.92,12.35,2.19,1.28,22.18,2.24,2.04,1.77,1.48,1.6,1,5.19,2.56,2.33,1.4,0.65,1.5,0.94,3.72,3.02,7.55,1.6,1.23,20.79,62.82,72.13,26.38,0,3.03,0,0,0,1.38,0,3.32,0.67,4.36,4.87,0,0,1.59,1.72,0,0,0,0,0,0,12.62],[0.84,0.41,0,0,0,1.28,0,0,0,0,0,0,0.51,0,0,0,0.19,0,0,0.37,0,0,1.03,0,0,0,0,0,0.77,0,0,0,0.27,13.33,2.98,177.75,0,0,0,0,0,0,0,0,0,0,0,0,2.04,6.09,33.45,6.35,2.59,0.47,0.29,5.05,0.54,0.62,0.45,0.43,0.36,0.22,1.18,0.58,0.74,0.42,0.2,0.37,0.24,0.87,0.94,2.22,0.33,0,31.71,0.24,2.24,0.34,3.03,0,106.08,1.97,0.57,0.57,0,2.1,0.79,0.49,1.34,0,0,0,0,0,0,0,0,0,0,0],[0,0,0,0,0,0,0,0,0,0,0,0,0,0,0,0.41,2.47,0,0,0.14,0,0,13,0,0,0.77,0.1,0,0,0,0,0,0,0,0,0,0,0,0,0,0,0,0,0,0,0,0,0,1.93,6.29,34.86,6.52,2.86,0.5,0.3,5.74,0.54,0.5,0.43,0.36,0.37,0.23,1.29,0.66,0.52,0.3,0.16,0.36,0.22,0.86,0.77,1.83,0.35,0,69.55,0,0,5.92,0,106.08,0,1.79,0,0,1.05,1.1,0,3.55,0.13,0,0,0,0,0,0,0,0,0,0,0],[0,0,0,0,0,104.64,0,0,0,0,0,0,0,0,0,0,0,0,0.48,0.19,3.3,0,0,0,0,0,0,0,0,0.11,0,0,0,6.13,10.2,0,1.25,0,0,0,0,0,0,0,0,0,0,0,3.13,8.68,48.74,9.07,4.08,0.77,0.49,8.45,0.91,1.13,0.76,0.79,0.6,0.35,1.91,0.97,1.31,0.73,0.36,0.63,0.42,1.4,1.69,3.91,0.51,0,31.45,0.44,0,0,0,1.97,1.79,0,45.85,0,1.27,20.12,0.21,45.09,0.54,0,0,0.43,7.93,0,0.28,0,0,0,0,0],[0,0,0,0.23,0,0.94,0,0,0,0,0,0,3.56,0,0,9.76,24.2,0,1.56,13.37,0,0,0,0,0.25,1.55,2.37,0,10.86,0,0,0,0.56,0,6.01,0,1.53,0.72,0,0,0,0,0,0,0,0,0,0,2.73,8.39,47.92,8.79,4.34,0.77,0.5,9.61,0.87,0.88,0.7,0.64,0.59,0.36,2,1.11,0.9,0.53,0.28,0.57,0.36,1.23,1.22,2.92,0.49,0,0,0,0,0,0,0.57,0,45.85,0,7.28,87.23,70.32,0.18,18.45,11,0.96,0,4.44,19.28,0,1.29,7.44,8.83,0,0,0],[1.06,0.58,0.52,7.29,0.69,10.08,0,0,0.24,0.2,0.47,1.91,21.93,0.32,1.2,1.89,4.74,4.1,7,133.68,11.97,0.4,0.87,4.77,1.29,40.45,19.4,7.01,26.08,10.91,0.16,0,5.6,0.22,14.05,0.97,0,0.1,0,1.71,7.86,0.22,0,0,0,0,0,0,2.26,6.57,37.82,6.92,3.5,0.64,0.43,8.04,0.75,0.85,0.61,0.62,0.5,0.29,1.63,0.93,0.91,0.53,0.27,0.49,0.32,1.01,1.1,2.65,0.39,0,68.77,0.65,5.62,0,1.38,0.57,0,0,7.28,0,284.58,2.07,0.61,0.75,0,0,4.24,0.77,5.85,6.07,0.3,3.61,2.1,11,2.91,0.78],[0,0,0,1,0.1,6.58,0,0,0.97,0,0,0,2.94,0.17,0.29,0,0,4.56,3.41,32.12,0,0.2,7.43,1.8,1.61,1.14,11.56,20.03,28.07,8.64,4.55,0.15,0,7.2,35.06,11.39,3.34,2.75,0,19.98,41.41,4.69,0,0,0,0,0,0.95,3.63,9.25,53.84,9.73,5.02,0.97,0.66,11.45,1.2,1.59,1.01,1.13,0.79,0.44,2.43,1.32,1.82,1.03,0.5,0.82,0.56,1.69,2.2,5.11,0.59,0,70.36,11.71,1.21,0,0,0,1.05,1.27,87.23,284.58,0,43.27,0,2.58,0,36.17,10.25,1.94,47.34,0,0,5.85,8.41,0,3.48,0],[0.9,0,0,0.98,0.13,8.14,0,0,0,0,0,0,5.92,0.59,0.97,1.29,5.4,1.11,4.62,9.2,0,0.8,0,0.32,0,11.03,2.21,0,2.99,7.23,1.68,0,1.52,14.89,25.9,1.78,1.81,0.58,0,5.81,12.5,1.36,0,0,0,10.38,0.11,6.24,3.37,8.65,50,9.08,4.56,0.88,0.59,10.14,1.07,1.42,0.91,1,0.7,0.4,2.21,1.17,1.63,0.91,0.45,0.74,0.51,1.57,2.06,4.72,0.55,0,8.06,34.44,5.11,0,3.32,2.1,1.1,20.12,70.32,2.07,43.27,0,68.49,39.57,18.98,4.43,0,1.21,22.4,0,0.9,4.99,9.22,1.97,0,0.43],[3.5,0.63,0,3.04,0,2.46,0.23,1.48,0.3,0,1.63,0,47.64,0,0,0,0,0,1.93,4.32,4.78,0,0.14,0.6,0,0,0,0,0.32,0,0,0,0,0.64,0,0,0,0,0,0,0,0,0,0,0,0,0,0,3.53,5.87,34.77,6.18,3.08,0.72,0.52,6.62,1.06,2.01,1,1.36,0.64,0.32,1.71,0.76,2.57,1.33,0.65,0.82,0.62,1.71,3.2,6.99,0.46,0,6.66,2.02,0.93,0,0.67,0.79,0,0.21,0.18,0.61,0,68.49,0,33.12,0.67,29.43,19.95,32.7,215.89,0,3.11,18.64,26.23,0,0,0],[0.72,0,0,0.7,0,11.08,0.1,0.73,0,0,0.78,0,13.43,0,0,0.32,0.92,4.38,1.23,2.21,0.41,0,2.51,0.37,0.16,1.23,2.05,0.52,122.39,3.6,0,0,0,0.72,0.69,0,0,0.48,1.68,0,0.3,0,0,0,0,0,0,0,3.55,6.81,39.88,7.14,3.52,0.76,0.53,7.5,1.07,1.83,0.98,1.23,0.65,0.34,1.87,0.87,2.3,1.19,0.59,0.81,0.59,1.72,2.97,6.49,0.5,0,1.1,12.15,19.52,0,4.36,0.49,3.55,45.09,18.45,0.75,2.58,39.57,33.12,0,23.78,56.75,92.52,23.43,144.44,0,0.25,7.94,15.91,0,0.8,0],[0,0,0,0,0,0,0.55,3.48,0,0,1.29,0,3.05,0,0,0.69,1.86,0,0.25,0,0,0,0,0,0,0,0,0,151.23,0,0,0,0,2.18,0,0,0,0,0,0.11,0.53,0,0,0,0,0,0,0,1.14,2.1,12.23,2.2,1.03,0.22,0.15,2.11,0.32,0.57,0.3,0.38,0.19,0.1,0.55,0.24,0.75,0.38,0.19,0.25,0.18,0.54,0.98,2.12,0.15,0,7.35,0,0,0,4.87,1.34,0.13,0.54,11,0,0,18.98,0.67,23.78,0,2.69,0,56.35,51.79,0,0.6,3.74,4.73,0,0,0],[4.33,1.88,0,0,0,0,0,0.18,0,0,0,0,0,0.16,0.27,2.07,4.86,0,0.66,3.81,0,0,0,0,0,4.25,0.55,2.08,0.19,0,0,0,0,0,4.11,0,0,0,0,0.88,4.22,0.12,0,0,0,0,0,0,3.6,11.9,69.44,12.23,6.73,1.14,0.7,14.25,1.21,1.01,0.99,0.72,0.86,0.56,3.25,1.64,0.88,0.48,0.36,0.81,0.5,1.96,1.69,3.89,0.78,0,6.12,0,0.54,0,0,0,0,0,0.96,0,36.17,4.43,29.43,56.75,2.69,0,0.2,0.49,0,7.13,1.48,4.04,0.64,0,0,4.18],[7.3,1.83,0,0,0,0.27,0,0,0,0,0,0,0,0,0,2.63,6.25,0,0.5,0.91,0,0,0,1.21,1.3,0,2.1,0,0,0,0,0,13.68,0.61,15.63,0,0,0,0,0,0,0,0,0,0,0,0,0,6.56,22.06,129.29,22.57,12.69,2.13,1.3,26.48,2.23,1.78,1.82,1.25,1.6,1.06,6.2,3.05,1.47,0.81,0.64,1.51,0.93,3.75,3.12,7.12,1.48,0,0.6,0,86.59,0,0,0,0,0,0,4.24,10.25,0,19.95,92.52,0,0.2,0,1.48,7.55,9.02,3.78,16.85,0.18,0,0,0],[0,0,0.12,0.65,0.17,20.89,0.11,0,0,0,0,0,2.7,0,0.16,0,0.45,0.13,0.4,0.42,0,0,0.1,0,0.14,0,0.74,0,2.73,0,0,0,0.36,0.11,0,1.35,0,0,0,15.17,27.76,3.61,0.15,0.37,0,0,0,0.15,3.2,8.6,50.47,8.95,4.86,0.89,0.58,10.71,1.05,1.25,0.89,0.87,0.7,0.42,2.38,1.24,1.33,0.7,0.42,0.73,0.49,1.63,2.01,4.49,0.57,0,0.19,2.61,10.26,0,1.59,0,0,0.43,4.44,0.77,1.94,1.21,32.7,23.43,56.35,0.49,1.48,0,103.59,22.15,6.18,2.94,5,0,0.79,0],[0,0,0,1.58,0,18.65,17.3,0,3.79,1.27,0,0,65.2,1.96,2.84,0,0,6.4,12.11,8.84,0,2.21,1.16,0.54,2.8,0.77,25.01,0,8.65,10.94,1.74,0,0,0.2,2.85,0,0,0,0,0,0,0,0,0,0,0,0,0,8.64,27.3,158.23,28.45,15.11,2.64,1.69,33.55,2.91,2.73,2.35,1.97,2.01,1.25,7.12,3.89,2.57,1.46,0.92,1.91,1.21,4.26,3.99,9.38,1.7,0,3.61,0,0.1,0,1.72,0,0,7.93,19.28,5.85,47.34,22.4,215.89,144.44,51.79,0,7.55,103.59,0,9.66,2.35,5.51,5.69,0,0,0],[1.33,0,0,0.62,0,0,0,0,0,0,0,0,2.18,0.1,0.13,0,0,0,4.71,32.82,0,0.18,0,0,0,3.23,0.94,0,0,0,0,0,0,0,0,0,0,0,0,0,0,0,0,0,0,0,0,0,1.48,2.99,18.21,3.12,1.85,0.37,0.26,4.2,0.49,0.78,0.45,0.53,0.32,0.17,0.97,0.49,0.88,0.44,0.26,0.37,0.26,0.78,1.27,2.74,0.23,0,6.99,8.24,0.9,0,0,0,0,0,0,6.07,0,0,0,0,0,7.13,9.02,22.15,9.66,0,36.09,12.09,22.63,0,7.59,0],[1.75,0.63,0.34,0.47,0.18,0,0,0.19,0.22,0,0,0,0,0,0.1,0.17,0.88,0,0,1.69,0,0,0,0,0.17,0.4,0.4,1.07,0.91,0,0.12,0,0,0,3.18,0,0,0,0,0,0,0,0,0,0,0,0,0,1.91,4.89,29.32,5.1,2.98,0.55,0.37,6.83,0.67,0.85,0.57,0.59,0.45,0.26,1.48,0.79,0.88,0.46,0.28,0.47,0.32,1,1.3,2.9,0.34,0,0,0,0,0,0,0,0,0.28,1.29,0.3,0,0.9,3.11,0.25,0.6,1.48,3.78,6.18,2.35,36.09,0,12.05,28.28,0,0,1.06],[9.51,3.05,0.43,1,0.21,34.28,0.18,1.13,0,0,0,0,13.79,0.54,0.86,0.47,2.01,0.31,2.48,2.23,0,0.42,2.69,0.82,0.6,0.55,2.58,0,0.44,0,0,0,0.33,0,8.4,0,0,0,0,0,0,0,0.15,0.38,0,0,0,2.11,4.56,12.52,75.39,13.06,7.88,1.44,0.97,18.64,1.7,1.94,1.41,1.39,1.14,0.67,3.84,2.16,1.94,1.03,0.64,1.14,0.75,2.38,2.76,6.3,0.87,0,0.35,2.82,0.31,0,0,0,0,0,7.44,3.61,5.85,4.99,18.64,7.94,3.74,4.04,16.85,2.94,5.51,12.09,12.05,0,83.72,14.02,17.63,0.78],[10.78,3.41,0,0.14,0,98.02,0.78,4.78,0,0,0,0,1.26,0.33,0.35,0.5,1.79,0,4.18,2.11,0,0.5,0,1.35,1.13,0.12,7.16,0.2,0.7,0,0,0,0,0,7.67,0,0,0,0,0,0,0,0,0,0,0,0,0,2.91,8.24,49.19,8.59,5.04,0.91,0.6,11.79,1.06,1.17,0.87,0.83,0.71,0.42,2.44,1.36,1.15,0.62,0.38,0.71,0.46,1.5,1.69,3.86,0.56,0,0,10.54,1.16,0,0,0,0,0,8.83,2.1,8.41,9.22,26.23,15.91,4.73,0.64,0.18,5,5.69,22.63,28.28,83.72,0,0,1.63,0.33],[11.38,1.31,1.06,5.46,0.76,0.81,0,0,0,0,0,0,19.18,0,0,0.95,2.01,1.96,0.59,0,0,0,0,0,0,0,0,0,0,0,0,0,0,0,0,0,0,0,0,0,0,0,0,0,0,0,0,0,2.06,5.47,33.4,5.71,3.62,0.67,0.46,8.9,0.8,0.95,0.66,0.69,0.54,0.31,1.78,1.03,0.96,0.51,0.31,0.53,0.35,1.08,1.3,2.97,0.39,0,0,0,0,0,0,0,0,0,0,11,0,1.97,0,0,0,0,0,0,0,0,0,14.02,0,0,44.51,0],[18.25,5.89,0.87,1.46,0.18,1.72,0,0.51,4.99,10.62,3.99,0,0.38,0,0,1.25,5.6,5.5,1.52,1.75,0,0,15.48,0,7.86,0,9.59,0,2.35,0,2.92,0,0,1.56,15.2,0,0,0,0,0,0,0,0,0,0,0,0,0,7.14,24.48,147.53,25.64,16.18,2.76,1.8,40.55,3.02,2.31,2.27,1.77,2.04,1.29,7.53,4.69,1.77,1.08,0.76,1.8,1.07,3.63,2.68,6.73,1.59,0,0,0,0,0,0,0,0,0,0,2.91,3.48,0,0,0.8,0,0,0,0.79,0,7.59,0,17.63,1.63,44.51,0,62.05],[79.57,27.05,17.14,8.78,1.78,27.13,2.71,3.65,1.48,0.55,0,0,42.38,6.98,18.26,7.11,34.67,102.75,23.55,0.28,0,2.29,0,0,8.36,0,10.2,0,3.13,7.71,0.24,0,0,0,0,0,0,0,0,50.24,94,12.54,0,0,0,0,0,3.61,4.24,11.81,71.84,12.42,7.86,1.45,1,19.83,1.71,1.91,1.37,1.43,1.14,0.66,3.81,2.29,1.89,1.05,0.6,1.09,0.72,2.15,2.39,5.64,0.81,0,0,0,0,0,12.62,0,0,0,0,0.78,0,0.43,0,0,0,4.18,0,0,0,0,1.06,0.78,0.33,0,62.05,0]],"places":[{"fullname":"P