{"data":[[0,305.73,9749.27,357.07,118.98,34.43,192.7,95.2,73.66,13.7,17.91,314.54,30.18,117.54,76.45,19.27,388.57,26.59,45.8,7.29,59.64,77.25,130.21,18.06,43.98,48.98,305.45,38.56,180.47,237.71,4.46,10.73,43.26,3.58,1.95,22.2,1.81,6.78,4.34,23.09,2.18,0.82,6.22,6.01,49.56,79.86,119.1,67.54,111.34,106.77,1371.72,475.38,149.66,255.95,273.29,91.84,75.06,69.01,137.18,467.49,462.99,708.06,2340.14,84.58,276.66,957.82,295.53,352.24,189.07,1284.9,0.67,225.35,204.25,90.02,47.97,187.91,283.39,18.83,16.31,852.02,1044.86,3.38,93.33,137.3,112.3,4.31,13.3,4.89,101.34,21.49,13.76,26.83,36.86,95.9,40.44,299.96,16.79,69.9,1061.64,275.04],[305.73,0,207.32,11.31,492.75,396.47,1291.28,113.63,66.3,7.36,17.16,70.14,9.89,14.33,19.39,47.83,149.31,7.29,30.49,6.3,25.17,24.05,25.88,25.78,11.12,18.35,91.93,39.26,91.5,95.16,22.51,10.35,53.32,2.96,4.51,36.5,2.45,3.56,7.72,5.66,6.73,1.46,9.21,2.31,8.93,33.97,46.99,17.62,24.95,47.16,340.22,190.69,53.3,94.96,114,55.8,52.38,38.37,90.13,139.73,114.67,175.19,628.58,20.74,141.58,237.8,80.24,86.32,42.28,313.28,3.22,81.9,63.89,30.51,18.94,156.92,145.86,20.45,10.64,351.49,23.8,18.57,48.81,10.23,90.16,3.55,12.37,5.73,12.76,8.07,3.81,7.59,13.65,13.87,2.8,8.78,19.77,148.32,69.4,29.9],[9749.27,207.32,0,215.11,272.3,209.27,53.56,13.39,36.03,18.25,5.39,39.56,28.62,19.36,12.97,27.6,106.88,93.75,257.56,26.18,218.02,262.43,462.55,58.89,38.11,46.53,1094.43,129.9,679.96,859.58,43.33,30.83,151.67,9.69,13.59,112.27,8.34,29.43,27.8,83.53,17.93,4.35,20.77,18.93,155.5,91.15,262.22,62,72.76,246.57,1058.98,998.47,335.46,478.03,382.67,201.13,140.77,147.28,206.32,597.06,375.07,627.69,3470.1,54.71,215.59,972.36,271.04,538.74,116.12,1042.57,9.3,617.48,332.1,297.38,144.19,804.98,1049.51,96.02,54.57,2274.83,953.07,21.59,376.49,279.4,567.44,11.02,60.6,11.08,38.08,70.88,34.33,21.81,38.02,48.14,77.04,26,17.26,192.58,21.17,347.92],[357.07,11.31,215.11,0,17.33,18.48,9.21,10.82,18.5,14.14,4.97,18.21,6.84,11.23,8.24,7.42,116.18,21.34,47.93,10.22,64.15,58.2,99.97,14.33,11.05,15.04,235.99,30.27,165.17,195.57,27.63,16.62,81.37,4.91,7.53,53.75,3.82,9.61,13.62,19.04,10.39,2.07,5.24,7.09,41.05,15.02,59.11,5.72,3.47,57.15,26.1,216.02,75.92,98.42,69.93,45.51,30.28,33.25,39.67,87.22,13.8,40.3,609.84,2.38,11.71,99.79,22.98,103.32,3.24,65.38,9.56,199.79,145.28,83.74,41.38,254.97,268.34,37.88,14.9,497.15,4.57,5.23,99.76,19.07,120.23,4.04,22.68,5.48,11.16,22,22.09,20.38,11.57,17.84,3.41,4.48,2.02,8.72,3.94,7.38],[118.98,492.75,272.3,17.33,0,766.5,10.77,5.15,10.02,10.66,8.61,21.17,6.52,9.9,7.32,11.51,104.98,7.97,37.29,17.77,26.8,12.39,15.04,15.79,11.17,19.85,61.6,22.45,98.42,61.37,70.17,39.82,199.41,11.08,17.54,120.63,7.93,7.24,25.85,5.4,25.27,4.35,6.34,4.16,5.92,4.5,17.35,1.72,0.59,16.42,7.36,62.43,21.8,28.21,19.55,13.09,8.63,9.55,11.23,25.1,3.97,11.52,176.49,0.4,3.11,28.48,7.58,29.14,0.31,18.7,12.81,83.83,60.59,37.52,21.52,297.85,108.62,54.32,13.57,398.08,10.78,11.42,59.78,39.65,90.8,8.99,21.72,8.42,5.6,12.47,16.79,34.37,6.15,25.76,4.01,1.5,3.4,15.75,7.02,3.41],[34.43,396.47,209.27,18.48,766.5,0,4.39,13.14,17.19,18.48,2.5,12.41,25.16,12.32,17.15,67.5,76.79,16.02,36.22,22.99,44.61,14.6,26.75,3.64,13.69,19.81,45.63,6.36,92.55,62.45,73.35,44.15,189.61,13.97,20.72,118.15,9.52,24.51,35.07,14.21,25.5,5.02,2.29,11.09,13.68,4.54,14.06,1.42,0.52,13.05,5.82,49.13,17.16,22.22,15.43,10.39,6.89,7.64,9.08,19.83,3.15,9.11,142.91,0.41,2.94,22.5,5.53,23.06,0.45,18.69,14.1,78.2,58.83,63.72,40.34,286.65,223.26,75.52,11.2,357.42,11.08,11.64,98.53,48.99,77.92,4.93,53.7,11.59,11.92,27.43,28.75,36.19,12.87,35.29,6.66,2.58,1.7,7.03,8.57,4.21],[192.7,1291.28,53.56,9.21,10.77,4.39,0,206.18,102.99,64.26,18.43,17.8,2.46,1.86,8.33,3.83,171.04,8.84,21.66,8.16,27.59,27.5,46.79,10.53,5.88,7.84,138,20.03,80.15,94.19,15.25,9.99,46.91,3.04,4.43,31.8,2.39,6.01,7.85,9.71,5.77,1.27,3.99,3.55,19.87,18.53,40.82,5.38,6.04,38.93,16.6,142.69,47.09,64.79,60.43,36.97,29.2,26.28,44.3,56.83,7.78,23.32,372.1,4.94,37.32,60.72,25.91,63.54,8.58,64.07,2.89,67.56,67.03,34.57,18.16,122.3,150.26,18.74,7.32,285.62,75.84,44.17,110.07,8.97,77.83,1.39,10.1,2.54,7.14,8.92,16.46,6.73,6.37,7.9,4.1,2.67,13.53,147.22,11.91,8.63],[95.2,113.63,13.39,10.82,5.15,13.14,206.18,0,1081.39,5.96,278.82,421.02,15.64,19.75,3.59,1.55,128.91,47.87,15.55,12.17,21.69,29,54.01,11.72,4.06,4.91,145.51,21.63,73.95,102.18,12.45,1.64,9.15,0.52,0.63,9.96,0.7,4.88,1.81,9.06,4.94,0.69,4.18,2.86,28.46,6.64,27.44,2.84,0.91,25.25,11.45,97.59,33.68,43.46,30.25,20.35,13.23,14.71,17.27,38.99,6.17,17.84,272.25,0.57,4.57,44.31,13.89,45.07,0.37,27.28,0.34,65.51,31.84,28.65,78.96,83.05,107.89,8.4,6.46,222.15,3.49,0.56,40.62,1.6,49.72,1.26,4.24,4.09,3.75,7.65,10.81,1.78,4.24,8.56,2.33,21.82,34.19,224.03,3.38,2.8],[73.66,66.3,36.03,18.5,10.02,17.19,102.99,1081.39,0,214.55,2061.74,122.58,93.29,20.08,168.83,1321.25,1006.99,7.39,29.75,393.51,47.71,48.95,49.54,44.21,7.95,11.05,210.42,61.91,128.92,150.08,12.3,7.15,40.99,1.98,3.08,31.37,2.05,2.1,4.7,4.74,4.78,1.3,14.13,2.54,8.23,13.27,31.51,8.04,5.63,29.45,140.09,121.11,38,57.09,45.72,27.26,20.84,19.42,31.44,73.61,49.24,79.17,396.66,4.33,40.08,115.95,35.77,54.05,8.58,124.41,2.51,148.49,67.19,37.82,24.62,374.68,280.52,32.36,42.14,2519.25,15.16,2.18,85.63,86.71,125.2,5.06,43.35,19.22,397.65,12.15,2.63,5.36,4.19,15.85,2.11,5.25,290.92,333.25,1.85,12.02],[13.7,7.36,18.25,14.14,10.66,18.48,64.26,5.96,214.55,0,23.48,27.33,4.64,65,177.88,37.19,69.24,7.17,17.42,83.61,20.65,31.41,49.22,17.52,4.42,5.56,124.25,27.48,80.22,102.07,2.63,3.12,17.73,0.88,0.87,10.82,0.71,6.31,2.21,8.61,1.41,0.56,6.15,2.78,27.48,6.55,22.99,2.61,0.8,20.87,12.73,80.86,28.17,35.9,25.36,17.08,11.06,12.3,14.68,34.1,6.11,17.33,268.42,0.55,4.89,38.77,12.54,44.65,0.5,28.61,0.57,60.62,28.91,26.12,17.51,90.52,99.75,8.73,24.1,372.28,1.85,1.88,38.07,243.1,113.92,8.63,18.07,1.87,1022.73,7.72,0.54,1.26,7.93,2.64,2.67,1.86,202.62,234.64,2.83,5.26],[17.91,17.16,5.39,4.97,8.61,2.5,18.43,278.82,2061.74,23.48,0,61.48,149.13,6.22,145.85,564.66,215.85,3.39,3.74,66.99,69.19,102.39,102.29,7.28,1.28,1.52,103.22,8.06,19.8,80.31,1.59,1.09,3.84,0.4,0.57,3.19,0.31,1.81,1.59,2.46,0.68,0.19,1.03,2.82,22.68,30.93,28.05,27.51,32.41,23.07,583.18,119.66,33.4,69.89,63.5,19.55,17.45,15.83,33.61,165.63,196,287.84,772.8,23.34,105.61,362.41,109.12,90.34,53.95,498.3,0.6,25.02,9.62,24.33,22.09,54.21,315.74,9.16,7.84,364.17,1.68,0.31,98.72,12.93,24.86,4.93,141.05,12.08,87.16,30.57,0.51,0.75,2.02,3.03,0.51,1.66,55.49,48.79,1.06,3.92],[314.54,70.14,39.56,18.21,21.17,12.41,17.8,421.02,122.58,27.33,61.48,0,248.6,49.74,39.97,44.83,312.78,153.67,30.59,20.28,63.53,83.46,138.85,21.29,8.83,10.12,369.61,42.08,166.01,250.05,0,2.77,24.07,1.01,0.48,12.09,0.86,5.68,2.63,22.94,9.9,2.41,7.76,5.53,60.2,24.03,52.1,16.54,11.92,46.86,323.37,198.75,64.11,96.65,70.64,38.11,26.78,28.18,39.78,141.18,112.4,176.31,782.04,10.19,57.07,248.13,73.19,100.49,21.66,294.38,0,151.14,80.04,68.55,33.65,209.66,309.28,18.27,16.38,581.18,18,0.68,103.3,2.99,120.34,4.19,29.24,2.16,141.73,22.12,2.03,0.91,11.99,36.23,0.84,17.61,12.22,63.96,30.53,25.81],[30.18,9.89,28.62,6.84,6.52,25.16,2.46,15.64,93.29,4.64,149.13,248.6,0,11.02,121.49,10.69,605.15,73.1,18.48,11.25,17.21,26.3,15.46,32.52,4.21,5.35,136.35,40.6,70.25,99.32,0,0.23,4.67,0,0,6.44,0.38,0.56,0.31,2.67,0.21,0.36,10.95,1,11.11,9.23,23.45,3.08,3.71,21.02,10.4,78.28,27.38,35.52,28.23,16.98,11.55,12.53,16.21,32.05,5.04,15.09,235.81,2.69,7.57,38.68,11.88,40.74,5.26,41.43,0.42,68.61,36.86,21.14,12.34,99.46,108.71,7.27,8.36,477.2,0.19,0.5,36.09,0.85,69.39,2.45,1.57,3.55,10.8,4.22,5.41,0,4,2.38,0.37,3.22,7.49,3.79,0.12,26.69],[117.54,14.33,19.36,11.23,9.9,12.32,1.86,19.75,20.08,65,6.22,49.74,11.02,0,526.94,623.7,218.06,6.43,19.84,1634.97,17.98,30.86,44.13,22.38,3.92,4.8,103.58,32.68,74.85,102.78,0,3.62,21.25,0.97,0,6.01,0.37,1.64,0.86,7.3,0.61,0.95,7.98,4.82,13.27,2.74,9.6,1.61,0.31,9.57,5.34,42.46,13.74,16.53,12.03,8.86,4.98,6.08,6.81,17.54,2.59,9,173.37,0.22,1.93,18.85,11.61,29.85,0.15,12.84,0,54.16,24.93,21.53,10.76,73.35,89.89,6.5,6.05,199.26,195.83,0.26,64.54,0.36,47.5,4.37,3.48,1.36,3.68,6.71,4.65,0,5.05,13.83,7.5,4.08,2.56,9.57,0.15,8],[76.45,19.39,12.97,8.24,7.32,17.15,8.33,3.59,168.83,177.88,145.85,39.97,121.49,526.94,0,458.84,394.4,3.36,21.36,388.11,20.01,24.53,20.32,46.28,5.66,7.4,136.5,55.87,89.72,110.78,0.48,4.88,27.73,1.27,0.26,10.11,0.6,0.69,0.56,3,0.52,0.57,15.28,1.14,4.06,4.18,1.78,1.39,0.22,1.33,1.58,2.83,2.19,1.61,1.84,1.24,0.88,1.07,1.63,4.4,0.45,3.79,116.98,0.34,2.12,4.37,9.89,19.46,0.75,17.46,0.5,72.54,35.47,38.54,13.01,149.46,87.95,8.22,112.69,359.17,23.32,0.47,38.21,6.08,65.78,3.47,7.65,12.21,38.35,13.28,0.86,0.28,2.6,4.25,2.19,1.84,8.21,8.54,0.2,14.53],[19.27,47.83,27.6,7.42,11.51,67.5,3.83,1.55,1321.25,37.19,564.66,44.83,10.69,623.7,458.84,0,2870.36,11.62,43.8,818.79,80.7,75.66,64.37,36.1,6.3,9.33,592.72,39.42,65.95,118.12,0.21,55.35,271.74,15.7,0.19,6.45,0.42,1.91,0.39,2.63,0.7,0.48,10.46,0.62,6.78,32.13,41.63,21.43,2.19,37.94,501.4,176.97,49.33,90.2,52.62,36.35,29.02,26.69,44.77,167.65,171.95,252.08,790.73,3.18,103.2,311.21,87.67,62.42,6.8,394.52,0.85,83.56,39.26,35.89,28.19,259.32,237.27,17.11,17.69,1072.78,128.85,14.79,77.42,8.71,138.01,5.02,96.13,12.12,156.11,97.08,120.31,0.14,52.04,1.56,0.38,2.1,45.81,4.79,0.21,5.51],[388.57,149.31,106.88,116.18,104.98,76.79,171.04,128.91,1006.99,69.24,215.85,312.78,605.15,218.06,394.4,2870.36,0,150.79,87.36,7556.16,431.63,382.44,498.54,52.44,18.77,20.82,988.12,78.84,392.93,623.48,21.52,3.72,27.63,1.4,2.02,32.17,2.53,24.77,12.61,52.67,5.56,1.83,12.58,11.49,124.58,114.65,157.03,94.39,53.94,134.56,2027.8,642.23,191.3,334.62,209.88,108.63,80.07,83.94,124.71,659.83,691.48,1028.53,3412.45,40.6,328.96,1304.64,382.92,359.56,95.05,1659.41,0.17,377.95,240.48,186.35,97.53,592.84,1523.98,53.84,55.82,2712.01,1226.71,32.34,608.5,456.97,814.49,13.79,258.03,19.44,93.19,80.94,0,0,35.31,20.1,3.13,239.92,51.1,132.06,2.96,63.9],[26.59,7.29,93.75,21.34,7.97,16.02,8.84,47.87,7.39,7.17,3.39,153.67,73.1,6.43,3.36,11.62,150.79,0,1933.97,31.79,12.47,374.72,92.13,25.9,4.88,8.21,56.63,19.13,51.05,55.8,26.93,15.53,80.61,4.25,6.7,49.6,3.17,1.93,9.17,2.03,9.25,1.71,6.33,1.42,2.53,0.55,0.24,0.77,0,0,4.43,0.75,1.47,0.33,1.02,0.48,0,0.21,0.31,4.59,1.24,5.35,126.48,0,0.62,4.27,5.02,22.35,0,4.96,4.99,59.92,71.1,20.81,13.43,174.51,69.99,26.8,11.13,371.14,12.32,5.98,44.26,61.79,89.46,7.98,9.43,9.13,3.73,8.52,11.07,25.92,5.59,21.26,2.5,3.24,2.86,3.91,12.29,9.05],[45.8,30.49,257.56,47.93,37.29,36.22,21.66,15.55,29.75,17.42,3.74,30.59,18.48,19.84,21.36,43.8,87.36,1933.97,0,30.38,100.07,289.39,160.79,20.97,13.11,16.88,316.36,30.19,137.03,206.98,49.25,32.25,130.38,10.82,15.01,84.38,7.32,21.16,24.63,19.82,16.06,3.63,6.89,11.85,45.45,37.59,11.78,34.88,1.92,8.2,875.3,88.3,19.16,59.56,7.83,5.8,5.77,6.56,11.02,219.63,295.04,424.77,1226.96,3.07,122.39,477.68,134.29,89.04,10.87,648.12,9.74,145.25,193.6,91.08,58.89,356.88,477.29,72.28,22.85,757.78,188.48,10.5,182.28,49.33,175.16,5.87,81.74,44.52,22.76,51.99,24.5,51.09,32.2,142.48,13.71,15.28,3.44,22.59,29.8,27.12],[7.29,6.3,26.18,10.22,17.77,22.99,8.16,12.17,393.51,83.61,66.99,20.28,11.25,1634.97,388.11,818.79,7556.16,31.79,30.38,0,283.03,103.96,118.84,21.94,4.32,5.2,532.07,33.15,88.02,164.61,21.01,4.49,23.76,1.16,0.15,6.97,0.44,2.06,1.15,9.1,0.27,0.35,7.08,2.74,29.52,32.3,52.4,23.16,2.72,45.52,515.67,208.55,63,103.67,51.83,35.85,24.64,27.44,34.26,182.91,177.93,265.61,942.52,2.87,77.91,340.43,91.38,88.25,7.27,419.13,1.01,136.36,65.45,60.75,42.81,314.29,523.78,18.85,20.92,1205.84,1291.63,19.08,170.02,52.94,146.24,50.63,194.64,44.98,102.98,28.61,0,1.17,16.29,51.93,0.33,4.44,81.63,44.52,2.08,11.87],[59.64,25.17,218.02,64.15,26.8,44.61,27.59,21.69,47.71,20.65,69.19,63.53,17.21,17.98,20.01,80.7,431.63,12.47,100.07,283.03,0,108.03,100.18,48.19,32.5,44.94,463.23,66.13,251.08,248.52,37.32,30.09,178.92,8.71,11.8,82.13,5.56,11.65,20.97,6.94,21.66,4.05,12.65,6.41,15.94,35.99,10.73,28.94,1.93,7.38,697.91,67.71,14.26,47.36,5.83,4.7,5.41,5.98,10.47,173.07,233.58,335.34,925.14,3.13,101.77,381.32,107.13,60.49,10.26,546.1,36.91,276.23,451.53,759.03,49.75,911.75,873.55,54.26,28.91,1187.08,275.91,49.02,114.17,76.2,153.69,15.29,64.8,40.66,57.19,26.18,29.08,46.46,16.64,48.77,11.24,11.54,23.82,14.12,64.02,24.5],[77.25,24.05,262.43,58.2,12.39,14.6,27.5,29,48.95,31.41,102.39,83.46,26.3,30.86,24.53,75.66,382.44,374.72,289.39,103.96,108.03,0,130.14,91.01,38.54,54.82,92.19,36.69,109.9,64.3,61.39,33.1,165.64,9.17,14.54,98.67,6.44,5.83,20.84,3.13,18.79,3.15,3.13,3.49,8.57,2.46,1.73,2.6,0,1.65,59.03,11.82,2.65,6.55,4.84,3.25,2.77,2.02,4.99,17.27,19.66,28.79,104.71,0.49,15.03,32.08,10.3,9.76,0.46,38.52,32.75,76.19,74.05,70.49,37.3,361.66,153.2,75.53,17.67,457.13,16.55,19.96,96.61,78.51,143.77,24.14,45.52,33.34,27.41,27.65,37.83,79.58,15.05,74.13,12.31,6.87,26.92,9.77,49.62,21.78],[130.21,25.88,462.55,99.97,15.04,26.75,46.79,54.01,49.54,49.22,102.29,138.85,15.46,44.13,20.32,64.37,498.54,92.13,160.79,118.84,100.18,130.14,0,2778.17,175.78,235.72,577.32,215.5,91.85,44.81,126.27,34.18,173.07,9.37,13.75,112,7.77,4.99,106.77,33.38,14.19,2.34,9.25,2.72,6.75,0.28,0.12,1,0,0,18.58,1.93,0.9,1.13,0.48,0.23,0,0.1,0.15,5.95,6.06,10.15,76.41,0,2.29,10.65,3.66,10.92,0,11.86,15.8,108.33,124.99,73.79,25.67,512.69,114.82,91.04,21.79,641.57,26.52,27.42,104.41,104.68,201.91,23.19,30.93,42.16,21.11,22.91,57.67,128.67,8.85,99.01,11.93,4.63,27.87,7.29,76.58,35.37],[18.06,25.78,58.89,14.33,15.79,3.64,10.53,11.72,44.21,17.52,7.28,21.29,32.52,22.38,46.28,36.1,52.44,25.9,20.97,21.94,48.19,91.01,2778.17,0,16.83,20.46,651.32,36.64,28.22,39.77,35.19,3.39,9.57,1.36,1.84,8.25,1.01,11.36,34.88,17.18,1.45,0.37,2.46,2.38,5.71,27.21,7.12,23.86,1.33,4.84,545.51,53.06,9.6,35.92,3.22,2.82,3.49,3.81,6.66,130.28,181.73,255.93,633.52,2.08,77.29,294.41,80.01,29.86,7.16,405.1,1.92,28.6,28.46,51.9,52.91,77.16,175.01,31.67,2.44,43.06,4.9,3,83.11,25.15,29.11,3.41,80.95,11.12,35.8,46.21,10.77,11.77,30.99,45.95,19.07,13.48,3.58,14.69,23.34,9.03],[43.98,11.12,38.11,11.05,11.17,13.69,5.88,4.06,7.95,4.42,1.28,8.83,4.21,3.92,5.66,6.3,18.77,4.88,13.11,4.32,32.5,38.54,175.78,16.83,0,1937.64,810.31,36.89,55.25,18.16,197.23,8.17,68.88,1.72,1.08,9.45,0.7,0.92,9.79,55.48,0.88,0.21,6.62,1.46,3.86,13.28,3.58,11.89,0.66,2.41,264.16,25.81,4.92,17.38,1.78,1.49,1.74,1.92,3.35,63.58,87.48,123.87,328.88,1.03,37.6,142.94,38.82,18.82,3.51,197.23,3.35,32.91,129.45,32.41,11.04,52.67,45.74,8,3.17,113.92,45.75,1.54,28.33,7.08,39.59,0.91,9.51,2.5,5.58,9.03,4.62,7.76,5.94,10.14,2.56,3.82,1.04,6.2,6.3,6.97],[48.98,18.35,46.53,15.04,19.85,19.81,7.84,4.91,11.05,5.56,1.52,10.12,5.35,4.8,7.4,9.33,20.82,8.21,16.88,5.2,44.94,54.82,235.72,20.46,1937.64,0,919.14,45.93,81.32,30.75,423.26,13.33,127.31,2.46,1.31,10.69,0.83,1.27,12.2,71.41,0.97,0.24,7.43,1.76,4.64,17.29,4.74,15.9,0.85,3.16,351.42,34.54,7.07,23.14,2.79,2.18,2.32,2.6,4.53,85.94,116.23,166.02,482.56,1.33,49.98,190.73,52.13,33.34,4.58,261.54,3.73,44.12,224.95,53.82,17.78,65.6,73.64,10.5,3.44,119.09,83.19,1.69,41.01,8.34,44.65,1.01,12.93,3.29,8.81,14.17,5.34,8.39,9.78,13.56,3.23,6.73,1.49,11.14,7.59,11.32],[305.45,91.93,1094.43,235.99,61.6,45.63,138,145.51,210.42,124.25,103.22,369.61,136.35,103.58,136.5,592.72,988.12,56.63,316.36,532.07,463.23,92.19,577.32,651.32,810.31,919.14,0,1152.07,288.95,54.04,132.91,82.75,393.15,23.97,34.35,218.53,15.36,31.62,54.45,29.3,48.84,8.62,5.17,10.97,26.79,12.53,3.48,13.04,0.63,2.33,290.17,28.28,5.51,18.93,1.95,1.54,1.69,1.9,3.3,70.63,96.47,137.44,375.07,0.99,40.52,157.37,46.3,23.96,3.55,211.74,30,185.13,341.12,413.28,276.75,938.45,946.05,266.34,40.22,1379.64,50.86,70.85,305.53,294.46,395.73,30.13,160.18,84.02,150.31,113.24,131.11,292.65,145.76,234.79,53.34,25.02,26.17,32.1,184.21,81.55],[38.56,39.26,129.9,30.27,22.45,6.36,20.03,21.63,61.91,27.48,8.06,42.08,40.6,32.68,55.87,39.42,78.84,19.13,30.19,33.15,66.13,36.69,215.5,36.64,36.89,45.93,1152.07,0,149.09,21.34,11.9,8.64,25.76,3.33,4.28,17.03,2.05,17.32,11.44,5.69,4.9,1.26,0.35,2.71,6.58,11.49,3.18,10.59,0.58,2.17,250.65,24.28,4.48,16.5,1.51,1.29,1.56,1.72,3,60.33,83.54,118.26,293.57,0.93,35.38,135.58,36.88,15.07,3.24,185.88,3.46,39.34,53.31,58.17,56.9,130.61,189.97,48.21,4.48,97.72,4.62,5.84,120.16,43.34,54.34,4.11,93.82,15.59,37.85,57.3,21.17,26.77,34.47,70.25,27.38,14.86,3.68,17.58,40.85,16.09],[180.47,91.5,679.96,165.17,98.42,92.55,80.15,73.95,128.92,80.22,19.8,166.01,70.25,74.85,89.72,65.95,392.93,51.05,137.03,88.02,251.08,109.9,91.85,28.22,55.25,81.32,288.95,149.09,0,92.14,343.84,46.26,201.91,14.58,24.28,143.87,11.45,47.18,118.08,30.51,61.26,10.12,9.22,16.18,41.58,28.32,58.24,20.16,2.6,48.18,392.12,216.41,66.24,101.67,56.06,38.9,25.63,28.85,35.17,158.82,134.91,205.55,860.92,2.29,60.09,279.33,69.73,91.3,5.26,321.12,14.46,164.04,182.97,158.01,109.58,519.85,1168.33,116.9,29.55,1348.67,102.07,26.56,292.39,123.67,344.95,14.42,144.22,39.64,74.01,110.99,75.14,153.22,69.83,165.34,45.77,38.72,10.61,56.85,120.31,77.23],[237.71,95.16,859.58,195.57,61.37,62.45,94.19,102.18,150.08,102.07,80.31,250.05,99.32,102.78,110.78,118.12,623.48,55.8,206.98,164.61,248.52,64.3,44.81,39.77,18.16,30.75,54.04,21.34,92.14,0,704.77,60.76,329.18,16.87,26.48,171.61,11.98,18.41,76.36,16.73,54.98,9.78,9.53,13.1,33.02,16.67,6.06,4.7,18.84,3.87,8.37,2.24,3.49,4.82,26.21,4.45,5.56,3.97,13.78,7.53,0.63,7.43,154.48,13.63,22.36,21.53,12.18,43.97,29.86,92.28,794.4,143.58,182.89,192.68,108.4,548.38,741.73,97.01,32.63,997.93,90.88,34.58,229.67,147.13,295.98,33.1,150.66,67.17,89.8,95.74,84.68,174.11,58.76,192.22,48.85,31.25,24.77,42.05,158.19,72.45],[4.46,22.51,43.33,27.63,70.17,73.35,15.25,12.45,12.3,2.63,1.59,0,0,0,0.48,0.21,21.52,26.93,49.25,21.01,37.32,61.39,126.27,35.19,197.23,423.26,132.91,11.9,343.84,704.77,0,145.97,657.14,23.44,1.24,22.65,3.42,2.07,2.38,10.89,0.25,0.16,1.81,7.01,19.25,10.21,43.77,5.17,1.5,35.41,16.87,145.75,47.63,60.64,43.19,29.94,18.35,20.93,24.64,56.95,8.94,25.67,389.27,0.79,6.45,63.5,18.84,64.18,0.56,40.41,184.14,104.74,76.45,46.62,43.45,110.92,153.04,8.89,8.3,400.32,74.28,0.61,94.25,15.93,139.55,0.72,8.84,3.47,16.43,24.92,0,0,18.79,10.09,0.61,17.07,3.16,33.13,1.22,28.79],[10.73,10.35,30.83,16.62,39.82,44.15,9.99,1.64,7.15,3.12,1.09,2.77,0.23,3.62,4.88,55.35,3.72,15.53,32.25,4.49,30.09,33.1,34.18,3.39,8.17,13.33,82.75,8.64,46.26,60.76,145.97,0,20854.08,1460.07,54.45,606.8,52.75,169.54,12.94,56.23,139.72,103.25,35.46,399.74,304.8,12.3,37.79,16.42,7.58,29.66,296.2,146.63,42.64,66.94,44.32,25.62,16.5,17.99,24.33,111.91,98.74,149.64,559.4,5.6,45.53,206.95,55.6,66.59,12.16,219.37,0.28,76.87,52.01,32.76,24.68,85.63,121.8,7.37,8.66,514.5,261.76,5.29,90.12,22.22,132.9,0.53,5.82,0.99,15.05,15.36,0.39,2.09,11.14,6.96,0.13,9.57,3.53,18.85,1.31,16.41],[43.26,53.32,151.67,81.37,199.41,189.61,46.91,9.15,40.99,17.73,3.84,24.07,4.67,21.25,27.73,271.74,27.63,80.61,130.38,23.76,178.92,165.64,173.07,9.57,68.88,127.31,393.15,25.76,201.91,329.18,657.14,20854.08,0,10851.37,419.22,2025.95,206.42,1564.11,88.7,287.78,594.86,251.21,81,1151.2,910.47,161.91,229.18,167.37,208.9,173.43,2845.64,875.98,248.19,445.28,467.85,158.1,124.45,114.16,232.88,894.19,918.16,1376.83,4296.05,160.91,543.68,1906.85,570.24,608.76,347.88,2522.13,3.64,333.2,182.44,163.62,124.99,347.27,608.01,47.22,18.89,894.02,534.23,11.54,415.49,42.64,371.65,1.46,35.61,6.12,77.64,81.61,3.8,7.7,58.46,44.2,2.89,49.21,16.13,96.65,10.05,82.6],[3.58,2.96,9.69,4.91,11.08,13.97,3.04,0.52,1.98,0.88,0.4,1.01,0,0.97,1.27,15.7,1.4,4.25,10.82,1.16,8.71,9.17,9.37,1.36,1.72,2.46,23.97,3.33,14.58,16.87,23.44,1460.07,10851.37,0,18.54,281.54,21.93,29.4,3.59,15.37,44.85,43.4,15.45,145.29,105.75,2.52,9.72,2.33,0.84,7.6,35.92,34.39,10.56,14.87,9.93,6.49,4.02,4.53,5.58,19.63,12.38,20.16,110.87,0.57,5.74,31.11,7.55,15.01,1.11,29.1,0,24.51,18.92,9.29,6.78,28.97,34.63,2.17,3.78,236.41,113.75,2.33,26.52,8.91,53.68,0.22,1.58,0.28,4.13,4.2,0.14,0.92,3.04,1.88,0,2.62,1.04,5.18,0.4,4.6],[1.95,4.51,13.59,7.53,17.54,20.72,4.43,0.63,3.08,0.87,0.57,0.48,0,0,0.26,0.19,2.02,6.7,15.01,0.15,11.8,14.54,13.75,1.84,1.08,1.31,34.35,4.28,24.28,26.48,1.24,54.45,419.22,18.54,0,4431.76,317.73,48.3,16.55,104.27,2.81,2.07,63.95,31.12,24.98,6.35,23.06,4.52,2.61,17.81,58.89,77.47,24.31,33.23,23.96,15.18,9.51,10.66,13.38,40.06,20.67,35.63,241.11,1.82,10.92,59.66,14.07,35.17,3.51,55.82,0,41.77,28.94,16.65,11.18,47.35,57.42,3.53,4.27,195.67,35.57,6.38,31.93,2,66.64,0.36,2.76,0.43,4.52,7.39,0.21,0.85,5.25,3.18,0,4.5,0.91,8.77,0.61,8.82],[22.2,36.5,112.27,53.75,120.63,118.15,31.8,9.96,31.37,10.82,3.19,12.09,6.44,6.01,10.11,6.45,32.17,49.6,84.38,6.97,82.13,98.67,112,8.25,9.45,10.69,218.53,17.03,143.87,171.61,22.65,606.8,2025.95,281.54,4431.76,0,3516.03,2829.49,123.57,720.22,18.05,10.11,224.74,267.1,224.59,296.78,249.87,294.17,430.01,180.02,4932.14,984.13,261.78,562.46,754.67,174.88,165.59,130.45,359.57,1355,1570.01,2315.45,6282.35,334.11,989.8,3157.99,982.43,919.97,718.85,4510.24,1.05,241.87,140.12,116.16,83.14,277.63,408.58,29.76,15.05,608.56,327.73,22.16,214.43,20.99,264.91,2.17,31.66,7.51,35.3,58.03,5.68,10.56,40.06,32.5,4.05,32.4,6.55,76.03,12.09,62.05],[1.81,2.45,8.34,3.82,7.93,9.52,2.39,0.7,2.05,0.71,0.31,0.86,0.38,0.37,0.6,0.42,2.53,3.17,7.32,0.44,5.56,6.44,7.77,1.01,0.7,0.83,15.36,2.05,11.45,11.98,3.42,52.75,206.42,21.93,317.73,3516.03,0,207.79,8.06,46.38,1.6,0.83,30.67,81.58,57.69,17.48,14.98,16.67,25.13,10.83,275.48,57.44,15.56,32.64,44.48,10.46,9.83,7.8,21.23,76.7,87.69,129.76,360.97,19.53,56.32,178.17,55.62,54.01,41.93,256.39,0,19.35,14.06,7.83,5.45,24.27,27.45,2.08,2.13,97.78,10.34,3.2,15.53,1.34,32.78,0.24,2.01,0.52,2.26,3.71,0.41,0.97,2.55,2.08,0.24,2.08,0.49,4.84,0.88,4],[6.78,3.56,29.43,9.61,7.24,24.51,6.01,4.88,2.1,6.31,1.81,5.68,0.56,1.64,0.69,1.91,24.77,1.93,21.16,2.06,11.65,5.83,4.99,11.36,0.92,1.27,31.62,17.32,47.18,18.41,2.07,169.54,1564.11,29.4,48.3,2829.49,207.79,0,4.33,11.03,11.09,11.5,22.56,127.24,93.99,2.09,9.1,0.89,0.29,7.05,3.34,28.94,9.43,12.02,8.51,5.93,3.64,4.17,4.87,11.35,1.77,5.08,78.98,0.15,1.25,12.5,2.47,12.55,0,7.97,0.43,45.79,31.65,8.86,6.02,91.88,30.21,6.81,5.62,235.9,9.73,1.32,27.31,4.76,70.77,2.02,1.75,1.05,1.71,3.4,2.14,5.02,2.17,4.51,0.42,1.52,1.62,3.09,3.15,5.05],[4.34,7.72,27.8,13.62,25.85,35.07,7.85,1.81,4.7,2.21,1.59,2.63,0.31,0.86,0.56,0.39,12.61,9.17,24.63,1.15,20.97,20.84,106.77,34.88,9.79,12.2,54.45,11.44,118.08,76.36,2.38,12.94,88.7,3.59,16.55,123.57,8.06,4.33,0,751.81,1294.4,1223.63,1506.68,159.96,119.85,7.46,27.08,3.02,1.99,20.89,16.25,84.18,27.74,35.83,26.22,17.39,10.96,12.42,14.96,34.6,7.2,17.81,243.22,1.25,5.66,40.73,8.27,38.46,2.05,32.45,0.32,73.61,42.64,27.35,21.2,99.83,94.24,8.31,7.25,323.68,572.05,0.98,56.13,2.7,87.76,1.59,4.87,1.25,7.69,12.94,3.19,2.55,9.8,7.07,0.22,7.96,2.11,14.28,2,13.42],[23.09,5.66,83.53,19.04,5.4,14.21,9.71,9.06,4.74,8.61,2.46,22.94,2.67,7.3,3,2.63,52.67,2.03,19.82,9.1,6.94,3.13,33.38,17.18,55.48,71.41,29.3,5.69,30.51,16.73,10.89,56.23,287.78,15.37,104.27,720.22,46.38,11.03,751.81,0,1609.45,1612.35,588.63,760.42,559.8,3.5,11.47,3.13,1.76,8.88,36.99,38.31,12.1,17,12.47,7.48,4.85,5.34,6.93,21.45,12.81,21.16,129.06,1.3,6.92,33.77,9.42,17.93,2.52,33.37,2.7,39.44,31.7,10.01,7.01,120.89,30.27,16.11,6.79,246.5,4.5,4.98,28.44,17.78,70.68,3.84,5.55,4.17,2.43,4.96,11.71,21.74,2.36,16.41,1.92,1.47,1.48,2.58,12.69,7.53],[2.18,6.73,17.93,10.39,25.27,25.5,5.77,4.94,4.78,1.41,0.68,9.9,0.21,0.61,0.52,0.7,5.56,9.25,16.06,0.27,21.66,18.79,14.19,1.45,0.88,0.97,48.84,4.9,61.26,54.98,0.25,139.72,594.86,44.85,2.81,18.05,1.6,11.09,1294.4,1609.45,0,2609.64,720.59,667.49,697.13,22.23,56.1,17.12,16.86,43,231.77,185.75,58.45,84.62,70.7,36.45,24.77,26.24,37.93,114.89,78.26,126.28,676.67,12.73,46.37,196.49,53.5,97.87,26.11,221.89,0,57.29,27.85,27.27,21.65,65.06,98.65,6.38,3.81,154.29,1.13,0.33,46.77,0.9,50.8,0.46,4.98,0.77,7.58,12.9,0.25,0.5,9.29,5.38,0.16,7.41,1.36,13.85,0.86,11.71],[0.82,1.46,4.35,2.07,4.35,5.02,1.27,0.69,1.3,0.56,0.19,2.41,0.36,0.95,0.57,0.48,1.83,1.71,3.63,0.35,4.05,3.15,2.34,0.37,0.21,0.24,8.62,1.26,10.12,9.78,0.16,103.25,251.21,43.4,2.07,10.11,0.83,11.5,1223.63,1612.35,2609.64,0,1172.1,448.53,368.81,22.97,15.59,20.94,31.48,10.96,347.99,61.16,16.03,36.61,52.7,10.83,10.96,8.24,24.88,92.16,111.24,162.55,439.26,24.54,70.44,219.55,69.23,62.88,52.34,318.04,0,11.74,6.83,5.14,3.93,15.11,19.01,1.63,1.13,50.15,0.17,0.14,9.65,0.62,13.96,0.15,1.61,0.26,1.67,2.6,0.24,0.33,1.76,1.51,0.26,1.3,0.33,2.43,0.5,2.09],[6.22,9.21,20.77,5.24,6.34,2.29,3.99,4.18,14.13,6.15,1.03,7.76,10.95,7.98,15.28,10.46,12.58,6.33,6.89,7.08,12.65,3.13,9.25,2.46,6.62,7.43,5.17,0.35,9.22,9.53,1.81,35.46,81,15.45,63.95,224.74,30.67,22.56,1506.68,588.63,720.59,1172.1,0,721.47,537.18,29.04,20.05,26.45,39.49,14.11,439.12,78.4,20.6,46.66,66.49,13.89,13.93,10.55,31.44,116.68,140.39,205.16,557.4,30.79,88.7,277.26,87.25,79.5,65.63,400.66,0.64,12.06,9.35,16.95,18.2,29.79,53.06,11.16,0.87,21.12,0.75,1.02,30.23,8.9,11.11,0.99,25.95,3.48,10.56,15.38,5.83,3.73,9.77,16.04,6.13,4.39,0.84,5.3,8.05,3.72],[6.01,2.31,18.93,7.09,4.16,11.09,3.55,2.86,2.54,2.78,2.82,5.53,1,4.82,1.14,0.62,11.49,1.42,11.85,2.74,6.41,3.49,2.72,2.38,1.46,1.76,10.97,2.71,16.18,13.1,7.01,399.74,1151.2,145.29,31.12,267.1,81.58,127.24,159.96,760.42,667.49,448.53,721.47,0,3559.13,1.74,5.37,1.56,0.54,3.59,18.32,15.83,4.88,6.99,4.62,2.96,1.89,2.15,2.63,9.33,6.29,9.88,59.24,0.35,2.99,15.06,3.53,6.92,0.68,14.7,1.62,20.64,17.59,8.35,5.33,55.24,24.52,10.72,2.95,101.71,0.97,1.21,10.05,4.65,30.61,6.04,1.14,1.63,1.81,1.02,1.99,12.26,1.62,10.64,1.37,3.23,3.12,2.18,3.1,4.17],[49.56,8.93,155.5,41.05,5.92,13.68,19.87,28.46,8.23,27.48,22.68,60.2,11.11,13.27,4.06,6.78,124.58,2.53,45.45,29.52,15.94,8.57,6.75,5.71,3.86,4.64,26.79,6.58,41.58,33.02,19.25,304.8,910.47,105.75,24.98,224.59,57.69,93.99,119.85,559.8,697.13,368.81,537.18,3559.13,0,7.11,5.75,5.98,3.95,3.75,72.17,19.65,5.25,9.97,8.29,3.19,2.51,2.46,4.47,20.87,23.52,33.6,115.36,2.9,12.71,45.06,12.79,11.87,6.03,58.56,4.47,53.5,55.55,29,16.38,148.23,60.35,29.42,9.65,275.13,9.79,11.57,31.86,46.98,87.28,53.44,5.78,12.04,5.83,5.21,20.78,98.99,4.29,29.34,5.6,7.37,9.7,3.16,32.53,14.32],[79.86,33.97,91.15,15.02,4.5,4.54,18.53,6.64,13.27,6.55,30.93,24.03,9.23,2.74,4.18,32.13,114.65,0.55,37.59,32.3,35.99,2.46,0.28,27.21,13.28,17.29,12.53,11.49,28.32,16.67,10.21,12.3,161.91,2.52,6.35,296.78,17.48,2.09,7.46,3.5,22.23,22.97,29.04,1.74,7.11,0,0,0,0,0,0,0,0,0,0,0,0,0,0,0,0,0,0,0,0,0,0,0,0,0,16.73,5.32,36.8,23.52,11.75,37.39,64.92,10.52,79.85,458.95,150.79,61.63,44.48,65.69,107.29,42.48,12.36,6.44,34.65,5.94,7.31,14.52,4.2,15.58,7.5,17.62,16.19,26.94,23.19,8.05],[119.1,46.99,262.22,59.11,17.35,14.06,40.82,27.44,31.51,22.99,28.05,52.1,23.45,9.6,1.78,41.63,157.03,0.24,11.78,52.4,10.73,1.73,0.12,7.12,3.58,4.74,3.48,3.18,58.24,6.06,43.77,37.79,229.18,9.72,23.06,249.87,14.98,9.1,27.08,11.47,56.1,15.59,20.05,5.37,5.75,0,0,0,0,0,0,0,0,0,0,0,0,0,0,0,0,0,0,0,0,0,0,0,0,0,18.06,1.66,11.15,7.64,4.35,94.75,78.62,25.4,62.37,435.76,117.88,51.98,46.08,66.43,94.4,33.69,23.73,4.06,33.89,16.02,26.71,57.83,17.06,65.25,28.21,26.95,6.92,28.6,76.82,33.91],[67.54,17.62,62,5.72,1.72,1.42,5.38,2.84,8.04,2.61,27.51,16.54,3.08,1.61,1.39,21.43,94.39,0.77,34.88,23.16,28.94,2.6,1,23.86,11.89,15.9,13.04,10.59,20.16,4.7,5.17,16.42,167.37,2.33,4.52,294.17,16.67,0.89,3.02,3.13,17.12,20.94,26.45,1.56,5.98,0,0,0,0,0,0,0,0,0,0,0,0,0,0,0,0,0,0,0,0,0,0,0,0,0,5.03,0.83,27.61,19.7,13.96,13.96,59.49,4.25,76.72,422.95,142.62,62.06,43.68,64.56,107.2,42.32,10.55,6.07,6.15,4.38,2.77,5.51,1.91,6.18,3.08,1.77,12.64,1.37,8.26,3.64],[111.34,24.95,72.76,3.47,0.59,0.52,6.04,0.91,5.63,0.8,32.41,11.92,3.71,0.31,0.22,2.19,53.94,0,1.92,2.72,1.93,0,0,1.33,0.66,0.85,0.63,0.58,2.6,18.84,1.5,7.58,208.9,0.84,2.61,430.01,25.13,0.29,1.99,1.76,16.86,31.48,39.49,0.54,3.95,0,0,0,0,0,0,0,0,0,0,0,0,0,0,0,0,0,0,0,0,0,0,0,0,0,16.73,0.27,2.03,18.87,13.93,32.9,91.2,9.97,140.9,770.17,266.96,107.29,73.71,110.59,188.04,76.44,14.45,0.38,0.65,0.63,2.84,4.15,1.14,2.44,2.6,0.56,0.83,0.35,9.37,1.28],[106.77,47.16,246.57,57.15,16.42,13.05,38.93,25.25,29.45,20.87,23.07,46.86,21.02,9.57,1.33,37.94,134.56,0,8.2,45.52,7.38,1.65,0,4.84,2.41,3.16,2.33,2.17,48.18,3.87,35.41,29.66,173.43,7.6,17.81,180.02,10.83,7.05,20.89,8.88,43,10.96,14.11,3.59,3.75,0,0,0,0,0,0,0,0,0,0,0,0,0,0,0,0,0,0,0,0,0,0,0,0,0,14.02,1.07,7.7,5.28,2.71,81.08,64.93,21.65,48.16,348.4,92.18,41.26,37.82,54.44,76.21,26.89,20.89,3.18,41.29,14.53,24.84,54.48,15.73,59.86,26.37,30.27,6.06,35.52,72.63,32.02],[1371.72,340.22,1058.98,26.1,7.36,5.82,16.6,11.45,140.09,12.73,583.18,323.37,10.4,5.34,1.58,501.4,2027.8,4.43,875.3,515.67,697.91,59.03,18.58,545.51,264.16,351.42,290.17,250.65,392.12,8.37,16.87,296.2,2845.64,35.92,58.89,4932.14,275.48,3.34,16.25,36.99,231.77,347.99,439.12,18.32,72.17,0,0,0,0,0,0,0,0,0,0,0,0,0,0,0,0,0,0,0,0,0,0,0,0,0,11.46,1.65,671.9,439.71,300.28,48.98,1088.41,13.43,1456.45,7995.39,2754.26,1244.21,873.91,1295.54,2179.44,869.31,195.41,142.45,127.17,84.12,12.2,25.99,7.47,27.63,12.66,6.09,340.45,3.21,36.03,14.56],[475.38,190.69,998.47,216.02,62.43,49.13,142.69,97.59,121.11,80.86,119.66,198.75,78.28,42.46,2.83,176.97,642.23,0.75,88.3,208.55,67.71,11.82,1.93,53.06,25.81,34.54,28.28,24.28,216.41,2.24,145.75,146.63,875.98,34.39,77.47,984.13,57.44,28.94,84.18,38.31,185.75,61.16,78.4,15.83,19.65,0,0,0,0,0,0,0,0,0,0,0,0,0,0,0,0,0,0,0,0,0,0,0,0,0,45.32,0.52,64.76,41.93,28.55,310.31,314.9,83.45,255.8,1735.94,484.2,223.85,192.85,278.58,406.02,146.97,93.01,21.45,154.5,62.77,96.77,213.32,61.68,235.11,101.67,109.5,42.92,122.73,279.44,123.24],[149.66,53.3,335.46,75.92,21.8,17.16,47.09,33.68,38,28.17,33.4,64.11,27.38,13.74,2.19,49.33,191.3,1.47,19.16,63,14.26,2.65,0.9,9.6,4.92,7.07,5.51,4.48,66.24,3.49,47.63,42.64,248.19,10.56,24.31,261.78,15.56,9.43,27.74,12.1,58.45,16.03,20.6,4.88,5.25,0,0,0,0,0,0,0,0,0,0,0,0,0,0,0,0,0,0,0,0,0,0,0,0,0,16.66,1.83,13.64,10.18,6.55,106.52,90.78,28.31,70.18,498.73,134.25,61.24,55.02,79.37,112.75,40.16,28.8,6.24,34.12,19.89,33.25,73.22,21.1,80.29,35.18,28.73,8.89,27,97.04,42.76],[255.95,94.96,478.03,98.42,28.21,22.22,64.79,43.46,57.09,35.9,69.89,96.65,35.52,16.53,1.61,90.2,334.62,0.33,59.56,103.67,47.36,6.55,1.13,35.92,17.38,23.14,18.93,16.5,101.67,4.82,60.64,66.94,445.28,14.87,33.23,562.46,32.64,12.02,35.83,17,84.62,36.61,46.66,6.99,9.97,0,0,0,0,0,0,0,0,0,0,0,0,0,0,0,0,0,0,0,0,0,0,0,0,0,22.26,0.93,45.98,31.37,20.73,137.87,169.36,37.01,158.99,1015.94,302.76,137.04,111.46,162.41,247.11,92.58,46.2,12.79,72.08,29.22,42.74,93.98,27.12,103.14,45.39,48.84,27.52,54.56,124.58,55.22],[273.29,114,382.67,69.93,19.55,15.43,60.43,30.25,45.72,25.36,63.5,70.64,28.23,12.03,1.84,52.62,209.88,1.02,7.83,51.83,5.83,4.84,0.48,3.22,1.78,2.79,1.95,1.51,56.06,26.21,43.19,44.32,467.85,9.93,23.96,754.67,44.48,8.51,26.22,12.47,70.7,52.7,66.49,4.62,8.29,0,0,0,0,0,0,0,0,0,0,0,0,0,0,0,0,0,0,0,0,0,0,0,0,0,34.58,1.51,5.55,33.63,19.59,137.61,200.74,39.12,241.22,1421.76,460.13,190.01,142.05,210.33,338.9,133.23,44.54,3.98,104.14,17.62,32.77,69.25,19.83,72.71,33.95,62.77,9.13,89.51,95.59,38.63],[91.84,55.8,201.13,45.51,13.09,10.39,36.97,20.35,27.26,17.08,19.55,38.11,16.98,8.86,1.24,36.35,108.63,0.48,5.8,35.85,4.7,3.25,0.23,2.82,1.49,2.18,1.54,1.29,38.9,4.45,29.94,25.62,158.1,6.49,15.18,174.88,10.46,5.93,17.39,7.48,36.45,10.83,13.89,2.96,3.19,0,0,0,0,0,0,0,0,0,0,0,0,0,0,0,0,0,0,0,0,0,0,0,0,0,12.18,0.98,4.63,5.37,2.99,69.02,63.22,19.2,47.94,332.24,91.24,40.11,35.46,51.12,73.37,26.42,18.69,2.67,70.45,12.02,20.47,44.79,12.9,48.95,21.46,42.35,6.47,59.97,59.6,25.75],[75.06,52.38,140.77,30.28,8.63,6.89,29.2,13.23,20.84,11.06,17.45,26.78,11.55,4.98,0.88,29.02,80.07,0,5.77,24.64,5.41,2.77,0,3.49,1.74,2.32,1.69,1.56,25.63,5.56,18.35,16.5,124.45,4.02,9.51,165.59,9.83,3.64,10.96,4.85,24.77,10.96,13.93,1.89,2.51,0,0,0,0,0,0,0,0,0,0,0,0,0,0,0,0,0,0,0,0,0,0,0,0,0,9.99,0.8,5.56,6.96,3.82,47.52,53.83,13.39,49.52,314.85,94.47,40.16,32.62,47.58,72.51,27.38,14.17,1.94,71.01,8,13.36,28.94,8.33,31.38,14.11,40.21,6.83,61.74,39.23,16.82],[69.01,38.37,147.28,33.25,9.55,7.64,26.28,14.71,19.42,12.3,15.83,28.18,12.53,6.08,1.07,26.69,83.94,0.21,6.56,27.44,5.98,2.02,0.1,3.81,1.92,2.6,1.9,1.72,28.85,3.97,20.93,17.99,114.16,4.53,10.66,130.45,7.8,4.17,12.42,5.34,26.24,8.24,10.55,2.15,2.46,0,0,0,0,0,0,0,0,0,0,0,0,0,0,0,0,0,0,0,0,0,0,0,0,0,9.41,0.97,6.15,4.87,2.77,49.44,45.8,13.59,36.61,250.15,70.01,30.61,26.64,38.52,55.96,20.37,13.47,2.25,45.37,8.73,14.63,31.93,9.22,34.98,15.47,27.86,5.46,38.57,43.17,18.62],[137.18,90.13,206.32,39.67,11.23,9.08,44.3,17.27,31.44,14.68,33.61,39.78,16.21,6.81,1.63,44.77,124.71,0.31,11.02,34.26,10.47,4.99,0.15,6.66,3.35,4.53,3.3,3,35.17,13.78,24.64,24.33,232.88,5.58,13.38,359.57,21.23,4.87,14.96,6.93,37.93,24.88,31.44,2.63,4.47,0,0,0,0,0,0,0,0,0,0,0,0,0,0,0,0,0,0,0,0,0,0,0,0,0,18.47,1.66,10.72,17.9,9.82,73.41,104.89,21.36,113.31,678.55,216.33,89.9,68.49,100.87,160.71,62.69,24.06,3.23,121.88,10.94,18.31,38.88,11.15,41.34,19.05,66.56,12.04,105.31,53.69,21.94],[467.49,139.73,597.06,87.22,25.1,19.83,56.83,38.99,73.61,34.1,165.63,141.18,32.05,17.54,4.4,167.65,659.83,4.59,219.63,182.91,173.07,17.27,5.95,130.28,63.58,85.94,70.63,60.33,158.82,7.53,56.95,111.91,894.19,19.63,40.06,1355,76.7,11.35,34.6,21.45,114.89,92.16,116.68,9.33,20.87,0,0,0,0,0,0,0,0,0,0,0,0,0,0,0,0,0,0,0,0,0,0,0,0,0,21.22,4.36,166.23,110.92,75.7,128.22,341.72,34.52,399.98,2320.93,758.73,343.39,254.58,374.97,608.44,237.6,75.18,40.4,82.34,40.51,38.74,84.94,24.55,93.32,40.82,39.63,87.49,43.31,113.94,49.31],[462.99,114.67,375.07,13.8,3.97,3.15,7.78,6.17,49.24,6.11,196,112.4,5.04,2.59,0.45,171.95,691.48,1.24,295.04,177.93,233.58,19.66,6.06,181.73,87.48,116.23,96.47,83.54,134.91,0.63,8.94,98.74,918.16,12.38,20.67,1570.01,87.69,1.77,7.2,12.81,78.26,111.24,140.39,6.29,23.52,0,0,0,0,0,0,0,0,0,0,0,0,0,0,0,0,0,0,0,0,0,0,0,0,0,3.15,0.4,224.91,143.78,98.82,19.72,354.82,5.17,468.44,2589.06,890.15,404.42,285.81,423.53,711.28,283.59,65.48,47.93,41.89,29.65,6.11,13.44,3.88,14.77,6.44,2.52,115.69,0.16,17.79,7.81],[708.06,175.19,627.69,40.3,11.52,9.11,23.32,17.84,79.17,17.33,287.84,176.31,15.09,9,3.79,252.08,1028.53,5.35,424.77,265.61,335.34,28.79,10.15,255.93,123.87,166.02,137.44,118.26,205.55,7.43,25.67,149.64,1376.83,20.16,35.63,2315.45,129.76,5.08,17.81,21.16,126.28,162.55,205.16,9.88,33.6,0,0,0,0,0,0,0,0,0,0,0,0,0,0,0,0,0,0,0,0,0,0,0,0,0,11.91,4.27,322.46,211.64,145.49,62.61,535.7,16.68,701.2,3902.72,1332.73,602.97,428.98,635.5,1062.6,422.8,101.99,71.89,62.85,46.96,18.06,39.34,11.32,42.74,18.96,7.26,165.42,1.8,54.1,22.64],[2340.14,628.58,3470.1,609.84,176.49,142.91,372.1,272.25,396.66,268.42,772.8,782.04,235.81,173.37,116.98,790.73,3412.45,126.48,1226.96,942.52,925.14,104.71,76.41,633.52,328.88,482.56,375.07,293.57,860.92,154.48,389.27,559.4,4296.05,110.87,241.11,6282.35,360.97,78.98,243.22,129.06,676.67,439.26,557.4,59.24,115.36,0,0,0,0,0,0,0,0,0,0,0,0,0,0,0,0,0,0,0,0,0,0,0,0,0,178.38,135.56,868.85,609.33,401.79,911.44,1596.66,240.38,1767.35,10661.76,3368.52,1508.16,1151.81,1690.88,2689.79,1037.52,378.8,274.46,314.84,220.06,264.57,574.03,167.81,637.81,282.3,142.64,417.87,114.02,846.37,341.99],[84.58,20.74,54.71,2.38,0.4,0.41,4.94,0.57,4.33,0.55,23.34,10.19,2.69,0.22,0.34,3.18,40.6,0,3.07,2.87,3.13,0.49,0,2.08,1.03,1.33,0.99,0.93,2.29,13.63,0.79,5.6,160.91,0.57,1.82,334.11,19.53,0.15,1.25,1.3,12.73,24.54,30.79,0.35,2.9,0,0,0,0,0,0,0,0,0,0,0,0,0,0,0,0,0,0,0,0,0,0,0,0,0,11.97,0.43,3.3,16.95,10.05,24.8,70.37,7.57,108.24,590.53,204.78,82.26,56.42,84.62,143.91,58.49,11.04,0.55,4.27,0.54,2.06,2.9,0.78,1.52,1.84,2.09,1.56,3.29,6.57,0.84],[276.66,141.58,215.59,11.71,3.11,2.94,37.32,4.57,40.08,4.89,105.61,57.07,7.57,1.93,2.12,103.2,328.96,0.62,122.39,77.91,101.77,15.03,2.29,77.29,37.6,49.98,40.52,35.38,60.09,22.36,6.45,45.53,543.68,5.74,10.92,989.8,56.32,1.25,5.66,6.92,46.37,70.44,88.7,2.99,12.71,0,0,0,0,0,0,0,0,0,0,0,0,0,0,0,0,0,0,0,0,0,0,0,0,0,19.56,2.67,99.25,76.37,50.96,43.06,236.72,14.73,307.18,1691.39,581.83,250.94,176.06,261.34,440.16,176.61,41.56,20.3,183.13,14.14,6.42,11.88,3.33,11.04,6.33,83.02,58.36,141.99,20.35,5.83],[957.82,237.8,972.36,99.79,28.48,22.5,60.72,44.31,115.95,38.77,362.41,248.13,38.68,18.85,4.37,311.21,1304.64,4.27,477.68,340.43,381.32,32.08,10.65,294.41,142.94,190.73,157.37,135.58,279.33,21.53,63.5,206.95,1906.85,31.11,59.66,3157.99,178.17,12.5,40.73,33.77,196.49,219.55,277.26,15.06,45.06,0,0,0,0,0,0,0,0,0,0,0,0,0,0,0,0,0,0,0,0,0,0,0,0,0,36.7,3.46,367.46,255.33,174.09,168.94,731.03,45.78,941.43,5288.38,1780.9,795.26,570.61,844.57,1399.18,553.8,143.92,81.91,69.85,66.5,45.46,97.92,28.47,105.7,47.77,18.48,185.72,2.14,132.72,56.45],[295.53,80.24,271.04,22.98,7.58,5.53,25.91,13.89,35.77,12.54,109.12,73.19,11.88,11.61,9.89,87.67,382.92,5.02,134.29,91.38,107.13,10.3,3.66,80.01,38.82,52.13,46.3,36.88,69.73,12.18,18.84,55.6,570.24,7.55,14.07,982.43,55.62,2.47,8.27,9.42,53.5,69.23,87.25,3.53,12.79,0,0,0,0,0,0,0,0,0,0,0,0,0,0,0,0,0,0,0,0,0,0,0,0,0,13.7,2.17,102.12,81.15,57.91,54.56,237.27,18.76,303.25,1694.16,574.45,252.09,179.95,266.2,444.41,176.92,45.57,27.42,32.63,20.38,11.49,22.33,10.4,27.36,14.55,10.86,53.61,11,30.84,19.19],[352.24,86.32,538.74,103.32,29.14,23.06,63.54,45.07,54.05,44.65,90.34,100.49,40.74,29.85,19.46,62.42,359.56,22.35,89.04,88.25,60.49,9.76,10.92,29.86,18.82,33.34,23.96,15.07,91.3,43.97,64.18,66.59,608.76,15.01,35.17,919.97,54.01,12.55,38.46,17.93,97.87,62.88,79.5,6.92,11.87,0,0,0,0,0,0,0,0,0,0,0,0,0,0,0,0,0,0,0,0,0,0,0,0,0,44.54,22.48,53.51,67.41,48.35,184.13,241,50.16,287.62,1724.19,547.49,230.16,175.22,258.88,411.27,159.84,57.29,29.4,27.8,27.01,47.68,102.25,29.22,108.44,49.59,18.57,23.43,10.57,149.95,57.47],[189.07,42.28,116.12,3.24,0.31,0.45,8.58,0.37,8.58,0.5,53.95,21.66,5.26,0.15,0.75,6.8,95.05,0,10.87,7.27,10.26,0.46,0,7.16,3.51,4.58,3.55,3.24,5.26,29.86,0.56,12.16,347.88,1.11,3.51,718.85,41.93,0,2.05,2.52,26.11,52.34,65.63,0.68,6.03,0,0,0,0,0,0,0,0,0,0,0,0,0,0,0,0,0,0,0,0,0,0,0,0,0,25.99,0.99,10.54,37.94,23.76,51.26,154.33,15.65,240.93,1313.27,457.06,184.21,126.31,189.58,323.28,131.66,24.22,1.83,1.93,1.04,3.69,4.52,1.17,1.27,3.14,0.43,4.55,0.5,12.13,0.71],[1284.9,313.28,1042.57,65.38,18.7,18.69,64.07,27.28,124.41,28.61,498.3,294.38,41.43,12.84,17.46,394.52,1659.41,4.96,648.12,419.13,546.1,38.52,11.86,405.1,197.23,261.54,211.74,185.88,321.12,92.28,40.41,219.37,2522.13,29.1,55.82,4510.24,256.39,7.97,32.45,33.37,221.89,318.04,400.66,14.7,58.56,0,0,0,0,0,0,0,0,0,0,0,0,0,0,0,0,0,0,0,0,0,0,0,0,0,90.24,22.29,538.31,389.17,242.18,207.89,1012.75,59.22,1404.7,7752.46,2659.41,1153.18,810.07,1204.25,2023.5,810.24,181.54,109.52,100.64,70.12,34.87,66.38,18.72,65.42,34.46,15.96,258.16,10.45,108.36,33.92],[0.67,3.22,9.3,9.56,12.81,14.1,2.89,0.34,2.51,0.57,0.6,0,0.42,0,0.5,0.85,0.17,4.99,9.74,1.01,36.91,32.75,15.8,1.92,3.35,3.73,30,3.46,14.46,794.4,184.14,0.28,3.64,0,0,1.05,0,0.43,0.32,2.7,0,0,0.64,1.62,4.47,16.73,18.06,5.03,16.73,14.02,11.46,45.32,16.66,22.26,34.58,12.18,9.99,9.41,18.47,21.22,3.15,11.91,178.38,11.97,19.56,36.7,13.7,44.54,25.99,90.24,0,42.54,14.42,40.33,7.92,121.72,3377.91,18.86,12.07,486.73,0,0.1,37.54,0.23,27.26,0.55,13.32,21.3,3.04,5.46,0.26,0.29,3.22,1.74,0,3.08,0.59,6,0.23,5.31],[225.35,81.9,617.48,199.79,83.83,78.2,67.56,65.51,148.49,60.62,25.02,151.14,68.61,54.16,72.54,83.56,377.95,59.92,145.25,136.36,276.23,76.19,108.33,28.6,32.91,44.12,185.13,39.34,164.04,143.58,104.74,76.87,333.2,24.51,41.77,241.87,19.35,45.79,73.61,39.44,57.29,11.74,12.06,20.64,53.5,5.32,1.66,0.83,0.27,1.07,1.65,0.52,1.83,0.93,1.51,0.98,0.8,0.97,1.66,4.36,0.4,4.27,135.56,0.43,2.67,3.46,2.17,22.48,0.99,22.29,42.54,0,888.34,3010.36,136.96,201.29,337.71,74.72,36.48,478.86,324.47,31.62,185.41,84.47,215.1,15.78,91.17,85.32,73.55,70.86,56.91,122.38,48.54,117.54,36.78,30.73,10.66,46.58,103.69,65.33],[204.25,63.89,332.1,145.28,60.59,58.83,67.03,31.84,67.19,28.91,9.62,80.04,36.86,24.93,35.47,39.26,240.48,71.1,193.6,65.45,451.53,74.05,124.99,28.46,129.45,224.95,341.12,53.31,182.97,182.89,76.45,52.01,182.44,18.92,28.94,140.12,14.06,31.65,42.64,31.7,27.85,6.83,9.35,17.59,55.55,36.8,11.15,27.61,2.03,7.7,671.9,64.76,13.64,45.98,5.55,4.63,5.56,6.15,10.72,166.23,224.91,322.46,868.85,3.3,99.25,367.46,102.12,53.51,10.54,538.31,14.42,888.34,0,5147.58,144.61,1110.38,1999.37,90.61,18.52,808.06,337.46,69.65,170.44,63.9,141.21,6.28,75.89,24.25,33.27,47.15,74.93,65.54,30.24,76.15,34.55,19.94,5.41,30.36,52.18,41.02],[90.02,30.51,297.38,83.74,37.52,63.72,34.57,28.65,37.82,26.12,24.33,68.55,21.14