{"data":[[0,888.06,365.75,521.44,4026.71,104.95,208.46,127.27,461.74,491.73,180.74,92.59,42.47,467.8,106.2,226.5,511.25,305.4,217.34,45.33,180.29,176.28,37.72,236.71,161.64,182.82,35,435.73,38.39,111.4,80.66,49.52,777.32,44.64,48.33,205.14,149.01,37.47,109.17,222.8,62.87,186.59,242.03,1625.5,36.85,75.58,424.18,139.69,283,47.25,182,71.79,1167.9,86.82,243.12,329,62.75,94.31,274.32,36.53,165.27,493.16,142.6,26.66,129.25,79.07,474.56,26.85,82.26,52.19,74.66,88.96,43.27,258.27,37.35,5.88,362.98,111.28,61.15,489.34,252.61,24.72,59.44,43.2,57.38,40.26,117.79,71.19,86.38,337.84,322.26,574.25,102.35,83.72,234.41,159.8,250.24,242.58,559.53,943.67],[888.06,0,251.52,223.61,490.4,34.08,28.14,36.14,72.15,125.9,51.87,36.22,17.64,164.14,20.71,43.26,198.06,55.35,108.31,27.12,57,23.33,12.12,57.65,23.25,31.24,29.88,215.7,14.08,46.99,16.18,23.39,70.56,25.65,20.87,57.9,209.05,9.76,46.55,26.95,9.26,36.92,53.67,366.9,8,15.35,14.53,29.8,25.25,6.38,22.53,11.48,121.64,9.99,25.24,37.28,7.81,10.94,37.73,5.6,23.05,53.85,15.02,3.55,14.55,6.68,93.58,4.66,13.86,8.54,8.48,15.78,7.05,46.68,21.86,19.18,197.87,27.54,6.49,20.31,88.59,8.88,21.95,27.17,25.08,93.8,18.17,12.55,22.38,54.3,19.58,76.81,15.02,22.86,88.5,63.41,65.57,41.08,252.56,242.2],[365.75,251.52,0,147.39,439.77,33.98,30.54,49.85,102.78,106.1,74.46,58.94,51.97,404.71,54.16,118.64,182.05,104.45,121.47,50.59,85.55,35.52,18.59,56.78,19.24,51.4,31.61,277.03,18.31,60.15,20.39,31.78,101.33,31.41,28.64,102.41,154.55,16.51,47.69,63.83,14.87,38.82,85.19,491.65,11.5,19.82,13.04,49.49,31.56,17.56,68.44,33.19,382.5,29.53,77.71,109.36,21.39,30.51,111.83,15.06,64.58,165.97,43.92,9.64,43.65,20.47,216.39,12.75,34.42,19.65,22.65,40.11,16.67,110.84,18.98,15.96,209.61,38.84,10.69,16.47,74.48,6.54,24.36,37.09,33.12,90.31,22.59,19.64,27.33,48.44,28.56,83.21,13.07,19.26,73.12,52.89,49.57,34.6,117.75,82.31],[521.44,223.61,147.39,0,581.32,27.87,26.55,32.23,65.5,102.61,43,35.57,12.66,77.02,12.72,27.6,83.79,27.09,49.85,11.41,31.55,14.35,6.76,27.62,9.51,18.24,16.73,109.19,9.71,25.55,8.68,12.23,42.52,14.6,13.8,33.92,99.98,6.47,22.53,20.51,7.56,14.41,34.63,214.15,4.58,9.13,7.79,29.43,14.18,10.38,34.92,16.37,189.03,14.13,45.49,68.4,10.43,16.23,71.21,8.96,33.31,106.04,25.17,4.71,24.41,12.11,103.23,5.16,16.4,10.58,11.74,25.16,9.13,48.83,10.8,5.71,111.56,14.69,3.89,7.83,38.5,4.01,11.82,17.79,11.38,41.51,11.78,8.41,11.04,29.32,14.29,45.58,6.53,12.91,36.38,30.18,32.74,18.49,51.71,43.95],[4026.71,490.4,439.77,581.32,0,719.2,287.79,664.19,1667.2,1413.08,375.74,377.41,277.7,466.23,887.1,1755.48,502.52,576.48,505.19,99.19,491.52,85.01,82.2,267.42,442.02,427.9,162.78,2152,85.93,292.27,322.86,189.92,1024.01,170.69,151.51,396.64,572.06,234.35,225.42,357.41,170.95,539.52,661.87,2767.01,211.38,471.25,89.69,174.81,701.4,274.83,871.9,378.19,4821.89,341.45,1273.48,1934.86,246.78,414.41,1965.25,229.7,802.54,3036.95,689.91,109.31,654.22,354.55,2045.02,93.5,341.49,234.05,284.83,629.55,206.57,910.96,96.43,37.42,1682.1,247.83,167.07,139.54,1143.28,133.91,471.65,161.11,163.72,96.83,160.06,125.01,126.14,140.92,406.43,1444.68,152.63,683.82,903.87,475.09,342.28,343.33,1019.01,659.11],[104.95,34.08,33.98,27.87,719.2,0,89.03,635.13,132.41,306.43,45.51,48.55,24.79,24.08,11.46,29.25,33.08,17.76,37.63,8.5,38.16,4.03,2.86,9.69,16.02,12.43,10.63,88.97,6.85,15.04,18.17,9.17,44.02,4.99,11.53,20.91,20.31,7.49,5.33,34.28,4.09,4.87,11.62,51.83,11.19,23.99,2.94,4.09,19.42,12.32,38.2,18.5,202.12,15.64,51.31,79.75,12.32,19.12,81.37,10.66,38.85,117.73,29.06,5.57,27.63,13.8,142.14,5.68,19.68,12.41,12.55,27.97,10.45,62.26,0.84,2.44,33.29,19.53,7.47,9.12,65.2,6.02,37.8,26.08,18.82,14.77,15.09,14.64,9.65,2.76,10.59,89.35,7.19,14.81,58.82,37.84,73.75,13.25,25.33,34.23],[208.46,28.14,30.54,26.55,287.79,89.03,0,268.31,262.18,341.88,56.42,39.34,28.26,22.34,19.69,55.49,11.37,35.72,61.34,28.05,96.02,4.62,3.5,17.34,23.45,13.32,15.97,125.39,10.91,27.54,12.82,8.95,51.18,17.53,17.63,15.37,12.62,131.07,10.52,23.05,6.92,3.35,13.76,63.83,17.51,29.08,3.01,8.78,42.51,17.33,46.98,25.04,206.82,14.57,69.36,117.1,11.04,19.94,138.39,15.73,47.45,183.69,34.76,5.43,35.88,14.56,137.33,5.05,19.49,12.86,11.26,44.72,11.86,48.75,1.13,1.26,110.3,11.36,22.9,17.68,12.1,25.13,9.57,0.98,14.14,17.25,9.79,11.79,2.72,11.69,10.56,23.53,18.9,8.63,69.33,55.44,20.71,70.71,31.96,5.13],[127.27,36.14,49.85,32.23,664.19,635.13,268.31,0,250.64,300.33,112.81,36.97,53.9,32.96,35.73,87.27,31.06,73.71,71.86,13.35,55.74,26.41,72.44,57.37,57.32,55.9,14.91,181.92,7.29,103.57,24.05,35.99,69.19,16.23,35.2,19.47,41.36,11.56,68.19,45.47,24.84,43.19,102.4,517.72,15.42,29.65,8.05,102.21,38.46,23,72.25,37.63,367.55,28.91,92.98,145.61,23.03,34.86,155.66,20.55,75.97,214.73,51.84,10.68,51.23,22.88,285.67,12.16,39.11,23.25,22.14,54.22,19.7,123.06,7.77,4.16,222.45,25.54,11.53,7.18,180.17,12.98,17.47,18.42,13.41,14.15,20.84,27.69,15.01,49.19,17.66,31.91,19.95,19.33,60.41,97.04,112.03,41.48,33.15,71.35],[461.74,72.15,102.78,65.5,1667.2,132.41,262.18,250.64,0,1330.17,73.62,32.27,363.87,37.69,24.48,57.8,161.15,78.36,33.91,25.04,80.51,24.87,9.94,14.59,35.47,10.29,37.84,354.36,13.39,30.14,49.8,23.44,77.08,37.56,16.21,124.75,39.45,15.95,30.01,93.35,19.73,85.42,51.4,250.76,30.28,64.24,12.56,31.93,65.69,102.8,258.22,141.61,1038.99,68.89,406.93,711.75,51.34,103.75,867.65,94.67,261.22,1130.77,195.21,26.52,205.86,78.29,668.37,21.27,95.9,67.15,54.11,275.21,64.55,204.04,12.7,30.02,194.67,33.22,20.98,25.49,195.32,10.9,10.16,18.57,19.26,19.57,34.84,47.95,10.46,28.09,310.54,336.16,37.23,17.01,141.55,68.51,36.27,67.15,177.24,99.55],[491.73,125.9,106.1,102.61,1413.08,306.43,341.88,300.33,1330.17,0,76.68,109.53,223.36,85.78,39.42,93.83,169.3,139.14,81.63,32.24,121.26,82.57,23.43,30.93,46.78,27.63,53.5,395.88,38.49,59.48,53.22,26.26,174.91,46.97,35.33,174.32,56.24,24.24,56.61,91.11,22.04,105.01,86.88,425.22,52.85,100.5,20.71,83.13,158.81,53.69,178.34,77.63,1051.31,77.22,259.28,378.22,58.59,92.02,349.47,43.3,172.63,563.23,145.46,25.39,135.74,76.98,507.12,23.21,77.12,44.55,56.39,101.09,37.64,224.63,23.58,36.77,412.95,53.42,11.22,22.73,173.81,22.72,37.2,36.11,26.26,33.54,44.1,32.86,21.17,39.01,48.38,418.18,34.76,22.19,126.58,121.44,86.86,52.02,88.9,129.24],[180.74,51.87,74.46,43,375.74,45.51,56.42,112.81,73.62,76.68,0,279.78,450.45,80.3,49.94,112.29,17.99,53.27,28.01,12.36,49,17.86,13.08,24.67,20.52,24.35,8.44,89.07,13.89,40.62,11.75,18.4,71.92,11.89,13.97,63.26,13.74,7.19,11.94,18.52,28.08,34.13,26.61,127.38,9.4,14.54,3.6,55.67,19.42,10.31,44.11,19.96,271.1,20.98,50.61,66.04,15.27,21.23,57,8.25,41.35,95.12,29.77,6.64,28.44,15.22,141.32,8.36,21.86,11.15,14.54,17.86,9.09,73.87,8.42,5.06,58.06,10.33,14.09,9.58,38.6,30.24,49.15,55.55,6.81,10.6,12.79,12.42,10.51,20.92,15.57,65.26,13.14,7.38,40.26,19.24,23.07,12.95,20.72,40.99],[92.59,36.22,58.94,35.57,377.41,48.55,39.34,36.97,32.27,109.53,279.78,0,446.67,104.78,15.92,42.58,6.29,101.72,55.09,12.67,57.76,14.07,14.74,15.08,21.58,13.99,15.85,126.72,18.66,17.05,21.72,6.85,114.58,6.87,8.06,39.24,13.83,5.63,23.9,26.51,1.69,1.87,29.69,155.43,18.22,27.47,1,13.35,15.42,12.03,43.8,20.84,236.58,17.9,51.74,75.81,12.88,19.29,80.28,10.31,40.42,114.43,28.74,5.79,28.29,13.46,136.04,6.87,19.89,11.25,12.61,25.68,9.65,64.75,7.17,1.32,36.23,9.14,3.7,30.86,16.86,13.61,5.16,5.13,9.63,11.09,4.12,4.24,14.23,8.63,12.23,28.11,11.36,6.1,28.54,12.81,8.14,6.63,33.68,17.12],[42.47,17.64,51.97,12.66,277.7,24.79,28.26,53.9,363.87,223.36,450.45,446.67,0,26.55,132.77,289.3,17.21,93.56,31.71,9.77,72.59,25.1,3.82,28.84,37.39,44.9,10.21,99.58,9.67,19.08,8.63,11.38,55.31,10.27,9.16,53.1,54.63,29.09,25.88,9.21,31.18,76.39,38.8,181.46,12.93,30.04,1.91,5.21,56.43,12.88,47.15,22.24,252.44,19.19,53.93,79.22,13.68,20.43,85.05,11.02,42.6,120.33,30.21,6.14,29.58,14.05,148.01,7.39,21.6,12.82,14.11,28.5,10.97,71.98,43.6,2.43,160.47,37.51,18.96,15.73,153.64,8.1,65.28,15.98,9.48,14.69,10.17,8.8,14.1,30.73,12.3,25.29,24.31,10.9,45.14,26.63,13.56,2.9,33.52,30.79],[467.8,164.14,404.71,77.02,466.23,24.08,22.34,32.96,37.69,85.78,80.3,104.78,26.55,0,147.41,296.11,46.61,195.41,249.89,141.09,100.15,49.2,71.18,52.42,48.04,34.3,18.88,409.96,27.74,123.46,36.48,29.34,125.97,17.88,10.01,86.83,21.37,25.7,39.44,24.13,6.04,53.53,37.05,185.74,47.15,65.86,15.54,53.6,60.99,17.8,78.88,33.45,488.6,37.33,86.52,112.22,25.73,36.22,98.46,14.13,68.38,165.56,51.18,11.13,48.04,26.4,225.42,14.04,37.57,22.14,29.82,34.31,18.27,130.92,34.66,13.39,171.73,40.45,10.27,2.92,164.07,12.8,44.58,31.35,65.03,286.85,29.84,30.1,55.55,60.35,8.37,45.78,9.6,10.91,118.97,122.61,59.31,67.02,117.2,131.81],[106.2,20.71,54.16,12.72,887.1,11.46,19.69,35.73,24.48,39.42,49.94,15.92,132.77,147.41,0,735.59,158.41,200.19,125,39.13,96.99,27.41,17.03,42.55,64.79,36.81,14.69,189.35,9.94,80.19,17.04,17.94,57.04,16.56,14.53,23.13,55.2,4.18,7.42,26.56,22.93,103.56,24.07,114.21,16.74,22.08,2.98,14.92,9.08,11.8,42.79,22.05,213.46,17.61,41.67,62.82,13.03,18.11,71.38,10.29,39.89,92.42,24.53,5.95,24.3,10.03,171.74,8.41,24.18,14.93,13.95,29.05,12.43,87.95,23.67,6.36,92.86,21.45,17.06,4.74,110.81,38.33,16.79,20,9.61,28.75,17.04,14.03,10.41,21.64,15.14,100.12,13.52,24.46,55.88,32.03,22.94,9.6,22.39,42.45],[226.5,43.26,118.64,27.6,1755.48,29.25,55.49,87.27,57.8,93.83,112.29,42.58,289.3,296.11,735.59,0,319,426,306.01,85.38,314.07,77.57,51.85,133.65,150.64,103.7,37.88,529.43,27.49,210.08,50.84,47.56,140.7,43.08,35.16,57.71,150.58,11.18,18.57,54.35,45.12,202.03,55.49,264.47,50.73,63.08,6.64,35.26,23.88,24.78,97.31,46.13,538.54,44.48,93.22,131.27,32.35,44.05,127.4,20.33,88.11,180.29,58.06,14.27,54.25,26.36,398.97,19.18,55.34,33.8,35.08,51.9,27.23,214.68,63.25,16.31,204.37,55.21,45.82,10.36,299.99,96.28,40.33,55.68,20.87,72.31,51.62,38.95,23.22,48.92,31.77,239.43,34.68,54.76,138.47,96.93,56.06,24.83,51.32,82.68],[511.25,198.06,182.05,83.79,502.52,33.08,11.37,31.06,161.15,169.3,17.99,6.29,17.21,46.61,158.41,319,0,778.17,328.59,782.74,112.02,39.19,27.35,76.16,87.28,107.22,87.09,388.79,33.55,62.49,33.49,34.28,163.78,11.12,20.73,105.33,98.54,25.87,28.61,17.48,35.59,2.27,21.42,103.7,6.9,7.85,16.69,12.73,36.92,10.63,58.44,23.64,384.78,29.14,58.5,67.84,18.83,25.29,52.23,7.97,46.86,98.18,34.74,7.99,32.77,18.38,144.22,11.23,26,13.99,21.85,16.32,11.38,96.41,7.18,9,219.34,18.39,24.51,3.65,103.48,14.47,8.11,41.52,48.4,41.76,22.32,13.97,26.95,17.03,8.84,37.57,6.41,9.01,44.4,80.3,96.51,17.4,106.61,28.79],[305.4,55.35,104.45,27.09,576.48,17.76,35.72,73.71,78.36,139.14,53.27,101.72,93.56,195.41,200.19,426,778.17,0,304.45,305.52,518.24,159.71,91.02,162.8,228.82,163.4,48.15,560.12,34.2,83.27,65.36,34.95,99.04,25.17,23.88,140.46,115.39,120.16,23.19,28.92,10.71,33.48,81.23,429.44,11.91,17.99,17.87,39.06,44.46,20.94,96.62,47.29,547.73,43.92,88.13,114.13,30.42,39.61,114.39,17.45,84.88,164.54,52.06,13.49,52.21,23.04,327.66,21.14,50.76,27.33,31.79,43.4,22.45,188.46,67.03,9.57,130.95,86.82,12.77,65.6,531.09,101.5,36.62,62.23,116.96,52.28,93.86,71.22,52.29,41.08,25.73,38.26,19.51,18.15,112.26,76.42,87.91,23.87,117.88,42.06],[217.34,108.31,121.47,49.85,505.19,37.63,61.34,71.86,33.91,81.63,28.01,55.09,31.71,249.89,125,306.01,328.59,304.45,0,272.37,320.89,63.18,96.4,113.6,406.9,255.48,65.14,472.87,41.81,60.64,47.03,40.11,366.57,67.17,36.79,179.7,171.4,20.36,46.6,109.18,14.87,70.11,55.85,317.98,33.08,64.84,17.48,61.83,52.79,19.29,87.96,39.56,506,38.82,84.49,111.02,25.38,34.88,114.74,15.93,71.55,170.3,48.58,11.14,47.8,22.75,242.69,16.44,40.49,24.14,30.05,42.39,20.31,148.03,18.35,12.21,255.86,31.29,19.48,65.85,78.61,184.99,78.31,107.94,698.81,243.35,108.21,71.53,75.9,48.26,78.34,118.96,57.86,31.26,168.28,84.95,83.58,29.44,76.38,172.32],[45.33,27.12,50.59,11.41,99.19,8.5,28.05,13.35,25.04,32.24,12.36,12.67,9.77,141.09,39.13,85.38,782.74,305.52,272.37,0,90.34,16.78,41.83,41.54,83.38,87.75,34.28,563.39,12.44,37.66,37.04,14.13,13.57,8.91,39.97,27.12,45.71,21.08,10.67,20.89,0.64,29.42,15.79,78.23,2.81,5.17,8.95,24.36,5.25,7.62,34.82,16.36,201.08,16.19,31.34,40.51,11.04,14.45,38.78,6.14,29.62,57.06,18.96,4.83,18.38,8.62,119.25,7.38,18.37,10.52,12.2,15.33,8.53,71.86,34,15.25,131.14,15.53,39.96,26.91,42.07,18.88,32.53,64.13,50.89,17.18,18.46,15.15,15.02,10.13,3.68,25.49,7.12,15.79,166.39,13.57,23.13,32.29,23.37,3.75],[180.29,57,85.55,31.55,491.52,38.16,96.02,55.74,80.51,121.26,49,57.76,72.59,100.15,96.99,314.07,112.02,518.24,320.89,90.34,0,419.24,368.35,593.62,323.9,471.17,54.6,779.62,59.61,94.6,80.13,32.91,194.36,34.99,40.15,167.79,956.81,23.74,26.27,50.93,33.48,72.47,56.68,289.49,25.61,40.51,7.56,69.95,69.95,38.19,180.47,84.66,1024.45,79.78,165.01,213.39,53.05,70.9,218.65,31.35,149.73,313.06,95.38,23.39,95.32,43.4,557.36,35.12,83.25,42.99,51.96,72.01,35.53,311.46,18.62,7.91,191.58,43.79,12.91,35.63,126.37,80.1,29.79,192.31,157.76,72.41,84.42,58.07,39.23,65.4,32.86,66.29,34.28,17.5,108.53,123.68,77.45,57.27,49.29,37.1],[176.28,23.33,35.52,14.35,85.01,4.03,4.62,26.41,24.87,82.57,17.86,14.07,25.1,49.2,27.41,77.57,39.19,159.71,63.18,16.78,419.24,0,180.32,97.87,75.32,52.78,30.65,297.88,21.92,55.37,93.58,66.2,79.45,31,27.01,47.16,17.46,13.67,13.01,17.44,4.75,20.54,26.05,132.81,33.07,44.74,4.17,31.51,37.63,12.91,59.89,28.3,329.39,26.73,47.88,62.62,18.02,23.36,61.63,10.17,48.32,83.48,29.48,7.83,28.51,12.76,230.24,11.99,29.47,15.61,16.88,21.67,12.33,127.2,16.88,5.89,58.23,14.99,8.07,7.2,42.21,20.24,44.09,27.38,31.32,36.76,8.1,6.45,16.06,17.27,12.11,34.07,6.59,11.86,39.4,29.66,22.61,4.38,18.21,19.6],[37.72,12.12,18.59,6.76,82.2,2.86,3.5,72.44,9.94,23.43,13.08,14.74,3.82,71.18,17.03,51.85,27.35,91.02,96.4,41.83,368.35,180.32,0,123.96,40.95,44.97,27.05,433.29,26.15,31.19,47.85,17.27,46.51,19.21,19.56,38.53,67.39,14.54,41.39,20.85,26.03,22.17,27.62,149.47,15.11,13.39,1.65,25.17,45.13,7.54,36.92,17.8,203.32,15.96,31.03,39.73,10.41,13.51,43.06,6.18,29.57,58.03,17.79,4.59,18.2,7.68,114.3,7.49,16.7,8.19,9.69,13.75,6.74,65.49,27.19,3.04,23.5,16.38,5.39,3.15,19.65,160.02,56.98,22.58,36.85,19.39,11.79,9.6,9.37,23.55,7.33,13.24,9.74,8.61,56.53,30.55,19.92,2.33,13.88,83.47],[236.71,57.65,56.78,27.62,267.42,9.69,17.34,57.37,14.59,30.93,24.67,15.08,28.84,52.42,42.55,133.65,76.16,162.8,113.6,41.54,593.62,97.87,123.96,0,308.97,234.33,78.06,770.7,85.67,59.6,59.28,48.6,161.77,44.22,52.88,58.32,423.11,20.86,28.76,99.72,2.96,10.94,21.24,130.6,11.94,17.96,7.03,44.07,20.05,3.97,16.77,8.93,81.52,6.67,13.57,19.24,4.57,5.9,24.39,3.39,14.14,28.73,7.71,2.08,8.18,2.83,59.5,3.54,8.34,4.42,4.28,8.7,3.7,32.19,63.53,21.54,106.59,6.39,4.85,24.71,77.18,72.3,49.62,43.28,55.04,47.04,23.52,16.08,18.58,19.59,23.23,40.27,7.19,14.48,31.71,30.97,30.23,17.06,16.96,67.48],[161.64,23.25,19.24,9.51,442.02,16.02,23.45,57.32,35.47,46.78,20.52,21.58,37.39,48.04,64.79,150.64,87.28,228.82,406.9,83.38,323.9,75.32,40.95,308.97,0,453.02,71.42,663.23,66.82,66.41,31.11,20.74,565.07,60.47,65.06,139.68,237.76,117.41,271.6,59.23,7.2,52.46,63.55,346.53,13.62,16.91,4.79,28.45,37.75,12.01,60.93,26.37,368.27,28.74,53.66,65.83,18.4,24.21,59.39,9.27,47.37,93.35,32.19,7.88,30.68,15.44,179.07,11.96,28.57,16.32,21.09,21.55,13.2,116.05,5.51,4.05,390.9,48.71,12.67,9.94,56.6,25.14,74.7,78.9,101.54,62.53,112.02,71.6,29.96,103.67,8.01,13.18,3.95,80.7,335.55,39,47.07,66.02,33.74,5.85],[182.82,31.24,51.4,18.24,427.9,12.43,13.32,55.9,10.29,27.63,24.35,13.99,44.9,34.3,36.81,103.7,107.22,163.4,255.48,87.75,471.17,52.78,44.97,234.33,453.02,0,45.59,409.8,45.5,43.39,35.51,31.02,62.71,29.31,36.88,67.3,174.42,10.41,12.8,53.12,2.6,20.59,26.13,135.28,13.05,18.88,3.94,28.26,25.16,12.85,61.13,30.83,332.1,26.76,50.6,65.39,17.91,22.65,71.85,10.75,51.1,96.16,29.34,7.97,30.44,12.01,201.09,13.78,31.03,16.42,18.44,27.53,13.58,119.82,61.02,13.07,97.09,8.7,3.53,24.34,52.29,105.64,73.77,73.25,112.26,57.61,18.21,14.56,18.65,24.76,18.14,36.3,7.97,11.28,34.46,41.83,37.26,15.19,13.89,31.87],[35,29.88,31.61,16.73,162.78,10.63,15.97,14.91,37.84,53.5,8.44,15.85,10.21,18.88,14.69,37.88,87.09,48.15,65.14,34.28,54.6,30.65,27.05,78.06,71.42,45.59,0,743.43,90.94,54.41,34.11,22.34,95.14,65.16,59.11,175.05,140.88,44.83,31.35,52.74,15.25,128.47,30.11,148.11,14.14,20.67,9.31,27.27,44.6,13.4,65.1,30.07,351.26,26.75,53.08,69.07,16.08,21.44,84.54,10.99,47.18,110.02,29.37,7.08,30.33,12.55,165.99,11.94,26.26,14.69,17.86,28.44,12.62,103.41,9.18,11.52,88.6,19.96,8.17,13.63,80.59,19.55,21,33.63,47.09,29.24,15.81,23.94,27.57,21.46,40.01,41.47,9.66,19.34,56.9,63.48,36.38,24.3,9.92,6.88],[435.73,215.7,277.03,109.19,2152,88.97,125.39,181.92,354.36,395.88,89.07,126.72,99.58,409.96,189.35,529.43,388.79,560.12,472.87,563.39,779.62,297.88,433.29,770.7,663.23,409.8,743.43,0,936.98,1217.85,676.49,358.83,1325.83,284.16,252.11,633.31,534.55,135.66,275.46,317.35,117.9,454.23,255.64,1233.84,128.68,171.46,68.38,276.48,350.1,103.87,444.91,187.71,2389.85,182.03,386.68,539.9,112.74,161.78,609.4,81.81,317.18,805.24,225.63,48.5,211.91,104.12,1306.29,62.99,176.91,111.92,124.68,197.78,92.86,751.8,141.62,66.93,972.2,179.72,62.92,161.94,583.89,227.41,559.19,232.44,153.52,418.43,242.96,247.07,116.05,153.79,392.79,343.25,119.72,335.24,555.67,242.64,263.12,92.62,242.27,140.34],[38.39,14.08,18.31,9.71,85.93,6.85,10.91,7.29,13.39,38.49,13.89,18.66,9.67,27.74,9.94,27.49,33.55,34.2,41.81,12.44,59.61,21.92,26.15,85.67,66.82,45.5,90.94,936.98,0,193.5,118.11,67.58,169.24,65.14,41.97,85.11,48.77,12.96,37.78,15.63,7.52,39.93,18.11,135.05,21.18,16.25,19.26,26.85,54.46,4.17,17.34,9.05,87.75,8.01,10.91,15.15,5.6,6.72,14.39,3.07,14.29,16.17,7.64,2.42,7.1,2.73,89.85,4.07,10.53,6.01,5.34,6.9,4.55,51.74,5.05,8.25,65.93,17.44,12.22,8.43,37.3,20.02,16.34,12.38,14.03,21.21,15.6,19.17,16.18,14.83,10.81,21.82,12.49,9.55,43.14,31.81,22.43,29.26,10.97,9.13],[111.4,46.99,60.15,25.55,292.27,15.04,27.54,103.57,30.14,59.48,40.62,17.05,19.08,123.46,80.19,210.08,62.49,83.27,60.64,37.66,94.6,55.37,31.19,59.6,66.41,43.39,54.41,1217.85,193.5,0,372.66,67.5,392.2,71.41,25.66,33.88,42.23,38.7,55.58,37.12,19.37,65.14,75.15,361.15,12.91,23.94,19.06,56.96,60.29,16.11,78.5,36.38,426,34.46,57.02,73.45,22.05,28.06,74.15,12.28,58.24,97.45,35.16,9.5,33.92,14.82,286.17,15.32,36.77,20,21.58,26.75,15.78,166.7,87.05,47.18,146.38,52.25,17.87,78.82,201.23,99.84,87.63,45.61,20.93,40.06,21.82,18.41,15.32,15.68,30.63,44.31,20.94,15.88,81.21,44.78,37.33,24.63,22.29,47.81],[80.66,16.18,20.39,8.68,322.86,18.17,12.82,24.05,49.8,53.22,11.75,21.72,8.63,36.48,17.04,50.84,33.49,65.36,47.03,37.04,80.13,93.58,47.85,59.28,31.11,35.51,34.11,676.49,118.11,372.66,0,122.04,385.64,72.16,41.03,69.47,67.21,101.54,31.09,44.53,9.02,39.87,32.74,167.39,10.32,16.3,12.07,29.22,48.26,24.5,100.16,49,444.71,34.16,73.64,111.14,21.36,29.87,156.92,19.96,69.64,171.35,40.83,9.59,42.29,15.16,318.21,14.94,37.68,21.71,20.25,48.78,18.65,161.48,21.19,59.08,89.14,23.9,26.29,6.12,54.96,16.05,32.03,9.59,17.24,28.52,106.45,88.34,72.32,17.88,36.91,34.56,19.62,5.15,29.92,29.77,14.87,12.66,16.51,25.42],[49.52,23.39,31.78,12.23,189.92,9.17,8.95,35.99,23.44,26.26,18.4,6.85,11.38,29.34,17.94,47.56,34.28,34.95,40.11,14.13,32.91,66.2,17.27,48.6,20.74,31.02,22.34,358.83,67.58,67.5,122.04,0,1248.8,285.12,14.35,39.46,105.7,19.99,24.23,27.37,20.56,9.98,17.77,87.43,11.02,20.88,12.22,54.81,114.25,16.88,81.44,36.51,374.43,27.07,51.95,73.21,14.53,20.03,112.65,12.95,46.06,116.92,27.53,6.34,28.79,10.61,197.35,10.61,22.92,12.07,12.81,28.14,10.64,108,23.74,1.65,98.27,20.01,14.89,27.27,93.82,35.95,7.93,65.12,28.69,10.33,13.79,15.79,22.48,17.52,22.85,30.14,21.22,10.99,59.84,17.38,9.64,8.68,30.02,99.99],[777.32,70.56,101.33,42.52,1024.01,44.02,51.18,69.19,77.08,174.91,71.92,114.58,55.31,125.97,57.04,140.7,163.78,99.04,366.57,13.57,194.36,79.45,46.51,161.77,565.07,62.71,95.14,1325.83,169.24,392.2,385.64,1248.8,0,197.67,61.29,191.82,440.03,66.08,83.59,148.19,257.85,140.62,159.01,771.1,145.91,234.33,86.34,147.57,201.74,49.08,219.14,96.19,976.75,68.34,150.85,222.28,37.05,55.09,344.86,38.21,124.01,361.79,79.26,16.25,81.58,31.88,494.94,23.4,57.34,33.07,34.51,85.92,30.02,254.86,35.79,26.24,339.27,63.21,34.11,42.37,210.05,38.69,87.41,107.74,169.32,94.5,33.31,40.02,34.15,84.89,288.93,261.65,65.8,42.07,485.59,114.31,94.94,36.12,356.96,79.13],[44.64,25.65,31.41,14.6,170.69,4.99,17.53,16.23,37.56,46.97,11.89,6.87,10.27,17.88,16.56,43.08,11.12,25.17,67.17,8.91,34.99,31,19.21,44.22,60.47,29.31,65.16,284.16,65.14,71.41,72.16,285.12,197.67,0,64.59,69.58,147.28,14.18,18.24,27.89,28.18,12.71,19.1,93.28,9.28,14.15,12.84,17.15,24.74,13.8,71.91,34.61,370.95,29.19,46.93,59.31,16.82,20.68,76.44,10.52,47.44,87.89,26.32,7.31,27.68,10.01,208.55,14.02,28.13,13.93,15.52,23.48,11.48,131.04,45.84,9.57,150.3,23.9,8.99,26.68,60.67,46.13,31.41,13.29,29.53,55.38,7.71,10.7,7.11,12.22,6.19,23.66,3.2,10.39,28.49,18.03,7.75,14.82,33.65,17.45],[48.33,20.87,28.64,13.8,151.51,11.53,17.63,35.2,16.21,35.33,13.97,8.06,9.16,10.01,14.53,35.16,20.73,23.88,36.79,39.97,40.15,27.01,19.56,52.88,65.06,36.88,59.11,252.11,41.97,25.66,41.03,14.35,61.29,64.59,0,307.83,148.18,9.24,22.46,46.54,16.82,23.79,39.68,169.71,10.87,16.27,8.48,27.23,15.36,9.85,53.73,23.47,307,23.08,40.79,49.19,12.73,16.54,59.53,7.74,35.32,78.58,22.34,5.49,22.96,9.73,118.85,9.86,19.98,11.12,14.96,19.24,9.55,85.32,35.78,21.06,143.65,19.78,28.4,28.92,82.96,25.94,29.5,63.89,24.87,34.26,36.81,49.29,28.08,25.51,17.68,58.66,8.91,16.66,65.65,15.22,18.37,15.57,26.87,14.34],[205.14,57.9,102.41,33.92,396.64,20.91,15.37,19.47,124.75,174.32,63.26,39.24,53.1,86.83,23.13,57.71,105.33,140.46,179.7,27.12,167.79,47.16,38.53,58.32,139.68,67.3,175.05,633.31,85.11,33.88,69.47,39.46,191.82,69.58,307.83,0,307.82,24.82,70.83,81.09,93.65,35.18,61.76,264.56,16,26.84,18.3,25.67,33.77,26.44,122.82,52.18,682.89,50.84,104.97,138.68,29.02,40.99,170.48,21.34,84.54,226.14,58.05,12.64,57.6,26.25,280.64,19.09,45.84,29.38,36.64,57.68,25.49,184.79,47.63,96.51,199.85,88.86,43.3,37.03,237.79,56.12,51.98,71.25,86.26,72.42,45.94,47.72,51.93,43.66,115.55,50.59,67.69,24.14,237.29,28.62,33.75,19.63,160.12,66.3],[149.01,209.05,154.55,99.98,572.06,20.31,12.62,41.36,39.45,56.24,13.74,13.83,54.63,21.37,55.2,150.58,98.54,115.39,171.4,45.71,956.81,17.46,67.39,423.11,237.76,174.42,140.88,534.55,48.77,42.23,67.21,105.7,440.03,147.28,148.18,307.82,0,179.78,178,39.96,61.14,76.89,81.69,350.3,11.71,25.73,4.35,330.39,79,37.92,146.74,67.91,615.04,43.92,108.98,166.62,23.57,36.38,302.32,31.29,89.88,307.97,54.73,10.76,59.19,20.55,289.91,16.78,41.24,27.82,26.73,86.42,26.6,154.19,159.07,188.59,262.32,58.22,12.78,28.82,499.81,58.25,30.45,98.96,35.32,146.67,21.54,24.69,37.86,24.34,31.11,96.19,67.41,29.46,89.27,36.27,38.09,46.31,30.12,30.22],[37.47,9.76,16.51,6.47,234.35,7.49,131.07,11.56,15.95,24.24,7.19,5.63,29.09,25.7,4.18,11.18,25.87,120.16,20.36,21.08,23.74,13.67,14.54,20.86,117.41,10.41,44.83,135.66,12.96,38.7,101.54,19.99,66.08,14.18,9.24,24.82,179.78,0,153.21,197.12,144.72,67.04,131.51,718.23,22.78,36.49,34.2,69.07,161.16,16.75,82.33,33,343.04,22.99,27.65,32.6,6.75,8.35,113.03,7.69,23.01,70.76,11.48,2.66,12.03,3.51,100.91,4.78,8.15,3.8,4.39,10.54,4.42,61.68,11.64,4.26,313.76,17.26,23.5,19.9,36.08,21.09,31.53,14.39,2.81,6.63,7.22,6.49,8.99,33.31,7.48,24.8,1.73,6.56,4.94,16.79,14.2,8.53,20.04,18.61],[109.17,46.55,47.69,22.53,225.42,5.33,10.52,68.19,30.01,56.61,11.94,23.9,25.88,39.44,7.42,18.57,28.61,23.19,46.6,10.67,26.27,13.01,41.39,28.76,271.6,12.8,31.35,275.46,37.78,55.58,31.09,24.23,83.59,18.24,22.46,70.83,178,153.21,0,115.29,44.14,28.63,86.25,550.77,74.5,88.1,13.59,45.45,101.35,12.21,110.68,37.23,681.65,47.52,53.68,49.25,16.5,19.99,60.51,7.42,39.53,72.56,25.74,6.72,25.43,10.67,158.31,13.07,21.07,9.39,15.11,10.02,8.29,140.94,17.83,8.61,261.35,36.09,28.66,13.94,147.13,19.62,18.52,21.37,40.92,50.91,14.67,13.67,20.56,22.8,15.2,36.88,5.1,6.89,51.52,23.44,10.85,48.2,5.45,7.78],[222.8,26.95,63.83,20.51,357.41,34.28,23.05,45.47,93.35,91.11,18.52,26.51,9.21,24.13,26.56,54.35,17.48,28.92,109.18,20.89,50.93,17.44,20.85,99.72,59.23,53.12,52.74,317.35,15.63,37.12,44.53,27.37,148.19,27.89,46.54,81.09,39.96,197.12,115.29,0,340.84,299.54,602.04,2648.69,176.61,255.13,167.16,310.88,307.53,21.66,134.97,51.34,758.27,55.37,48.86,42.19,15.27,15.41,87,9.08,37.57,65.89,19.65,5.99,20.21,5.1,197.33,15.33,22.03,10.83,13.98,13.98,10.14,204.02,22.51,98.37,626.16,63.09,93.01,26.24,183.21,18.42,84.5,10.27,64.7,75.26,34.9,29.96,23.97,25.23,57.45,75.98,24.68,18.25,187.14,63.53,16.28,43.96,24.28,29.62],[62.87,9.26,14.87,7.56,170.95,4.09,6.92,24.84,19.73,22.04,28.08,1.69,31.18,6.04,22.93,45.12,35.59,10.71,14.87,0.64,33.48,4.75,26.03,2.96,7.2,2.6,15.25,117.9,7.52,19.37,9.02,20.56,257.85,28.18,16.82,93.65,61.14,144.72,44.14,340.84,0,46.51,211.52,1156.42,12.54,15.25,7.7,22.21,44.59,15.41,85.02,30.09,418.43,28.21,27.43,25.27,6.46,7.28,88.36,6.26,19.92,54.62,9.94,2.49,10,2.67,83.06,4.83,7.51,3.56,4.7,8.1,4.37,68.75,4.1,32.5,81.59,7.09,12.7,7.25,32.69,31.67,4.37,2.8,25.13,1.44,4.88,4.44,0,7.53,27.4,68.93,0.58,1.69,21.21,7.61,2.29,8.42,32.41,5.27],[186.59,36.92,38.82,14.41,539.52,4.87,3.35,43.19,85.42,105.01,34.13,1.87,76.39,53.53,103.56,202.03,2.27,33.48,70.11,29.42,72.47,20.54,22.17,10.94,52.46,20.59,128.47,454.23,39.93,65.14,39.87,9.98,140.62,12.71,23.79,35.18,76.89,67.04,28.63,299.54,46.51,0,447.88,2803.33,107.35,183.99,95.64,77.7,121.57,21.84,142.14,50,784.07,54.14,44.88,32.94,11.31,10.6,97.39,7.66,30.03,62.7,14.4,4.38,14.96,3.14,130.2,11.41,13.87,5.54,8.69,9.32,6.74,141.08,46.6,4.02,341.16,73.47,27.19,16.08,78.53,21.13,21.2,83.86,43.86,9.81,13.89,21.81,68.06,22.23,49.96,112.2,47.12,10.33,73.75,24.73,20.94,66.11,159.22,36.47],[242.03,53.67,85.19,34.63,661.87,11.62,13.76,102.4,51.4,86.88,26.61,29.69,38.8,37.05,24.07,55.49,21.42,81.23,55.85,15.79,56.68,26.05,27.62,21.24,63.55,26.13,30.11,255.64,18.11,75.15,32.74,17.77,159.01,19.1,39.68,61.76,81.69,131.51,86.25,602.04,211.52,447.88,0,2305.71,146.68,264.21,118,73,247.6,18.29,113.37,42.4,622.02,44.71,35.64,28.09,10.41,9.66,69.78,6.37,25.8,45.7,12.67,4.01,12.98,2.73,145.85,10.74,13.87,6.04,7.87,7.49,6.19,150.67,41.52,17.4,522.68,66.3,21.2,43.02,198.77,35.52,52.92,26.13,49.49,29.85,42.06,48.33,21.07,35.11,57.11,219.9,70.2,20.18,117.66,39.51,30.67,38.58,85.52,53.79],[1625.5,366.9,491.65,214.15,2767.01,51.83,63.83,517.72,250.76,425.22,127.38,155.43,181.46,185.74,114.21,264.47,103.7,429.44,317.98,78.23,289.49,132.81,149.47,130.6,346.53,135.28,148.11,1233.84,135.05,361.15,167.39,87.43,771.1,93.28,169.71,264.56,350.3,718.23,550.77,2648.69,1156.42,2803.33,2305.71,0,1089.74,1596.41,784.19,513.3,1462.95,118.49,608.15,232.93,3049.71,219.5,178.93,156.94,51.22,49.3,458.97,38.45,136.6,275.79,65.45,19.31,64.26,13.4,826.12,47.46,68.06,34.15,38.01,46.5,35.09,795.49,201.57,97.81,2284.86,283.34,87.62,241.81,1055.01,175.57,310.45,131.38,277.78,147.9,168.37,191.76,109.89,192.81,291.1,990.26,407.05,103.41,583.3,188.77,142.01,164.96,526.18,243.66],[36.85,8,11.5,4.58,211.38,11.19,17.51,15.42,30.28,52.85,9.4,18.22,12.93,47.15,16.74,50.73,6.9,11.91,33.08,2.81,25.61,33.07,15.11,11.94,13.62,13.05,14.14,128.68,21.18,12.91,10.32,11.02,145.91,9.28,10.87,16,11.71,22.78,74.5,176.61,12.54,107.35,146.68,1089.74,0,1969.53,208.58,97.34,110.2,15.02,103.71,37.15,538.6,36.55,27.75,19.52,6.96,5.96,60.25,4.42,18.39,36.85,8.34,2.69,8.76,1.69,89.95,7.37,8.01,2.36,4.04,3.72,3.26,88.52,22.03,5.15,183.49,21.26,125.78,9.01,167.27,10.4,3.55,5.38,35.08,13.52,16.87,12.06,38.18,6.39,9.59,58.56,5.1,7.71,36.28,10.87,10.71,4.73,163.62,2.18],[75.58,15.35,19.82,9.13,471.25,23.99,29.08,29.65,64.24,100.5,14.54,27.47,30.04,65.86,22.08,63.08,7.85,17.99,64.84,5.17,40.51,44.74,13.39,17.96,16.91,18.88,20.67,171.46,16.25,23.94,16.3,20.88,234.33,14.15,16.27,26.84,25.73,36.49,88.1,255.13,15.25,183.99,264.21,1596.41,1969.53,0,322.23,149.37,205.47,23.82,198.19,61.01,1129.92,74.46,56.77,37.81,12.48,11.22,91.85,7.41,30.71,61.22,16.44,4.82,15.7,3.55,159.42,10.8,13.03,4.26,6.94,5.5,6.19,164.73,24.71,4.64,309.42,30.29,127.67,16.96,173.68,16.97,5.66,10.43,36.47,30.72,36.52,24.86,56.24,10.16,18.53,84.9,7.51,16.24,59.56,19.06,14.1,8.26,263.15,4.34],[424.18,14.53,13.04,7.79,89.69,2.94,3.01,8.05,12.56,20.71,3.6,1,1.91,15.54,2.98,6.64,16.69,17.87,17.48,8.95,7.56,4.17,1.65,7.03,4.79,3.94,9.31,68.38,19.26,19.06,12.07,12.22,86.34,12.84,8.48,18.3,4.35,34.2,13.59,167.16,7.7,95.64,118,784.19,208.58,322.23,0,53.93,82.67,7.38,65.07,20.32,374.84,24.98,18.91,12.78,4.45,4.06,28.37,2.41,10.58,19.67,5.76,1.73,5.59,1.33,59.12,3.99,4.74,1.51,2.45,1.68,2.03,58.85,7.67,0.35,307.44,16.36,3.69,50.93,22.17,1.11,35.59,16.07,2.97,4.01,7.14,8.83,4.33,11.54,0.91,47.73,4.46,31.82,16.76,16.15,2.25,8.08,49.23,10.11],[139.69,29.8,49.49,29.43,174.81,4.09,8.78,102.21,31.93,83.13,55.67,13.35,5.21,53.6,14.92,35.26,12.73,39.06,61.83,24.36,69.95,31.51,25.17,44.07,28.45,28.26,27.27,276.48,26.85,56.96,29.22,54.81,147.57,17.15,27.23,25.67,330.39,69.07,45.45,310.88,22.21,77.7,73,513.3,97.34,149.37,53.93,0,1033.98,12.26,92.91,32.05,467.79,31.73,20.91,15.7,5.9,5.37,35.74,3.35,14.43,22.66,7.21,2.31,6.93,1.4,126.97,5.44,6.77,2.78,3.32,2.32,3.09,97.46,14.18,25.62,94.01,19.69,5.07,5.13,38.57,5.27,19.46,9.41,9.44,7.74,15.11,19.5,44.89,17.77,35.47,34.31,9.91,22.44,50.2,35,18.74,25.57,23.64,20.01],[283,25.25,31.56,14.18,701.4,19.42,42.51,38.46,65.69,158.81,19.42,15.42,56.43,60.99,9.08,23.88,36.92,44.46,52.79,5.25,69.95,37.63,45.13,20.05,37.75,25.16,44.6,350.1,54.46,60.29,48.26,114.25,201.74,24.74,15.36,33.77,79,161.16,101.35,307.53,44.59,121.57,247.6,1462.95,110.2,205.47,82.67,1033.98,0,31.51,252.57,83.15,1188.85,73.22,54.48,41.73,12.43,11.73,139.41,8.93,34.35,83.04,16.78,4.78,16.54,3.86,210.66,9.6,11.91,3.77,5.62,6.28,5.75,146.53,30.3,6.39,281.73,18.38,13.49,27.31,71.4,9.14,17.96,83.57,10.28,11.03,33.54,33.82,40.87,424.25,49.41,122.17,15.18,7.21,63.87,38.41,32.84,27.45,91.49,52.29],[47.25,6.38,17.56,10.38,274.83,12.32,17.33,23,102.8,53.69,10.31,12.03,12.88,17.8,11.8,24.78,10.63,20.94,19.29,7.62,38.19,12.91,7.54,3.97,12.01,12.85,13.4,103.87,4.17,16.11,24.5,16.88,49.08,13.8,9.85,26.44,37.92,16.75,12.21,21.66,15.41,21.84,18.29,118.49,15.02,23.82,7.38,12.26,31.51,0,0,0,0,0,0,0,0,0,0,0,0,0,0,0,0,0,0,0,0,0,0,0,0,0,9.61,4.92,52.64,17.38,21.56,7.14,37.57,9.19,6.13,10.84,9.64,10.09,39.24,17.6,5.57,7.43,11.54,19.47,5.76,6.68,24.29,18.69,10.66,8.04,36.59,18.43],[182,22.53,68.44,34.92,871.9,38.2,46.98,72.25,258.22,178.34,44.11,43.8,47.15,78.88,42.79,97.31,58.44,96.62,87.96,34.82,180.47,59.89,36.92,16.77,60.93,61.13,65.1,444.91,17.34,78.5,100.16,81.44,219.14,71.91,53.73,122.82,146.74,82.33,110.68,134.97,85.02,142.14,113.37,608.15,103.71,198.19,65.07,92.91,252.57,0,0,0,0,0,0,0,0,0,0,0,0,0,0,0,0,0,0,0,0,0,0,0,0,0,49.77,38.4,269.56,95.14,85.43,53.21,219.58,48.88,36.51,55.73,48.02,52.22,108.96,70.55,30.01,39.65,54.55,97.66,33.89,37.87,130.3,76.02,48.81,43.47,172.93,79.14],[71.79,11.48,33.19,16.37,378.19,18.5,25.04,37.63,141.61,77.63,19.96,20.84,22.24,33.45,22.05,46.13,23.64,47.29,39.56,16.36,84.66,28.3,17.8,8.93,26.37,30.83,30.07,187.71,9.05,36.38,49,36.51,96.19,34.61,23.47,52.18,67.91,33,37.23,51.34,30.09,50,42.4,232.93,37.15,61.01,20.32,32.05,83.15,0,0,0,0,0,0,0,0,0,0,0,0,0,0,0,0,0,0,0,0,0,0,0,0,0,24.29,16.09,113.19,42.87,35.96,20.51,105.44,22.26,14.87,23.74,21.4,23.37,58.95,35.05,12,18.25,22.31,37.4,13.56,17.32,50.43,35.45,21.28,16.1,52.67,28.37],[1167.9,121.64,382.5,189.03,4821.89,202.12,206.82,367.55,1038.99,1051.31,271.1,236.58,252.44,488.6,213.46,538.54,384.78,547.73,506,201.08,1024.45,329.39,203.32,81.52,368.27,332.1,351.26,2389.85,87.75,426,444.71,374.43,976.75,370.95,307,682.89,615.04,343.04,681.65,758.27,418.43,784.07,622.02,3049.71,538.6,1129.92,374.84,467.79,1188.85,0,0,0,0,0,0,0,0,0,0,0,0,0,0,0,0,0,0,0,0,0,0,0,0,0,273.03,242.97,1487.13,515.39,388.92,347.13,1345.58,290.74,240.73,344.7,282.22,313.07,361.16,350.94,202.46,248.26,365.55,697.73,248.53,249.32,890.66,456.49,319.18,325.63,1292.19,545.21],[86.82,9.99,29.53,14.13,341.45,15.64,14.57,28.91,68.89,77.22,20.98,17.9,19.19,37.33,17.61,44.48,29.14,43.92,38.82,16.19,79.78,26.73,15.96,6.67,28.74,26.76,26.75,182.03,8.01,34.46,34.16,27.07,68.34,29.19,23.08,50.84,43.92,22.99,47.52,55.37,28.21,54.14,44.71,219.5,36.55,74.46,24.98,31.73,73.22,0,0,0,0,0,0,0,0,0,0,0,0,0,0,0,0,0,0,0,0,0,0,0,0,0,22.26,18.21,110.64,38.95,28.16,25.47,109.49,22.15,18.34,25.95,21.34,23.54,24.95,26.97,15.41,19.2,27.24,51.21,18.64,19.09,65.85,35.49,25.15,24.28,94.08,40.32],[243.12,25.24,77.71,45.49,1273.48,51.31,69.36,92.98,406.93,259.28,50.61,51.74,53.93,86.52,41.67,93.22,58.5,88.13,84.49,31.34,165.01,47.88,31.03,13.57,53.66,50.6,53.08,386.68,10.91,57.02,73.64,51.95,150.85,46.93,40.79,104.97,108.98,27.65,53.68,48.86,27.43,44.88,35.64,178.93,27.75,56.77,18.91,20.91,54.48,0,0,0,0,0,0,0,0,0,0,0,0,0,0,0,0,0,0,0,0,0,0,0,0,0,30.65,24.26,175,56.9,51.55,31.75,134.2,40.47,30.59,51.98,44.64,49.13,121.81,64.14,28.58,35.54,57.63,105.76,35.57,36.81,135.81,85.74,52.42,54.58,232.15,103.7],[329,37.28,109.36,68.4,1934.86,79.75,117.1,145.61,711.75,378.22,66.04,75.81,79.22,112.22,62.82,131.27,67.84,114.13,111.02,40.51,213.39,62.62,39.73,19.24,65.83,65.39,69.07,539.9,15.15,73.45,111.14,73.21,222.28,59.31,49.19,138.68,166.62,32.6,49.25,42.19,25.27,32.94,28.09,156.94,19.52,37.81,12.78,15.7,41.73,0,0,0,0,0,0,0,0,0,0,0,0,0,0,0,0,0,0,0,0,0,0,0,0,0,36.15,23.24,210.53,64.79,70.77,29.51,140.21,47.99,33.73,63.22,56.05,60.28,218.65,91.34,32.95,41.47,70.79,125.12,38.34,41.27,158.26,115.33,64.89,60.43,277.74,131.74],[62.75,7.81,21.39,10.43,246.78,12.32,11.04,23.03,51.34,58.59,15.27,12.88,13.68,25.73,13.03,32.35,18.83,30.42,25.38,11.04,53.05,18.02,10.41,4.57,18.4,17.91,16.08,112.74,5.6,22.05,21.36,14.53,37.05,16.82,12.73,29.02,23.57,6.75,16.5,15.27,6.46,11.31,10.41,51.22,6.96,12.48,4.45,5.9,12.43,0,0,0,0,0,0,0,0,0,0,0,0,0,0,0,0,0,0,0,0,0,0,0,0,0,12.24,8.62,51.86,18.26,12.24,10.33,57.33,12.71,10.27,15.58,13.36,14.65,16.71,17.24,9.22,11.78,16.8,31.12,11.56,12.22,39.85,25.08,17.47,16.91,64.42,28.37],[94.31,10.94,30.51,16.23,414.41,19.12,19.94,34.86,103.75,92.02,21.23,19.29,20.43,36.22,18.11,44.05,25.29,39.61,34.88,14.45,70.9,23.36,13.51,5.9,24.21,22.65,21.44,161.78,6.72,28.06,29.87,20.03,55.09,20.68,16.54,40.99,36.38,8.35,19.99,15.41,7.28,10.6,9.66,49.3,5.96,11.22,4.06,5.37,11.73,0,0,0,0,0,0,0,0,0,0,0,0,0,0,0,0,0,0,0,0,0,0,0,0,0,14.08,9.99,67.92,21.82,18.18,12.26,62.26,16.36,13.3,21.17,18.04,19.64,33.12,24.13,12.4,15.05,23.77,44.41,15.36,15.57,55.69,35.08,23.54,23.25,95.49,41.89],[274.32,37.73,111.83,71.21,1965.25,81.37,138.39,155.66,867.65,349.47,57,80.28,85.05,98.46,71.38,127.4,52.23,114.39,114.74,38.78,218.65,61.63,43.06,24.39,59.39,71.85,84.54,609.4,14.39,74.15,156.92,112.65,344.86,76.44,59.53,170.48,302.32,113.03,60.51,87,88.36,97.39,69.78,458.97,60.25,91.85,28.37,35.74,139.41,0,0,0,0,0,0,0,0,0,0,0,0,0,0,0,0,0,0,0,0,0,0,0,0,0,43.59,23.97,309.61,99.38,132.93,35.42,136.41,54.14,29.37,63.68,58.94,62.32,327.23,120.21,27.55,40.75,64.83,106.61,28.75,36.56,134.61,110.42,52.69,35.79,167.12,96.36],[36.53,5.6,15.06,8.96,229.7,10.66,15.73,20.55,94.67,43.3,8.25,10.31,11.02,14.13,10.29,20.33,7.97,17.45,15.93,6.14,31.35,10.17,6.18,3.39,9.27,10.75,10.99,81.81,3.07,12.28,19.96,12.95,38.21,10.52,7.74,21.34,31.29,7.69,7.42,9.08,6.26,7.66,6.37,38.45,4.42,7.41,2.41,3.35,8.93,0,0,0,0,0,0,0,0,0,0,0,0,0,0,0,0,0,0,0,0,0,0,0,0,0,6.7,3.51,39.03,12.74,15.51,4.91,24.84,7.56,4.57,8.79,7.98,8.41,37.96,15.49,4.24,6.08,9.37,15.4,4.38,5.47,18.93,15.85,8.45,5.44,23.71,13.38],[165.27,23.05,64.58,33.31,802.54,38.85,47.45,75.97,261.22,172.63,41.35,40.42,42.6,68.38,39.89,88.11,46.86,84.88,71.55,29.62,149.73,48.32,29.57,14.14,47.37,51.1,47.18,317.18,14.29,58.24,69.64,46.06,124.01,47.44,35.32,84.54,89.88,23.01,39.53,37.57,19.92,30.03,25.8,136.6,18.39,30.71,10.58,14.43,34.35,0,0,0,0,0,0,0,0,0,0,0,0,0,0,0,0,0,0,0,0,0,0,0,0,0,31.82,21.2,150.22,52.5,44.59,25.72,136.16,35.67,25.48,42.44,37.58,41.16,94,56.99,22.9,31.63,45.07,79.94,27.98,32.03,101.73,71.11,44.21,38.94,141.91,68.83],[493.16,53.85,165.97,106.04,3036.95,117.73,183.69,214.73,1130.77,563.23,95.12,114.43,120.33,165.56,92.42,180.29,98.18,164.54,170.3,57.06,313.06,83.48,58.03,28.73,93.35,96.16,110.02,805.24,16.17,97.45,171.35,116.92,361.79,87.89,78.58,226.14,307.97,70.76,72.56,65.89,54.62,62.7,45.7,275.79,36.85,61.22,19.67,22.66,83.04,0,0,0,0,0,0,0,0,0,0,0,0,0,0,0,0,0,0,0,0,0,0,0,0,0,50.8,34.69,372.49,118.81,149.29,48.26,182.03,80.77,49.64,101.78,88.77,97.09,422.06,160.87,49.61,66.62,124.5,220.33,59.98,65.8,253.72,182.6,94.68,88.29,405.92,195.48],[142.6,15.02,43.92,25.17,689.91,29.06,34.76,51.84,195.21,145.46,29.77,28.74,30.21,51.18,24.53,58.06,34.74,52.06,48.58,18.96,95.38,29.48,17.79,7.71,32.19,29.34,29.37,225.63,7.64,35.16,40.83,27.53,79.26,26.32,22.34,58.05,54.73,11.48,25.74,19.65,9.94,14.4,12.67,65.45,8.34,16.44,5.76,7.21,16.78,0,0,0,0,0,0,0,0,0,0,0,0,0,0,0,0,0,0,0,0,0,0,0,0,0,17.42,12.73,91.16,28.6,25.54,15.75,75.43,22.17,17.66,29.43,25.13,27.42,58.14,34.51,16.86,20.18,33.44,62.33,21.01,21.04,78.64,49.67,31.94,33.06,142.5,62.33],[26.66,3.55,9.64,4.71,109.31,5.57,5.43,10.68,26.52,25.39,6.64,5.79,6.14,11.13,5.95,14.27,7.99,13.49,11.14,4.83,23.39,7.83,4.59,2.08,7.88,7.97,7.08,48.5,2.42,9.5,9.59,6.34,16.25,7.31,5.49,12.64,10.76,2.66,6.72,5.99,2.49,4.38,4.01,19.31,2.69,4.82,1.73,2.31,4.78,0,0,0,0,0,0,0,0,0,0,0,0,0,0,0,0,0,0,0,0,0,0,0,0,0,5.19,3.61,22.41,7.88,5.5,4.34,24.1,5.59,4.37,6.78,5.85,6.43,9.16,7.93,3.95,5.17,7.48,13.81,4.99,5.34,17.13,11.21,7.59,7.01,25.98,11.8],[129.25,14.55,43.65,24.41,654.22,27.63,35.88,51.23,205.86,135.74,28.44,28.29,29.58,48.04,24.3,54.25,32.77,52.21,47.8,18.38,95.32,28.51,18.2,8.18,30.68,30.44,30.33,211.91,7.1,33.92,42.29,28.79,81.58,27.68,22.96,57.6,59.19,12.03,25.43,20.21,10,14.96,12.98,64.26,8.76,15.7,5.59,6.93,16.54,0,0,0,0,0,0,0,0,0,0,0,0,0,0,0,0,0,0,0,0,0,0,0,0,0,18.18,13.43,95.83,32.19,28.1,16.59,79.2,23.41,17.15,29.25,25.32,27.99,66.24,37.07,16.01,20.81,32.78,60.03,20.35,21.63,75.22,48.82,30.09,30.17,121.56,55.17],[79.07,6.68,20.47,12.11,354.55,13.8,14.56,22.88,78.29,76.98,15.22,13.46,14.05,26.4,10.03,26.36,18.38,23.04,22.75,8.62,43.4,12.76,7.68,2.83,15.44,12.01,12.55,104.12,2.73,14.82,15.16,10.61,31.88,10.01,9.73,26.25,20.55,3.51,10.67,5.1,2.67,3.14,2.73,13.4,1.69,3.55,1.33,1.4,3.86,0,0,0,0,0,0,0,0,0,0,0,0,0,0,0,0,0,0,0,0,0,0,0,0,0,6.34,5.35,35.35,10.12,8.94,6.04,26.71,9.49,8.39,14.02,11.74,12.87,19.25,13.79,8.36,9,16.08,30.78,10.69,9.96,40.62,23.67,16.06,19.44,87.98,36.17],[474.56,93.58,216.39,103.23,2045.02,142.14,137.33,285.67,668.37,507.12,141.32,136.04,148.01,225.42,171.74,398.97,144.22,327.66,242.69,119.25,557.36,230.24,114.3,59.5,179.07,201.09,165.99,1306.29,89.85,286.17,318.21,197.35,494.94,208.55,118.85,280.64,289.91,100.91,158.31,197.33,83.06,130.2,145.85,826.12,89.95,159.42,59.12,126.97,210.66,0,0,0,0,0,0,0,0,0,0,0,0,0,0,0,0,0,0,0,0,0,0,0,0,0,143.92,70.98,512.97,175.91,141.95,84.05,604.46,107.04,83.54,125.38,115.54,118.14,251.06,179.5,71.38,97.19,129.5,227.67,75.44,88.61,262.45,224.76,149.5,92.31,337.09,186.17],[26.85,4.66,12.75,5.16,93.5,5.68,5.05,12.16,21.27,23.21,8.36,6.87,7.39,14.04,8.41,19.18,11.23,21.14,16.44,7.38,35.12,11.99,7.49,3.54,11.96,13.78,11.94,62.99,4.07,15.32,14.94,10.61,23.4,14.02,9.86,19.09,16.78,4.78,13.07,15.33,4.83,11.41,10.74,47.46,7.37,10.8,3.99,5.44,9.6,0,0,0,0,0,0,0,0,0,0,0,0,0,0,0,0,0,0,0,0,0,0,0,0,0,11.14,7.94,44.17,18.58,10.38,9.69,57.15,10.64,7.4,10.81,9.28,10.55,12.73,13.69,6.13,9.48,11.79,20.94,8.1,9.57,25.05,16.31,11.06,8.76,23.99,11.97],[82.26,13.86,34.42,16.4,341.49,19.68,19.49,39.11,95.9,77.12,21.86,19.89,21.6,37.57,24.18,55.34,26,50.76,40.49,18.37,83.25,29.47,16.7,8.34,28.57,31.03,26.26,176.91,10.53,36.77,37.68,22.92,57.34,28.13,19.98,45.84,41.24,8.15,21.07,22.03,7.51,13.87,13.87,68.06,8.01,13.03,4.74,6.77,11.91,0,0,0,0,0,0,0,0,0,0,0,0,0,0,0,0,0,0,0,0,0,0,0,0,0,21.56,12.85,87.71,31.9,23.31,16.03,106.52,21.39,15.69,24.31,20.91,22.76,43.79,32.5,14.17,19.84,28.71,51.31,17.47,19.59,57.38,42.57,28.17,20.38,69.61,34.95],[52.19,8.54,19.65,10.58,234.05,12.41,12.86,23.25,67.15,44.55,11.15,11.25,12.82,22.14,14.93,33.8,13.99,27.33,24.14,10.52,42.99,15.61,8.19,4.42,16.32,16.42,14.69,111.92,6.01,20,21.71,12.07,33.07,13.93,11.12,29.38,27.82,3.8,9.39,10.83,3.56,5.54,6.04,34.15,2.36,4.26,1.51,2.78,3.77,0,0,0,0,0,0,0,0,0,0,0,0,0,0,0,0,0,0,0,0,0,0,0,0,0,11.64,6.08,58.82,19.18,19.54,9.99,64.53,13.38,9.64,15.59,12.15,13.14,39.03,21.71,9.8,12.66,25.13,48.99,13.36,12.12,41.05,28.83,18.86,11.56,46.71,22.66],[74.66,8.48,22.65,11.74,284.83,12.55,11.26,22.14,54.11,56.39,14.54,12.61,14.11,29.82,13.95,35.08,21.85,31.79,30.05,12.2,51.96,