{"data":[[0,766.34,918.65,4598.41,211.56,252.86,235.26,840.36,499.61,250.94,240.24,637.23,202.35,429.62,179.72,549.47,326.24,226.86,209.18,144.95,75.53,75.01,155.84,81.77,103.04,953.87,141.67,89.49,76.97,160.36,79.16,34.17,213.47,88.02,35.55,41.36,40.5,44.68,122.01,584.54,291.56,57.01,70.88,85.41,424.33,201.58,892.1,200.35,107.01,191.21,170.85,115,324.84,269.68,207.55,387.07,356.28,212.55,54.22,115.19,1328.09,67.21,286.08,131.83,75.97,91.6,65.17,610.52,59.58,39.16,67.66,334.85,346.06,932.23,76.91,38.41,241.77,124.32,241.17,120.21,55.6,148.33,152.82,70.72,459.83,78.35,20.27,122.18,83.35,127.5,520.76,65.16,91.54,120.55,268.4,220.57,765.22,251.2,1036.76,888.49],[766.34,0,406.43,1003.58,29.01,88.12,67.38,155.57,75.42,67.41,97.96,524.1,100.43,192.61,79.43,252,117.08,51.89,82.63,60.5,48.97,65.56,100.65,38.24,44.06,666.14,42.39,22.58,15.58,124.48,62.02,12.95,196.83,14.07,31.64,8.34,18.82,24.35,38.57,172.45,50.79,28.01,24.93,18.45,104.93,52.79,240.3,63.33,22.35,42.49,40.16,25.24,64.57,56.29,42.27,88.96,72.5,49.72,12.63,26.68,332.86,14.45,63.72,27.39,17.21,21.16,15.09,141.67,31.01,36.77,47.55,127.01,60.13,517.1,20.92,17.78,86.46,54.3,41.15,36.5,47.01,81.05,84.3,98.24,73.99,39.18,4.53,17.65,54.06,29.29,111.36,33.22,27.22,47.58,145.77,43,194.43,79.32,147.06,277.35],[918.65,406.43,0,1126.03,24.85,65.14,53.39,132.47,39.47,18.38,37.3,121.44,24.27,54.98,25.02,56.05,49.65,16.39,45.86,37.04,27.6,26.03,38.17,15.45,13.81,255.28,21.46,7.49,5.77,38.32,16.47,5.81,87.54,67.72,10.62,6.64,8.97,16.61,37.24,155.3,38.62,83.37,9.5,12.51,69.11,37.75,141.52,33.45,17.05,34.01,27.72,14.91,44.8,38.06,34.71,57.87,63.66,34.25,10,16.48,191.04,12.53,51.85,22.65,16.3,12.23,9.04,100.65,8.75,20.93,10.39,65.17,17.66,99.46,12.51,10.13,55.55,9.34,12.07,18.28,18.02,33.95,29.83,25.42,23.72,17.29,1.21,8.66,30.61,15.26,107.61,23.78,31.47,23.9,61.15,22.89,107.38,30.73,123.39,148.31],[4598.41,1003.58,1126.03,0,890.6,1227.52,551.51,1236.35,423.93,460.23,424.2,227.77,218.37,383.76,490.94,726.38,539.65,249.98,455.54,222.46,126.72,452.24,165.74,62.16,241.7,2674.43,300.87,112.7,50.71,310.48,226.88,251.05,759.65,340.13,121.63,161.57,87.35,275.05,508.19,2320.42,236.09,187,295.69,170.35,891.3,425.4,1830.81,446.16,212.7,378.51,365.68,215.22,660.43,560.64,409.63,829.97,685.31,490.21,115.06,249.94,2703.2,138.8,567.97,261.39,153.86,172.89,120.09,1055.31,77.65,136.77,129.16,1540.2,507.67,1873.16,269.64,229.62,2924.63,109.85,335.53,194.91,116.93,220.33,223.86,175.77,274,130.06,41.48,281.6,582.07,185.78,796.33,107.73,167.85,136.91,400.02,367.81,399.09,355.93,560.15,2105.52],[211.56,29.01,24.85,890.6,0,172.3,122.92,110.11,25.59,29.82,39.39,13.3,55.56,127.22,12.29,49.23,400.84,5.31,17.62,9.69,3.39,31.42,8.95,17.37,11.55,147.15,9.7,18.17,3.65,25.37,135.97,5.22,72.76,38.98,3.18,11.48,6.54,7.48,47.24,282.05,27.72,8.57,40.95,15.4,65.61,34.79,140.58,34.36,18.48,29.26,30.53,15.27,42.08,40.69,33.76,60.12,57.54,35.58,8.95,17.59,227.61,11.99,48.82,22.98,14.38,12.81,10.97,101.68,3.98,6.77,2.99,28.39,11.27,114.66,5.87,2.56,110.48,19.67,2.14,1.93,4.9,13.51,196.67,14.43,16.83,2.91,0.89,2.69,39.84,8.95,25.18,3.31,9.55,16.36,47.12,30.34,292.9,123,19.88,271.13],[252.86,88.12,65.14,1227.52,172.3,0,215.83,657.12,50.3,11.43,11.11,19.66,16.88,33.57,49.16,60.66,13.44,8.96,17.6,15.01,3.64,61.93,17.81,6.21,57.37,125.63,30.26,23.94,3.97,32.81,23.61,7.13,26.15,24.36,4.3,25.53,18.12,24.62,27.17,177.95,14.61,17.22,8.31,10.02,59.7,26.97,130.17,31.54,13.12,23.78,23.17,16.15,48.62,39.98,26.59,58.14,43.99,31.42,7.33,17.67,190.27,7.64,32.96,14.48,7.69,11.34,7.34,65.47,1.34,15.36,2.94,156.25,20.32,48.7,2.64,3.72,10.46,0.8,2.74,35.73,9.04,28.26,13.4,8.45,11.31,4.91,0.6,26.11,62.28,25.51,184.42,2.46,3.79,22.68,32.37,53.5,41.78,53.84,136.84,69.43],[235.26,67.38,53.39,551.51,122.92,215.83,0,744.1,35.94,53.49,14.48,121.37,89.16,252.18,71.3,131.87,19.78,32.44,28.4,45.25,25.81,17.61,21.86,9.96,6.43,271.07,21.22,25.37,19.03,39.66,17.35,5.7,26.09,14.3,5.94,11.06,38.42,6.11,37.54,133.92,7.64,7.96,11.61,13.2,63.41,30.67,151.97,38.94,15.54,24.03,27.69,16.97,44.34,41.68,28.8,61.93,47.15,34.18,7.78,19.07,247.86,8.85,38.31,17.31,9.27,12.57,10.54,92.83,1.82,28.23,4.49,84.5,15.14,173.79,3.52,3.22,45.33,10.96,6.46,28.63,2.69,14.4,4.92,47.29,117.18,13.47,9.39,6.67,18.82,25.63,130.52,10.84,12.9,12.71,51.36,23.44,862.79,40.74,17.63,25.57],[840.36,155.57,132.47,1236.35,110.11,657.12,744.1,0,74.65,139.63,86.89,129.61,59.39,111.62,63.44,141.93,88.69,35.06,77.39,64.8,43.06,114.39,61.62,21.78,30.01,654.23,49.51,38.89,39.22,141.2,61.31,14,123.42,35.87,23.12,32.09,28.99,46.82,71.82,355.04,40.74,52.66,38.9,34.83,209.11,95.44,482.9,116.4,44.42,81.7,78.77,54.74,160.97,134.88,91.3,199.94,158.45,113.59,26.4,62.65,752.68,26.93,116.94,48.51,27.68,36.96,29.37,295.57,14.7,15.73,21.92,138,50.88,200,24.83,29.81,249.78,75.15,37.62,21.28,22.24,36.68,36.51,40.19,54.44,53.86,19.21,55.16,100.48,45.72,256.52,25.03,23.18,33.85,86.08,88.46,222.05,28.77,44,253.84],[499.61,75.42,39.47,423.93,25.59,50.3,35.94,74.65,0,252.75,272.09,50.15,31.55,63.62,140.08,66.45,53.11,14.68,30.41,15.38,20.53,20.69,62.82,45.44,16.13,230.86,48.21,28.11,21.87,46.97,13.59,4.71,20.81,13.25,7.98,4.34,65.2,33.03,20.89,83.41,5.48,3.13,14.65,10.51,64.72,30.04,142.94,36.14,12.81,25.97,24.04,16.83,46.2,37.57,25.62,57.39,43.38,32.25,7.65,17.56,207.72,8.01,35.42,14.75,8.68,13.09,8,76.27,3.1,9.31,7.75,130.99,14.91,119.03,6.34,11.75,453.57,0.93,11.68,92.66,9.7,15.6,17.12,31.01,35.05,15.48,24.53,9.49,12.67,10.78,49.06,12.04,15.77,23.51,58.07,35.39,147.3,29.2,6.34,72.48],[250.94,67.41,18.38,460.23,29.82,11.43,53.49,139.63,252.75,0,348.42,30.31,23.55,53.99,46.5,87.99,51.02,15.86,87.27,22.26,3.52,64.78,33.09,7.87,60.09,453.11,10.83,55.6,9.55,140.35,28.58,29.78,123.63,1.41,1.65,64.45,758.21,11.75,42.57,366.2,2.2,5.22,3.17,40.76,125.48,64.84,263.97,66.44,43.59,46.74,68.51,32.91,74.65,85.45,65.1,119.38,94.28,63.05,13.66,33.72,491.83,21.92,89.75,49.52,24.3,30.58,24.67,177.49,1,22.38,30.39,190.89,38.09,94.73,2.05,5.14,4.62,0,23.44,9.72,14.54,5.74,8.19,6.03,4.44,13.85,18.86,13.95,3.24,20.06,1497.03,9.94,16.79,51.36,64.62,91.91,168.57,7.46,2.94,162.61],[240.24,97.96,37.3,424.2,39.39,11.11,14.48,86.89,272.09,348.42,0,52.33,31.67,73.51,16.4,99.68,61.04,15.04,134.61,26.31,16.13,36.33,38.37,21.09,38.13,179.05,8.17,16.38,8.76,30.91,12.43,4.73,75.62,28.65,11.75,11.48,5.05,10.7,22.96,92.18,18.62,20.24,30.02,13.05,81.77,41.97,170.97,40.5,17.68,35.54,28.29,16.5,50.73,40.95,35.33,63.69,65.13,38.08,10.82,18.71,228.87,12.31,52.27,21.63,15.92,12.7,9.81,118.41,3.05,12.26,8.56,69.97,25.32,305.28,21.41,34.35,160.72,17.68,7.47,63.44,32.04,25.42,52.41,18.7,60.7,5.77,33.39,33.45,87.06,23.22,48.93,8.31,14.58,9.26,73.92,61.31,665.34,25.81,26.46,71.13],[637.23,524.1,121.44,227.77,13.3,19.66,121.37,129.61,50.15,30.31,52.33,0,149.82,281.35,403.59,340.35,99.27,53.02,108.52,60.32,81.29,59.19,60.04,19.9,51.58,1956.7,45.65,47.5,6.94,72.68,63.21,12.18,251.13,16.97,58.64,6.56,13.37,18.08,52.75,193.66,14.42,12.02,22.93,32.32,155.4,74.67,343.57,77.75,39.61,59.31,58.87,37.9,100.4,86.85,69.56,128.06,120.14,70.73,18.21,38.39,515.36,23.08,99.19,46.59,27.13,31.14,26.83,271.65,13.58,35.16,16.02,87.54,113.71,817.67,17.01,43.99,227.15,108.28,47.91,70.39,16.18,66.22,78.13,28.05,39.22,41.1,6.75,26.39,15.03,65.15,243.88,13.71,27.52,57.4,97.84,90.86,30.99,49.04,44.15,80.68],[202.35,100.43,24.27,218.37,55.56,16.88,89.16,59.39,31.55,23.55,31.67,149.82,0,1070.29,162.15,432.65,140.93,49.89,130.39,71.26,36.13,68.05,73.77,20.91,60.53,429.92,46.29,47.24,16.15,52.49,37.14,25.94,47.49,41.49,12.86,21.84,18.46,55.68,36.1,176.43,30.31,20.42,32.98,28.61,105.97,53.62,231.05,51.69,31.51,44.54,45.33,26.44,60.19,58.53,50.51,84.31,85.69,46.82,12.19,24.68,382.67,18.03,77.68,38.4,22.17,24.38,21.92,210.39,19.54,18.57,10.5,48.99,43.7,226.7,27.83,9.27,103.39,29.83,22.27,26.3,16.16,69.92,64.68,25.2,49.92,11.95,22.14,40.67,33.6,42.55,150.14,19.43,32.73,30.3,63.73,62.47,30.16,39.45,21.74,70.37],[429.62,192.61,54.98,383.76,127.22,33.57,252.18,111.62,63.62,53.99,73.51,281.35,1070.29,0,261.72,713.21,269.97,113.86,318.27,144.16,64.44,108.59,132.21,40.99,116,994.98,95.3,78.23,25.25,105.29,55.11,58.64,91.4,82.91,29.08,64.23,49.18,109.58,80.52,492.84,79.93,41.79,79.79,67.83,274.25,140.55,566.05,131.41,73.79,128.85,112.67,66.89,157.05,142.73,125.05,210.26,214.99,119.29,32.51,60.81,883.17,45.92,200.48,93.88,58.36,63.15,47.93,459.37,57.24,32.2,18.9,101.15,59.15,475.93,71.3,21.96,243,72.2,55.22,54.8,37.65,150.84,127.98,48.73,99.18,20.23,52,58.22,58.15,74.22,316.06,34.08,53.45,58.74,106.17,118.16,59.02,100.28,55.82,165.68],[179.72,79.43,25.02,490.94,12.29,49.16,71.3,63.44,140.08,46.5,16.4,403.59,162.15,261.72,0,697.17,379.66,138.77,544.01,54.82,51.35,97,116.96,33.77,143.91,801.19,231.15,38.44,24.22,213.95,92.11,26.55,394.43,355.27,23.77,255.28,26.62,24.95,111.87,846.27,174.71,205.89,37.19,25.64,122.03,57.29,267.87,68.21,24.7,56.82,45.18,34.27,71.74,58.74,43.48,92.11,73.65,50.81,12.44,28.07,396.22,16.03,76.52,32.46,19.05,33.33,20.26,183.73,28.87,7.54,34.86,478.83,57.27,522.42,15.15,13.65,404.52,1.59,23.34,142.27,62.98,95.41,68.19,80.78,95.05,59.69,50.81,15.84,94.37,27.09,262.61,5.14,17.09,39.94,110.26,130.18,806.52,71.29,43.12,309.27],[549.47,252,56.05,726.38,49.23,60.66,131.87,141.93,66.45,87.99,99.68,340.35,432.65,713.21,697.17,0,767.35,646.82,458.22,271.55,155.06,278.13,459.12,85.83,193.98,921.28,128.97,112.76,41.7,99.34,137.45,60.91,173.98,199.83,41.51,54.48,43.99,42.95,86.02,332.86,21.89,58.06,87.67,58.2,305.32,166.34,654.79,157.13,72.18,139.83,114.79,67.25,159.25,138.11,132.74,216.79,245.62,129.35,39.33,62.96,887.31,50.14,217.41,95.42,69.24,62.38,45.07,519.16,59.25,45.58,83.33,390.06,181.58,1057.91,52.24,229.38,349.97,238.35,136.19,159.71,170.78,255.46,167.33,106.19,114.14,102.07,38.75,126.38,248.41,94.53,261.99,106.02,107.74,73.03,231.01,283.72,315.79,112.42,151.78,282.15],[326.24,117.08,49.65,539.65,400.84,13.44,19.78,88.69,53.11,51.02,61.04,99.27,140.93,269.97,379.66,767.35,0,129.75,236.78,77.69,71.37,410.77,428.06,181.42,89.57,1159.28,106.62,63.59,21.03,115.88,87.47,28.43,223.82,96.36,26.17,9.37,22.41,19.39,50.89,332.29,34.22,38.5,73.62,66.23,290.12,148.73,571.58,129.36,79.12,118.57,113.27,60.27,162.11,146.61,130.92,216.84,224.02,129.42,34.59,62.81,823.73,49.02,203.36,100.2,63.47,58.2,46.31,469.71,22.36,35.73,57.12,154.94,77.61,898.11,5.34,68.37,104.76,92.86,42.75,51.13,51.18,422.53,329.12,45.27,63.43,40.11,25.03,92.37,201.61,54.13,326.49,39.6,39.68,26.97,134.58,173.02,209.96,37.12,34.29,98.9],[226.86,51.89,16.39,249.98,5.31,8.96,32.44,35.06,14.68,15.86,15.04,53.02,49.89,113.86,138.77,646.82,129.75,0,256.13,99.33,44.78,59.03,105.89,15.42,61.03,310.22,37.81,34.29,5.99,19.54,26.82,16.6,50.56,57.62,8.08,19.14,20.46,8.83,14.31,84.38,2.34,8.83,12.95,16.98,64.82,31.03,129.09,33.69,12.98,40.09,26.57,21.31,37.11,29.51,23.08,45.43,38.3,24.56,6.35,13.43,211.56,9.31,47.53,19.52,11.72,22.98,10.95,84.13,6.22,8.2,12.74,111.53,33.97,111.05,9.42,112.46,65.37,57.42,21.55,35.21,24.75,52.6,32.09,13.12,16.23,17.59,6.15,17.91,82.74,14.92,63.04,24.48,21.38,10.19,46.77,89.76,133.25,28.36,72.34,66.04],[209.18,82.63,45.86,455.54,17.62,17.6,28.4,77.39,30.41,87.27,134.61,108.52,130.39,318.27,544.01,458.22,236.78,256.13,0,1070.11,498.55,268.33,382.11,93.32,93.97,996.93,56.28,92.83,30.32,130.84,91.48,30.44,188.56,154.76,16.13,29.85,38.95,7.44,136.64,594.58,31.64,10.49,13.9,43.17,252.52,125.2,631.49,159.03,53.41,78.56,81.25,52.97,128.9,117.86,89.42,188.63,156.57,95.9,25.5,56.84,878.23,27.93,130.67,55.06,33.62,38.79,40.02,449.56,58.01,64.9,15.12,505.48,74.13,433.43,26.54,18.56,200.6,7.19,80.05,31.41,83.16,129.1,98.34,69.13,103.53,61.83,18.14,67.98,51.39,38.61,80.71,90.07,53.33,84.73,65.48,83.34,46.31,10.95,27.86,73.54],[144.95,60.5,37.04,222.46,9.69,15.01,45.25,64.8,15.38,22.26,26.31,60.32,71.26,144.16,54.82,271.55,77.69,99.33,1070.11,0,454.41,77.05,171.51,40.18,87.53,705.43,87.3,110.75,26.81,101.05,74.9,33.63,108.33,44.95,6.94,17.44,19.87,1.74,32.3,123.32,17.3,10.41,47.04,67.65,276.14,132.36,643.49,122.04,81.24,100.57,102.09,73.11,162.39,142.52,128.86,198.71,232.87,101.1,29.47,59.06,1113.95,40.27,180.18,86.32,50.31,57.69,57.61,712.6,23.32,16.33,23.11,183.02,53.68,235.61,7.62,27.29,181.7,26.32,31.61,41.07,25.1,240.46,75.25,27.77,67.97,30.76,5.66,27.32,39.97,45.15,318.01,17.38,15.19,10.9,127.08,20.2,22.38,22.77,9.91,29.83],[75.53,48.97,27.6,126.72,3.39,3.64,25.81,43.06,20.53,3.52,16.13,81.29,36.13,64.44,51.35,155.06,71.37,44.78,498.55,454.41,0,62.82,199.57,45.22,29.98,362.9,82.82,34.03,13.88,47.44,55.39,13.87,58.92,20.89,6.19,4.47,20.6,2.25,34.62,121.59,9.52,8.02,13.84,28.5,110.17,53.16,236.83,55.95,31.64,32.88,44.4,24.68,58.1,59.26,45.02,86.61,68.68,44.55,9.97,24.94,391.14,14.59,62.65,32.66,16.51,21.72,18.87,181.01,4.84,5.56,2.22,52.94,14.79,36.52,5.91,19.76,32.44,30.41,26.07,7.84,21.02,70.31,43.41,11.54,12.8,10.33,21.62,2,11.28,7.68,47.11,7.38,6.69,10.75,14.77,33.91,8.75,28.76,71.32,7.78],[75.01,65.56,26.03,452.24,31.42,61.93,17.61,114.39,20.69,64.78,36.33,59.19,68.05,108.59,97,278.13,410.77,59.03,268.33,77.05,62.82,0,580.33,160.06,192.27,1025.24,20.45,62.85,46.6,124.6,57.73,30.42,340.52,71.03,89.14,5.54,9.17,53.25,60.02,254.6,83.27,18.75,11.05,35.73,188.75,82.27,348.8,76.34,43.73,65.85,63.92,43.97,132.17,101.75,75.7,147.47,117.83,76.12,18.49,42.96,474.82,23.37,100.31,49.69,25.78,39.11,21.82,201.05,8.48,25.69,23.6,223.01,66.62,194.63,131.14,11.07,39.98,66.83,49.16,71.52,20.28,322.07,156.75,38,56.23,13.87,0,12.8,32.45,19.1,86.7,5.79,13.69,63.51,27.34,28.94,27.38,26.69,18.72,21.95],[155.84,100.65,38.17,165.74,8.95,17.81,21.86,61.62,62.82,33.09,38.37,60.04,73.77,132.21,116.96,459.12,428.06,105.89,382.11,171.51,199.57,580.33,0,250.95,142.88,1129.86,69.95,66.24,41.63,188.05,82.16,129.92,154.02,60.38,38.24,25.3,26.96,13.96,45.34,162.67,25.22,16.5,8.49,23.26,133.74,65.48,310.32,76.06,28.37,45.07,47.87,34.24,69.76,59.3,47.25,95.21,83.31,52.86,13.83,28.8,441.71,16.34,73.6,32.94,20.53,32.16,20.57,234.03,21.61,61.74,55.72,137.37,189.33,423.61,101.26,95.44,89.68,20.46,38.51,41.74,46.5,395.07,496.11,64.92,163.15,100.44,2.39,80.35,32.64,100.5,209.65,40.84,84.73,49.8,88.48,46.01,26.82,21.69,22.7,30.92],[81.77,38.24,15.45,62.16,17.37,6.21,9.96,21.78,45.44,7.87,21.09,19.9,20.91,40.99,33.77,85.83,181.42,15.42,93.32,40.18,45.22,160.06,250.95,0,129.5,337.68,24.79,26.8,22.33,88.54,45.01,138.12,187.63,54.07,19,12.87,23.98,7.4,25.23,98.24,5.9,13.15,10.18,22.08,89.47,44.85,227.12,49.43,26.32,28.92,32.88,22.98,45.86,44.15,38.34,64.78,66.75,30.88,8.68,19.31,340.53,12.74,57.87,28.9,15.7,20.04,21.26,238.97,10.85,46.54,30.53,80.51,128.82,111.38,20.7,32.54,47.38,7.24,30.51,38.95,79.29,183.42,596.54,38.38,195.85,103.37,3.42,62.25,23.11,56.44,168.2,38.45,84.94,29.57,58.27,34.1,13.21,19.12,12.63,14.57],[103.04,44.06,13.81,241.7,11.55,57.37,6.43,30.01,16.13,60.09,38.13,51.58,60.53,116,143.91,193.98,89.57,61.03,93.97,87.53,29.98,192.27,142.88,129.5,0,1261.03,84.42,131.34,46.5,145.29,366.2,228.4,485.76,215.99,41.34,19.19,36.31,12.77,46.79,151.2,25.98,12.97,19.96,28.69,153.1,75.47,333.62,77.05,34.04,55.38,61.32,48.01,78.78,62.88,54.91,99.21,97.39,56.58,15.6,29.65,509.19,19.74,88.61,41.7,26.41,51.54,22.7,274.38,60.03,35.79,60.92,82.32,91.04,253.24,48.64,162.56,106.94,3.36,79.44,154.64,34.02,128.62,156.71,16.09,54.43,43.07,11.42,221.34,88.88,39.96,209.5,33.74,25.97,23.31,84.38,57.03,15.11,12.51,24.15,23.05],[953.87,666.14,255.28,2674.43,147.15,125.63,271.07,654.23,230.86,453.11,179.05,1956.7,429.92,994.98,801.19,921.28,1159.28,310.22,996.93,705.43,362.9,1025.24,1129.86,337.68,1261.03,0,1433.6,995.27,402.13,1484.93,845.59,680.57,1705.33,540.7,140.92,73.66,242.97,311.42,408.4,2344.23,163.1,156.99,197.51,151.93,792.44,367.12,1586.63,362.72,183.4,243.85,257.02,149.89,422.41,363.1,284.9,552.3,470.16,314.23,76.05,163.39,2251.42,96.43,409.69,195.28,116.72,129.87,103.39,1150.78,149.34,209.3,250.89,1163.51,785.66,4088.3,121.92,488.31,758.37,437.26,276.9,398.88,407.24,416.06,804.56,234.95,487.74,205.1,81.7,261.15,268.66,513.78,3051.35,192.87,339.58,193.69,583.26,355.44,390.43,104.17,188.08,302.14],[141.67,42.39,21.46,300.87,9.7,30.26,21.22,49.51,48.21,10.83,8.17,45.65,46.29,95.3,231.15,128.97,106.62,37.81,56.28,87.3,82.82,20.45,69.95,24.79,84.42,1433.6,0,357.48,43.55,215.74,56.29,32.65,75,103.23,40.11,8.46,23.14,19.93,25.05,99.21,25.59,29.75,17.96,23.71,143.16,66.4,278.29,66.82,28.6,44.52,42.63,23.7,70.8,59.06,45.79,94.05,76.82,57.05,13.79,28.06,374.63,16.32,69.45,30.8,20.41,20.72,15.35,176.13,9.14,24.77,9.07,93.37,27.03,116.62,20.27,5.01,98.39,3.14,33.22,44.12,10.05,29.49,15.47,43.09,41.07,14.5,13.21,7.11,28.72,20.62,139.54,7.81,9.85,32.67,28.11,18.27,14.42,13.36,24.86,15.91],[89.49,22.58,7.49,112.7,18.17,23.94,25.37,38.89,28.11,55.6,16.38,47.5,47.24,78.23,38.44,112.76,63.59,34.29,92.83,110.75,34.03,62.85,66.24,26.8,131.34,995.27,357.48,0,91.76,458.6,91.59,28.37,83.42,46.56,39.15,12.43,14.43,21.65,35.99,119.08,14.57,5.17,47.38,18.41,119.94,53.67,242.44,58.04,20.9,36.65,35.29,24.81,59.04,45.89,34.02,74.41,57.32,42.57,10.34,22.45,345.32,11.6,53.17,22.57,14.29,23.27,12.76,152.69,30.34,16.25,62.31,57.25,54.24,681.64,2.41,28.03,108.36,43.44,24.45,38.58,23.97,34,42.18,22.06,34.96,14.1,3.26,6.56,28.93,15.61,75.82,22.42,15.24,24.17,40.84,57.89,20.23,34.87,13.44,30.35],[76.97,15.58,5.77,50.71,3.65,3.97,19.03,39.22,21.87,9.55,8.76,6.94,16.15,25.25,24.22,41.7,21.03,5.99,30.32,26.81,13.88,46.6,41.63,22.33,46.5,402.13,43.55,91.76,0,1198.32,296.07,39.16,56.96,44.89,58.89,9.18,8.34,17.84,25.99,99.93,9.41,11.27,6.57,15.1,120.49,55.06,224.59,51.01,19.59,34.06,38.13,28.6,52.92,37.03,32.29,61.94,56.26,38.91,10.55,18.46,331.45,11.13,48.83,21.38,16.28,31.75,8.53,136.5,62.76,8.01,13.47,42.36,30.45,234.64,0.12,8.11,76.2,4.24,6.62,23.33,1.92,34.94,9.41,4.85,9.33,3.93,2.91,39.07,40.63,18.3,43.08,3.57,5.75,10.2,22.72,21.69,7,22.81,8.48,4.79],[160.36,124.48,38.32,310.48,25.37,32.81,39.66,141.2,46.97,140.35,30.91,72.68,52.49,105.29,213.95,99.34,115.88,19.54,130.84,101.05,47.44,124.6,188.05,88.54,145.29,1484.93,215.74,458.6,1198.32,0,319.99,230.39,170.68,327.31,65.12,40.91,39.32,189.96,81.34,279.67,114.28,85.95,95.73,34.34,223.07,97.17,439.59,102.16,41.07,49.94,56.9,33.57,95.23,81.15,57.36,131.07,91.47,74.59,16.34,39.32,613.26,18.73,80.99,36.58,21.84,27.57,21.43,286,21.1,32.15,60.6,154.93,49.4,333.73,7.66,52.22,49.08,8.1,19.47,48.92,16.19,124.24,94.76,23.53,28.77,27.96,22.79,79.36,70.11,26.56,153.95,30.68,28.43,25.56,65.11,78.02,32.39,81.55,43.22,100.09],[79.16,62.02,16.47,226.88,135.97,23.61,17.35,61.31,13.59,28.58,12.43,63.21,37.14,55.11,92.11,137.45,87.47,26.82,91.48,74.9,55.39,57.73,82.16,45.01,366.2,845.59,56.29,91.59,296.07,319.99,0,143.11,236.9,122.91,96.62,10.9,21.79,8.98,79.57,284.18,42.08,16.16,40.52,38.65,208.3,101.83,390.09,90.11,40.64,84.47,78.36,61.38,100.11,72.29,67.76,113.97,116.63,66.36,19.6,33.07,596.12,24.47,115.91,51.06,36.03,70.79,21.81,264.54,59.34,19.35,108.25,202.41,144.61,545.98,87.08,70.97,343.49,879.42,70.59,37.11,18.64,43.34,60.74,36.48,50.93,24.35,65.91,80.56,20.62,76.02,152.57,27.32,47.15,24.3,74.36,15.21,40.29,23.66,5.05,83.43],[34.17,12.95,5.81,251.05,5.22,7.13,5.7,14,4.71,29.78,4.73,12.18,25.94,58.64,26.55,60.91,28.43,16.6,30.44,33.63,13.87,30.42,129.92,138.12,228.4,680.57,32.65,28.37,39.16,230.39,143.11,0,688.63,384.95,111.93,10.14,17.97,8.38,57.13,214.97,19.05,8.08,7.11,27.25,152.26,80.01,289.51,66.56,32.17,67.94,52.77,34.78,69.65,53.13,55.61,84.66,102.54,54.52,16.86,24.91,363.88,22.14,98.11,43,33.89,38.74,17.37,232.97,48.97,92.46,15.25,114.26,34.85,307.87,37.81,24.67,122.12,50.63,69.62,134.77,40.38,62.34,67.78,23.36,46.58,38.16,99.27,2.32,14.56,23.87,30.96,7.25,7.79,25.71,40.64,15.55,8.82,25.5,12.52,8.15],[213.47,196.83,87.54,759.65,72.76,26.15,26.09,123.42,20.81,123.63,75.62,251.13,47.49,91.4,394.43,173.98,223.82,50.56,188.56,108.33,58.92,340.52,154.02,187.63,485.76,1705.33,75,83.42,56.96,170.68,236.9,688.63,0,1642.92,71.03,100.08,58.94,62.27,58.19,269.86,10.92,54.63,20.11,52.43,273.33,130.69,524.76,119.13,63.35,94.97,89.14,54.1,147.16,120.29,101.51,182.6,169.16,105.2,27.31,53.67,685.37,36.17,154.57,74.16,46.78,52.93,34.29,383.99,63.34,108.33,27.8,240.57,58.65,808.86,222.13,63.01,127.93,6.77,103.84,195.58,98.44,126.69,373.68,71.98,174.6,45.86,17.98,113.83,54.54,75.17,524.47,100.19,69.49,40.35,200.35,153.65,17.14,31.96,28.33,314.37],[88.02,14.07,67.72,340.13,38.98,24.36,14.3,35.87,13.25,1.41,28.65,16.97,41.49,82.91,355.27,199.83,96.36,57.62,154.76,44.95,20.89,71.03,60.38,54.07,215.99,540.7,103.23,46.56,44.89,327.31,122.91,384.95,1642.92,0,224.28,23.78,64.5,21.81,80.31,331.8,19.43,27.11,67.43,31.23,171.72,77.37,342.99,81.57,36.47,41.36,49.1,29.57,76.62,67.7,49.85,106.3,76.82,58.21,13.02,31.51,451,16.77,72.75,35.67,19.76,27.99,19.93,234.23,82.92,61.53,30.43,484.46,64.1,319.98,19.42,17.89,20.93,42.61,24.19,53.76,73.91,65.38,81.05,40.58,51.68,29.5,7.47,14.55,23.76,92.27,151.46,77.8,52.28,29.54,28.05,17.5,22.71,39.09,6.6,10.54],[35.55,31.64,10.62,121.63,3.18,4.3,5.94,23.12,7.98,1.65,11.75,58.64,12.86,29.08,23.77,41.51,26.17,8.08,16.13,6.94,6.19,89.14,38.24,19,41.34,140.92,40.11,39.15,58.89,65.12,96.62,111.93,71.03,224.28,0,23.46,66.37,10.32,37.14,164.11,9.78,29.76,19.54,16.42,109.58,52.28,207.51,47.56,18.64,38.11,38.79,31.95,49.05,33.34,31.4,54.88,54.42,32.3,9.29,16.34,288.78,11.21,53.03,23.36,17.22,38.82,9.59,139.53,320.37,34.34,61.08,541.7,114.7,329.24,37.49,33.45,47.6,29.82,31.72,62.3,7.69,32.75,15.56,14.97,12.78,14.8,3.18,18.67,24.01,2.67,35.63,6.32,8.43,3.8,41.34,39.89,12.07,75.88,17.44,32.29],[41.36,8.34,6.64,161.57,11.48,25.53,11.06,32.09,4.34,64.45,11.48,6.56,21.84,64.23,255.28,54.48,9.37,19.14,29.85,17.44,4.47,5.54,25.3,12.87,19.19,73.66,8.46,12.43,9.18,40.91,10.9,10.14,100.08,23.78,23.46,0,98.55,174.23,164.59,871.7,64.41,50.82,99.79,12.07,95.62,38.68,158.45,32.75,14.56,13.49,13.2,7.31,20.83,16.88,14.14,28.61,22.26,15.76,3.79,8.38,160.22,4.02,18.16,7.99,6.2,6.5,3.62,86.51,5.88,14.51,36.18,79.13,26.58,193.98,4.94,19.19,15.15,27.2,12.86,10.41,11.58,12.89,6.97,12.73,9.89,25.32,0,3.51,6.39,8.9,34.9,3.34,4.42,7.67,10.16,1.71,42.8,1.15,3.55,8.42],[40.5,18.82,8.97,87.35,6.54,18.12,38.42,28.99,65.2,758.21,5.05,13.37,18.46,49.18,26.62,43.99,22.41,20.46,38.95,19.87,20.6,9.17,26.96,23.98,36.31,242.97,23.14,14.43,8.34,39.32,21.79,17.97,58.94,64.5,66.37,98.55,0,58.38,126.75,495.34,117.22,75.33,43.67,11.3,136.29,53.08,252.25,57.33,14.75,21.02,21.07,15.07,43.76,31.04,20.09,55.13,31.69,29.8,6.84,16.78,255.99,5.73,27.42,10.51,6.86,13.82,6.1,118.69,8.91,7.44,37.22,367.13,69.19,108.84,9.85,7.71,32.64,3.18,11.72,57.83,1.31,18.22,39.44,53.23,84.45,19.68,0.83,6.54,31.37,36.88,263.61,21.22,20.42,7.49,18.85,16.61,36.4,14.32,6.5,20.89],[44.68,24.35,16.61,275.05,7.48,24.62,6.11,46.82,33.03,11.75,10.7,18.08,55.68,109.58,24.95,42.95,19.39,8.83,7.44,1.74,2.25,53.25,13.96,7.4,12.77,311.42,19.93,21.65,17.84,189.96,8.98,8.38,62.27,21.81,10.32,174.23,58.38,0,288.19,1248.29,97.66,106.89,13.77,19.48,168.81,65.68,295.63,61.14,21.21,23.77,23.64,17.36,37.26,30.13,23.12,52.55,34.05,25.47,5.95,15.67,269.63,6.29,33.68,14.57,8.39,20.6,8.07,171.25,26.21,4.32,28.2,372.23,47.94,322.66,10.56,54.66,16.83,4.61,77.14,36.97,28.22,3.57,19.21,7.31,52.16,15.61,1.27,38.18,9.02,14.64,132.52,8.64,5.66,10.48,31.52,6.09,54.17,32.82,9.69,15.32],[122.01,38.57,37.24,508.19,47.24,27.17,37.54,71.82,20.89,42.57,22.96,52.75,36.1,80.52,111.87,86.02,50.89,14.31,136.64,32.3,34.62,60.02,45.34,25.23,46.79,408.4,25.05,35.99,25.99,81.34,79.57,57.13,58.19,80.31,37.14,164.59,126.75,288.19,0,3348.49,177.63,83.54,146.82,22.25,164.45,71.81,308.14,65.44,26.42,23.92,23.31,13.53,24.09,21.72,20.95,38.3,36.4,20.93,5.45,11.21,268.61,7.14,34.84,15.49,12.72,14.92,8.51,218.11,40.67,30.32,82.52,282.82,106.73,645.45,15.01,71.03,103.48,21.72,73.61,55.79,23.98,40.05,35.75,22.52,48.01,31.51,25.03,30.9,96.54,28.18,155.77,27.54,30.45,31.9,69.8,36.05,17.32,18.24,205.08,90.56],[584.54,172.45,155.3,2320.42,282.05,177.95,133.92,355.04,83.41,366.2,92.18,193.66,176.43,492.84,846.27,332.86,332.29,84.38,594.58,123.32,121.59,254.6,162.67,98.24,151.2,2344.23,99.21,119.08,99.93,279.67,284.18,214.97,269.86,331.8,164.11,871.7,495.34,1248.29,3348.49,0,951.58,557.1,606.87,105.46,768.34,311.73,1367.23,278.56,124.92,85.75,92.66,52.27,111.36,106.88,87.79,187.76,140.6,99.22,21.83,55.51,1204.2,27.11,126.13,61.05,41.03,51.35,35.54,952.3,135.36,137.49,251.03,1261.33,383.11,1473.01,36.95,345.53,246.3,95.01,233.32,238.64,158.8,176.72,126.11,77.88,195.54,108.35,94.54,128.1,362.89,111.78,698.41,91.25,125.06,119.53,313.52,162.24,113.62,71.43,849.66,404.31],[291.56,50.79,38.62,236.09,27.72,14.61,7.64,40.74,5.48,2.2,18.62,14.42,30.31,79.93,174.71,21.89,34.22,2.34,31.64,17.3,9.52,83.27,25.22,5.9,25.98,163.1,25.59,14.57,9.41,114.28,42.08,19.05,10.92,19.43,9.78,64.41,117.22,97.66,177.63,951.58,0,146.72,169.05,21.83,248.59,87.09,384.24,73.39,25.27,23.9,20.9,12.71,34.41,26.78,21.81,50.24,33.22,23.99,5.82,14.71,289.66,4.98,26.23,11.07,8.57,13.79,4.81,163.43,14.25,26.25,7.82,174.57,43.71,304.22,23.05,14.9,5.24,60.48,7.99,25.54,4.42,26.24,15.57,30.36,26.34,6.97,6.02,9.99,21.54,16.72,45.73,19.31,25.53,5.13,31.34,22.3,1.21,19.5,32.44,40.46],[57.01,28.01,83.37,187,8.57,17.22,7.96,52.66,3.13,5.22,20.24,12.02,20.42,41.79,205.89,58.06,38.5,8.83,10.49,10.41,8.02,18.75,16.5,13.15,12.97,156.99,29.75,5.17,11.27,85.95,16.16,8.08,54.63,27.11,29.76,50.82,75.33,106.89,83.54,557.1,146.72,0,562.24,12.07,148.95,45.75,214.75,36.98,12.15,13.45,10.62,7.55,19.77,14.4,10.77,25.76,16.55,10.99,2.93,7.53,186.66,2.19,13.53,5.55,3.52,7.93,2.99,87.59,2.09,0.99,15.59,207.2,109.24,599.05,2.31,20.57,46.79,2.51,8.82,31.1,13.5,7.58,94.56,13.62,12.2,4.49,0.83,2.46,3.72,1.37,3.64,11.36,11.91,13.11,38.74,9.67,8.13,7.99,10.55,6.85],[70.88,24.93,9.5,295.69,40.95,8.31,11.61,38.9,14.65,3.17,30.02,22.93,32.98,79.79,37.19,87.67,73.62,12.95,13.9,47.04,13.84,11.05,8.49,10.18,19.96,197.51,17.96,47.38,6.57,95.73,40.52,7.11,20.11,67.43,19.54,99.79,43.67,13.77,146.82,606.87,169.05,562.24,0,12.21,157.68,56.58,273.13,52.14,14.96,12.88,11.75,7.41,17.73,13.85,8.95,26.82,15.83,12.68,3.08,7.89,240.81,2.48,13.42,5.56,3.78,6.22,3.97,126.51,3.92,1.59,24.78,273.69,57.68,789.12,1.88,4.64,0.96,1.39,5.87,16.51,19.61,4.96,92.7,9.56,14.44,5.15,4.68,12.94,40.93,8.87,19.8,7.35,8.85,14.05,4.81,10.37,4.17,9.98,121.05,31.43],[85.41,18.45,12.51,170.35,15.4,10.02,13.2,34.83,10.51,40.76,13.05,32.32,28.61,67.83,25.64,58.2,66.23,16.98,43.17,67.65,28.5,35.73,23.26,22.08,28.69,151.93,23.71,18.41,15.1,34.34,38.65,27.25,52.43,31.23,16.42,12.07,11.3,19.48,22.25,105.46,21.83,12.07,12.21,0,0,0,0,0,0,0,0,0,0,0,0,0,0,0,0,0,0,0,0,0,0,0,0,0,19.63,23.01,7.54,75.2,33.63,234.29,39.5,25.73,68.43,33.48,21.34,31.62,17.01,27.53,36.35,15.91,36.03,20.07,16.35,25.72,13.4,20.67,62.45,16.98,19.93,18.71,57.9,23.31,31.84,16.89,10.02,24.95],[424.33,104.93,69.11,891.3,65.61,59.7,63.41,209.11,64.72,125.48,81.77,155.4,105.97,274.25,122.03,305.32,290.12,64.82,252.52,276.14,110.17,188.75,133.74,89.47,153.1,792.44,143.16,119.94,120.49,223.07,208.3,152.26,273.33,171.72,109.58,95.62,136.29,168.81,164.45,768.34,248.59,148.95,157.68,0,0,0,0,0,0,0,0,0,0,0,0,0,0,0,0,0,0,0,0,0,0,0,0,0,83.34,125.28,81.06,442.31,200,1397.98,204,112.27,318.51,163.6,107.14,146.02,99.88,139.57,191.47,75.42,162.36,106.12,76.64,75.22,96.36,112.73,315.53,90.53,86.88,79.7,193.27,118.05,116.82,83.75,134.02,130.72],[201.58,52.79,37.75,425.4,34.79,26.97,30.67,95.44,30.04,64.84,41.97,74.67,53.62,140.55,57.29,166.34,148.73,31.03,125.2,132.36,53.16,82.27,65.48,44.85,75.47,367.12,66.4,53.67,55.06,97.17,101.83,80.01,130.69,77.37,52.28,38.68,53.08,65.68,71.81,311.73,87.09,45.75,56.58,0,0,0,0,0,0,0,0,0,0,0,0,0,0,0,0,0,0,0,0,0,0,0,0,0,39.51,66.76,30.64,198.57,95.33,681.18,107.76,58.76,157.9,86.5,53.52,71.14,50.87,72.85,105.65,39.17,86.36,55.02,45.38,34.12,45.52,58.5,154.44,52.26,48.49,40.38,96.01,63.37,58.92,41.62,56.39,67.8],[892.1,240.3,141.52,1830.81,140.58,130.17,151.97,482.9,142.94,263.97,170.97,343.57,231.05,566.05,267.87,654.79,571.58,129.09,631.49,643.49,236.83,348.8,310.32,227.12,333.62,1586.63,278.29,242.44,224.59,439.59,390.09,289.51,524.76,342.99,207.51,158.45,252.25,295.63,308.14,1367.23,384.24,214.75,273.13,0,0,0,0,0,0,0,0,0,0,0,0,0,0,0,0,0,0,0,0,0,0,0,0,0,168.69,242.66,120.97,849.86,371.75,2436.68,371.54,202.06,592.77,315.25,229.59,293.67,233.41,304.44,397.75,178.48,370.83,251.7,140.32,149.09,218.91,274.09,665.16,194.72,194.48,195.71,446.82,263.86,260.88,192.24,294.8,276.13],[200.35,63.33,33.45,446.16,34.36,31.54,38.94,116.4,36.14,66.44,40.5,77.75,51.69,131.41,68.21,157.13,129.36,33.69,159.03,122.04,55.95,76.34,76.06,49.43,77.05,362.72,66.82,58.04,51.01,102.16,90.11,66.56,119.13,81.57,47.56,32.75,57.33,61.14,65.44,278.56,73.39,36.98,52.14,0,0,0,0,0,0,0,0,0,0,0,0,0,0,0,0,0,0,0,0,0,0,0,0,0,42.61,56.59,16.42,194.31,86.06,437.15,64.74,44.51,102.01,63.02,55.95,64.83,60.41,70.56,92.02,40.11,89.26,65.87,30.4,47.05,65.45,76.42,164.2,44.82,50.32,45.2,121.31,68.79,60.88,45.3,84.86,73.02],[107.01,22.35,17.05,212.7,18.48,13.12,15.54,44.42,12.81,43.59,17.68,39.61,31.51,73.79,24.7,72.18,79.12,12.98,53.41,81.24,31.64,43.73,28.37,26.32,34.04,183.4,28.6,20.9,19.59,41.07,40.64,32.17,63.35,36.47,18.64,14.56,14.75,21.21,26.42,124.92,25.27,12.15,14.96,0,0,0,0,0,0,0,0,0,0,0,0,0,0,0,0,0,0,0,0,0,0,0,0,0,14.54,27.3,13.32,91.67,35.03,322.43,54.69,25.52,84.77,43.46,23.58,38.46,21.54,34.03,47.11,20.68,43.13,22.88,21.55,11.49,16.97,24.06,77.36,23.22,23.59,22.98,48.89,28.79,37.17,21.14,15.53,30.99],[191.21,42.49,34.01,378.51,29.26,23.78,24.03,81.7,25.97,46.74,35.54,59.31,44.54,128.85,56.82,139.83,118.57,40.09,78.56,100.57,32.88,65.85,45.07,28.92,55.38,243.85,44.52,36.65,34.06,49.94,84.47,67.94,94.97,41.36,38.11,13.49,21.02,23.77,23.92,85.75,23.9,13.45,12.88,0,0,0,0,0,0,0,0,0,0,0,0,0,0,0,0,0,0,0,0,0,0,0,0,0,39.87,54.81,26.93,110.85,74.65,512.21,83.54,65.23,157.5,73.23,46.17,50.2,32.61,56.35,84.58,30.82,61.53,45.28,37.55,80.25,33.71,46.3,117.39,46.4,40.24,29.39,123.11,50.39,46.39,35.93,42.18,56.06],[170.85,40.16,27.72,365.68,30.53,23.17,27.69,78.77,24.04,68.51,28.29,58.87,45.33,112.67,45.18,114.79,113.27,26.57,81.25,102.09,44.4,63.92,47.87,32.88,61.32,257.02,42.63,35.29,38.13,56.9,78.36,52.77,89.14,49.1,38.79,13.2,21.07,23.64,23.31,92.66,20.9,10.62,11.75,0,0,0,0,0,0,0,0,0,0,0,0,0,0,0,0,0,0,0,0,0,0,0,0,0,27.93,44.24,17.33,114.7,62.84,390.94,64.13,42.99,109.19,56.9,38.72,50.33,32.7,49.08,69.12,28,61.37,36.76,29.68,36.17,34.11,42.7,115.61,35.15,37.61,31.39,93.5,46.9,53.32,33.29,38.54,54.81],[115,25.24,14.91,215.22,15.27,16.15,16.97,54.74,16.83,32.91,16.5,37.9,26.44,66.89,34.27,67.25,60.27,21.31,52.97,73.11,24.68,43.97,34.24,22.98,48.01,149.89,23.7,24.81,28.6,33.57,61.38,34.78,54.1,29.57,31.95,7.31,15.07,17.36,13.53,52.27,12.71,7.55,7.41,0,0,0,0,0,0,0,0,0,0,0,0,0,0,0,0,0,0,0,0,0,0,0,0,0,23.73,29,19.11,73.54,50.21,274.11,40.23,32.21,86.39,36.77,29,30.85,19.45,28.44,38.92,18.86,36.75,26.67,14.06,36.09,24.08,31.64,70.58,19.93,21.58,20.9,73.69,26.26,31.83,22.43,27.41,29.23],[324.84,64.57,44.8,660.43,42.08,48.62,44.34,160.97,46.2,74.65,50.73,100.4,60.19,157.05,71.74,159.25,162.11,37.11,128.9,162.39,58.1,132.17,69.76,45.86,78.78,422.41,70.8,59.04,52.92,95.23,100.11,69.65,147.16,76.62,49.05,20.83,43.76,37.26,24.09,111.36,34.41,19.77,17.73,0,0,0,0,0,0,0,0,0,0,0,0,0,0,0,0,0,0,0,0,0,0,0,0,0,32.65,56.96,65.08,198.16,84.67,743.1,104.42,57.45,202.62,91.42,56.47,79.84,47.75,69.72,94.78,46.3,78.88,53.97,38.04,42.89,58.03,61.55,189.65,51.09,47.96,47.14,117.77,66.53,76.13,56.69,96.36,83.2],[269.68,56.29,38.06,560.64,40.69,39.98,41.68,134.88,37.57,85.45,40.95,86.85,58.53,142.73,58.74,138.11,146.61,29.51,117.86,142.52,59.26,101.75,59.3,44.15,62.88,363.1,59.06,45.89,37.03,81.15,72.29,53.13,120.29,67.7,33.34,16.88,31.04,30.13,21.72,106.88,26.78,14.4,13.85,0,0,0,0,0,0,0,0,0,0,0,0,0,0,0,0,0,0,0,0,0,0,0,0,0,25.11,44.93,38.14,163.12,60.76,551.99,82.99,42.97,148.52,73.44,45.57,68.51,43.34,61.65,81.18,41.19,75.05,46.89,33.94,30.89,47.36,54.75,163.7,44.26,46.27,44.64,108.6,61.09,74.59,49.31,69.52,74.39],[207.55,42.27,34.71,409.63,33.76,26.59,28.8,91.3,25.62,65.1,35.33,69.56,50.51,125.05,43.48,132.74,130.92,23.08,89.42,128.86,45.02,75.7,47.25,38.34,54.91,284.9,45.79,34.02,32.29,57.36,67.76,55.61,101.51,49.85,31.4,14.14,20.09,23.12,20.95,87.79,21.81,10.77,8.95,0,0,0,0,0,0,0,0,0,0,0,0,0,0,0,0,0,0,0,0,0,0,0,0,0,20.77,46.75,32.14,130.56,57.8,570.01,93.22,45.17,149.63,75.22,39.39,59.23,35.05,57.53,83.09,36.47,67.96,38.96,38.67,21.56,30.59,42.01,130.54,45.97,41.64,37.79,83.18,52.19,60.75,39.79,36.25,58.46],[387.07,88.96,57.87,829.97,60.12,58.14,61.93,199.94,57.39,119.38,63.69,128.06,84.31,210.26,92.11,216.79,216.84,45.43,188.63,198.71,86.61,147.47,95.21,64.78,99.21,552.3,94.05,74.41,61.94,131.07,113.97,84.66,182.6,106.3,54.88,28.61,55.13,52.55,38.3,187.76,50.24,25.76,26.82,0,0,0,0,0,0,0,0,0,0,0,0,0,0,0,0,0,0,0,0,0,0,0,0,0,41.29,71.65,56.69,258.31,99.45,832.44,121.82,66.09,215.24,109.17,72.32,102.1,71.15,96.25,126.66,60.71,115.76,76.48,50.43,52.71,81.51,89.67,252.23,68.46,70.95,66.43,164.1,96.29,105.84,73.84,120.38,115.6],[356.28,72.5,63.66,685.31,57.54,43.99,47.15,158.45,43.38,94.28,65.13,120.14,85.69,214.99,73.65,245.62,224.02,38.3,156.57,232.87,68.68,117.83,83.31,66.75,97.39,470.16,76.82,57.32,56.26,91.47,116.63,102.54,169.16,76.82,54.42,22.26,31.69,34.05,36.4,140.6,33.22,16.55,15.83,0,0,0,0,0,0,0,0,0,0,0,0,0,0,0,0,0,0,0,0,0,0,0,0,0,35.18,84.44,47.17,201.85,96.3,937.94,162.42,78.93,255.51,131.07,67.36,97.55,61.7,105.75,154.2,64.42,118.78,67.28,69.62,34.43,48.86,69.14,215.29,87.01,71.36,64.69,132.13,91.18,97.06,69.85,61.33,99.03],[212.55,49.72,34.25,490.21,35.58,31.42,34.18,113.59,32.25,63.05,38.08,70.73,46.82,119.29,50.81,129.35,129.42,24.56,95.9,101.1,44.55,76.12,52.86,30.88,56.58,314.23,57.05,42.57,38.91,74.59,66.36,54.52,105.2,58.21,32.3,15.76,29.8,25.47,20.93,99.22,23.99,10.99,12.68,0,0,0,0,0,0,0,0,0,0,0,0,0,0,0,0,0,0,0,0,0,0,0,0,0,22.23,44.86,24.27,141.19,55.21,436.36,67.77,39.21,111.49,61.59,39.68,56.82,40.89,58.78,78.35,30.1,64.72,39.48,31.77,32.03,50.74,44.85,145.05,40.79,39.33,34.31,83.74,56.57,55.17,41.2,78.8,69.4],[54.22,12.63,10,115.06,8.95,7.33,7.78,26.4,7.65,13.66,10.82,18.21,12.19,32.51,12.44,39.33,34.59,6.35,25.5,29.47,9.97,18.49,13.83,8.68,15.6,76.05,13.79,10.34,10.55,16.34,19.6,16.86,27.31,13.02,9.29,3.79,6.84,5.95,5.45,21.83,5.82,2.93,3.08,0,0,0,0,0,0,0,0,0,0,0,0,0,0,0,0,0,0,0,0,0,0,0,0,0,5.75,13.42,6.75,32.91,15.38,126.33,20.85,11.4,33.12,18.03,10.66,14.56,10.59,16.63,24.24,8.97,17.93,10.85,9.78,7,10.71,11.88,35.22,12.75,10.91,9.11,20.62,14.9,13.72,10.65,15.66,17.19],[115.19,26.68,16.48,249.94,17.59,17.67,19.07,62.65,17.56,33.72,18.71,38.39,24.68,60.81,28.07,62.96,62.81,13.43,56.84,59.06,24.94,42.96,28.8,19.31,29.65,163.39,28.06,22.45,18.46,39.32,33.07,24.91,53.67,31.51,16.34,8.38,16.78,15.67,11.21,55.51,14.71,7.53,7.89,0,0,0,0,0,0,0,0,0,0,0,0,0,0,0,0,0,0,0,0,0,0,0,0,0,12.45,21.15,16.54,76.5,29.5,242.67,35.47,19.47,63.2,32,21.58,29.95,21.54,28.79,37.07,17.82,34.16,22.91,14.42,16.59,25.64,26.64,75.45,20.01,20.6,19.92,48.97,28.68,30.88,22.38,39.45,34.22],[1328.09,332.86,191.04,2703.2,227.61,190.27,247.86,752.68,207.72,491.83,228.87,515.36,382.67,883.17,396.22,887.31,823.73,211.56,878.23,1113.95,391.14,474.82,441.71,340.53,509.19,2251.42,374.63,345.32,331.45,613.26,596.12,363.88,685.37,451,288.78,160.22,255.99,269.63,268.61,1204.2,289.66,186.66,240.81,0,0,0,0,0,0,0,0,0,0,0,0,0,0,0,0,0,0,0,0,0,0,0,0,0,243.42,292.85,113.74,989.92,448.31,2587.23,409.42,254.97,739.01,374.08,295.11,388.83,289.02,411.57,497.75,239.26,500.19,306.73,156.96,237.52,272.18,338,860.71,238.1,258.78,280.97,707.98,341.48,400.82,276.27,346.44,379.51],[67.21,14.45,12.53,138.8,11.99,7.64,8.85,26.93,8.01,21.92,12.31,23.08,18.03,45.92,16.03,50.14,49.02,9.31,27.93,40.27,14.59,23.37,16.34,12.74,19.74,96.43,16.32,11.6,11.13,18.73,24.47,22.14,36.17,16.77,11.21,4.02,5.73,6.29,7.14,27.11,4.98,2.19,2.48,0,0,0,0,0,0,0,0,0,0,0,0,0,0,0,0,0,0,0,0,0,0,0,0,0,9.2,18.97,7.46,45.49,21.64,194.24,34.29,19.4,54.72,29,15.33,21.49,13.22,22.09,32.52,12.18,25.84,14.91,16.32,14.2,13.62,15.57,49.94,18.37,16.53,13.19,33.73,20.57,21.53,13.81,12.91,21.89],[286.08,63.72,51.85,567.97,48.82,32.96,38.31,116.94,35.42,89.75,52.27,99.19,77.68,200.48,76.52,217.41,203.36,47.53,130.67,180.18,62.65,100.31,73.6,57.87,88.61,409.69,69.45,53.17,48.83,80.99,115.91,98.11,154.57,72.75,53.03,18.16,27.42,33.68,34.84,126.13,26.23,13.53,13.42,0,0,0,0,0,0,0,0,0,0,0,0,0,0,0,0,0,0,0,0,0,0,0,0,0,50.95,83.32,33.65,197.46,104.2,830.99,143.73,87.64,238.1,122.53,69.73,90.99,58.05,94.93,138.65,53.98,112.38,69.43,66.52,72.31,56.92,72.23,208.81,77.19,70.53,57.74,161.46,87.01,90.44,59.44,53.47,89.83],[131.83,27.39,22.65,261.39,22.98,14.48,17.31,48.51,14.75,49.52,21.63,46.59,38.4,93.88,32.46,95.42,100.2,19.52,55.06,86.32,32.66,49.69,32.94,28.9,41.7,195.28,30.8,22.57,21.38,36.58,51.06,43,74.16,35.67,23.36,7.99,10.51,14.57,15.49,61.05,11.07,5.55,5.56,0,0,0,0,0,0,0,0,0,0,0,0,0,0,0,0,0,0,0,0,0,0,0,0,0,20.53,38.14,14.71,97.52,45.94,403.34,71.38,40.42,115.38,60.7,32.36,46.46,26.46,43.26,63.58,25.43,54.99,30.96,34.13,29.35,27.54,33.22,105.58,35.77,35.46,28.83,75.93,41.73,49.08,27.47,18.06,42.03],[75.97,17.21,16.3,153.86,14.38,7.69,9.27,27.68,8.68,24.3,15.92,27.13,22.17,58.36,19.05,69.24,63.47,11.72,33.62,50.31,16.51,25.78,20.53,15.7,26.41,116.72,20.41,14.29,16.28,21.84,36.03,33.89,46.78,19.76,17.22,6.2,6.86,8.39,12.72,41.03,8.57,3.52,3.78,0,0,0,0,0,0,0,0,0,0,0,0,0,0,0,0,0,0,0,0,0,0,0,0,0,12.82,28.81,7.42,56.42,32.52,273.82,50.7,28.65,72.96,40.63,20.26,27.32,17.18,30.06,47.08,15.3,34.58,19.5,24.53,18.28,15.51,19.21,60.46,25.79,21.8,15.9,40.26,26.66,24.99,16.33,11.67,26.47],[91.6,21.16,12.23,172.89,12.81,11.34,12.57,36.96,13.09,30.58,12.7,31.14,24.38,63.15,33.33,62.38,58.2,22.98,38.79,57.69,21.72,39.11,32.16,20.04,51.54,129.87,20.72,23.27,31.75,27.57,70.79,38.74,52.93,27.99,38.82,6.5,13.82,20.6,14.92,51.35,13.79,7.93,6.22,0,0,0,0,0,0,0,0,0,0,0,0,0,0,0,0,0,0,0,0,0,0,0,0,0,29.22,33.66,18.69,77.66,63.18,305.61,43.89,40.55,94.26,40.33,32.16,31.21,18.04,26.31,38.29,15.61,36.7,27.34,16.83,48.95,28.46,32.9,72.38,19.12,22.9,18.89,81.13,26.14,31.01,19.23,21.25,26.74],[65.17,15.09,9.04,120.09,10.97,7.34,10.54,29.37,8,24.67,9.81,26.83,21.92,47.93,20.26,45.07,46.31,10.95,40.02,57.61,18.87,21.82,20.57,21.26,22.7,103.39,15.35,12.76,8.53,21.43,21.81,17.37,34.29,19.93,9.59,3.62,6.1,8.07,8.51,35.54,4.81,2.99,3.97,0,0,0,0,0,0,0,0,0,0,0,0,0,0,0,0,0,0,0,0,0,0,0,0,0,13.35,15.46,2.56,49.68,20.45,142.65,26.94,16.18,50.23,25.23,17.45,23.32,16.38,23.58,28.44,15.1,31.27,19.23,11.16,18.08,15.94,20.14,53.99,15.62,17.26,19.29,47.06,21.06,26.96,15.9,11.36,18.72],[610.52,141.67,100.65,1055.31,101.68,65.47,92.83,295.57,76.27,177.49,118.41,271.65,210.39,459.37,183.73,519.16,469.71,84.13,449.56,712.6,181.01,201.05,234.03,238.97,274.38,1150.78,176.13,152.69,136.5,286,264.54,232.97,383.99,234.23,139.53,86.51,118.69,171.25,218.11,952.3,163.43,87.59,126.51,0,0,0,0,0,0,0,0,0,0,0,0,0,0,0,0,0,0,0,0,0,0,0,0,0,137.62,199.68,50.53,634.3,266.68,2136.59,398.34,180.91,623.72,310.4,184.23,253.15,176.56,274.25,347.61,158.24,332.82,194.97,130.15,100.11,121.51,176.56,490.62,177.61,151.81,188.06,333.06,195.47,218.44,152.94,102.86,160.16],[59.58,31.01,8.75,77.65,3.98,1.34,1.82,14.7,3.1,1,3.05,13.58,19.54,57.24,28.87,59.25,22.36,6.22,58.01,23.32,4.84,8.48,21.61,10.85,60.03,149.34,9.14,30.34,62.76,21.1,59.34,48.97,63.34,82.92,320.37,5.88,8.91,26.21,40.67,135.36,14.25,2.09,3.92,19.63,83.34,39.51,168.69,42.61,14.54,39.87,27.93,23.73,32.65,25.11,20.77,41.29,35.18,22.23,5.75,12.45,243.42,9.2,50.95,20.53,12.82,29.22,13.35,137.62,0,56.14,99.93,411.26,260.72,371.63,8.13,69.23,260.66,17.9,20.2,28.93,33.27,65.22,10.28,8.98,19.85,28.85,0.48,60.27,7.96,29.73,136.51,12.99,9.51,8.36,36.84,8.81,9.83,5.87,0.98,50.3],[39.16,36.77,20.93,136.77,6.77,15.36,28.23,15.73,9.31,22.38,12.26,35.16,18.57,32.2,7.54,45.58,35.73,8.2,64.9,16.33,5.56,25.69,61.74,46.54,35.79,209.3,24.77,16.25,8.01,32.15,19.35,92.46,108.33,61.53,34.34,14.51,7.44,4.32,30.32,137.49,26.25,0.99,1.59,23.01,125.28,66.76,242.66,56.59,27.3,54.81,44.24,29,56.96,44.93,46.75,71.65,84.44,44.86,13.42,21.15,292.85,18.97,83.32,38.14,28.81,33.66,15.46,199.68,56.14,0,68.18,341.98,153.2,652.57,19.8,101.15,352.99,86.68,124.45,356.55,16.23,23.21,68.32,49.56,81.46,36.08,29.29,21.04,34,37.9