{"data":[[0,1858.99,376.46,531.15,5286.52,695.71,383.51,202.09,230.22,213.98,218.04,142.05,151.87,88.29,46.62,86.09,18.42,157.48,627.44,118.27,344.91,206.73,159.45,437.8,79.16,55.73,79.22,165.89,107.94,98.05,20,15.26,49.59,22.59,87.86,72.95,364,54.26,71.02,60.17,79.31,52.54,71.73,48.32,29.31,193.85,109.35,78.45,37.53,225.14,214.93,47.4,39.07,19.38,35.47,65.67,57.12,68.62,42.57,41.98,90.4,102.15,23.7,484.33,59.03,79.45,75.23,50.59,66.95,103.12,285.33,49.29,85.97,182.12,177.75,77.5,58.81,29.46,31.49,78.94,34.52,34.46,111.74,61.56,73.42,52.9,40.36,401.42,228.39,112.78,70.24,58.4,496.14,467.48,217.73,348.92,209.91,122.23,560.65,1421.99],[1858.99,0,1384.82,684.55,1278.8,220.36,295.94,183.09,77.29,115.51,263.91,113.77,60.26,35.63,54.54,41.1,109.76,104.26,456.42,55.25,83.41,76.02,101.06,81.03,48.75,218.73,39.51,37.76,55.25,60.51,7.39,25.47,7.03,25.51,12.61,26.73,260.81,31.59,36.8,20.1,23.68,20.72,30.51,10.53,5.01,16.45,17.8,34.25,15.59,65.13,57.37,11.83,19.27,6.04,8.22,11.57,9.87,13.55,9.05,11.93,11.5,20.65,10.88,147.81,11.05,18.62,21.51,11.21,25.45,28.12,77.79,10.99,21.13,148.55,33.51,21.34,34.71,9.85,48.46,19.82,110.72,19.53,38.89,52.85,32.85,15.65,14.26,50.27,65.12,31.96,35.43,26.71,483.36,155.88,71.29,128.56,116.42,99.12,438.38,603.54],[376.46,1384.82,0,850.5,500.72,96.86,216.07,129.76,48.3,32.6,187.37,79.23,29.49,21.54,31.1,30.73,84,73.51,219.93,27.56,59.62,59.4,59.52,64.9,31.04,117.94,25.9,22.97,49.07,42.1,6.96,26.21,3.7,14.33,7.14,14.52,126.76,19.89,18.19,14.93,12.81,8.86,21.05,6.69,3.86,10.37,19.33,26.29,15.19,66.99,60.3,12.93,17.11,6.52,6.87,13.17,12.31,15.29,9.78,13.62,13.05,23.25,11.48,144.87,11.65,20.51,23.1,12.15,24.76,30.27,82.2,5.86,10.98,64.16,19.97,9.39,14.55,4.72,33.05,11.23,75.36,8.85,25.12,39.26,23.08,8.05,8.99,33.86,39.49,15.84,17.1,18.22,225.18,105.93,37.5,81.34,56.25,88.57,217.61,282.71],[531.15,684.55,850.5,0,881.7,189.28,580.73,641.61,158.3,97.36,449.05,107.03,64.12,52.15,30.97,70.25,76.46,186.35,500.94,48.37,115.1,270.15,107.23,198.54,55.54,175.23,76.31,70.26,239.29,74.03,41.31,121.79,5.48,29.81,14.87,37.33,213.41,47.22,54.34,24.59,29,27.23,15.1,11.12,9.13,17.45,43.98,72.59,39.25,178.68,126.66,24.01,32.19,15.19,19.07,28.19,23.55,30.46,20.2,20.59,30.23,45.25,22.63,275.58,29.81,40.17,46.27,28.65,43.5,62.56,171.58,13.64,37.94,78.44,34.82,19.59,36.88,7.98,23.92,21.27,94.74,12.56,41.44,53.4,24.48,19.91,19.59,91.66,93.29,26.7,28.2,41.9,389.06,149.26,59.82,75.16,97.63,89.34,433.73,361.13],[5286.52,1278.8,500.72,881.7,0,1933.05,1608.15,791.61,372.7,199.62,371.29,216.54,223.54,115.14,239.3,135.13,34.43,235.05,1800.25,236.4,400.57,367.4,280.27,488.79,96.48,121.65,196.91,407.12,295.23,165.89,116.69,31.56,176.37,230.77,105.02,229.06,933.39,150.53,147.27,308.66,94.13,67.17,185.09,174.56,88.63,322.59,325.31,122.41,57.51,460.89,517.49,133.03,79.09,48.37,74.84,202.46,189.92,200.09,126.24,120.49,305.69,319.83,43.98,1222,176.94,233.23,187.02,144.24,154.64,283.13,741.03,97.05,66.24,304.01,342.44,137.02,251.16,38.64,57.37,70.26,219.7,116.26,244.76,136.52,101.15,105.67,158.38,860.74,742.64,135.73,163.88,140.13,597.65,905.27,155.64,290.38,293.28,174.26,434.06,652.44],[695.71,220.36,96.86,189.28,1933.05,0,387.95,78.58,223.6,40.91,113.88,86.7,57.57,58.83,51.09,71.17,33.7,90.26,367.19,81.79,154.23,82.3,114.68,54.85,34.38,49.64,58.46,219.69,124.06,69.77,6.63,44.37,49.41,155.54,51.09,94.03,476.86,48.56,51.47,132.19,52.4,29.15,48.73,49.91,19.56,85.29,109.93,54.15,24.48,169.96,175.63,37.81,30.86,13.09,28.95,59.95,47.85,54.36,33.84,33.26,74.02,84.27,17.18,419.7,49.17,62.73,56.78,36.5,44.18,75.85,212.81,16.16,5.32,84.34,109.2,18.56,20.7,10.92,49.78,21.96,34.95,74.61,18.57,29.6,26.15,21.73,25.12,166.01,176.88,46.91,49.51,49.5,181.81,271.03,73.36,77.97,137.69,49.96,130.34,321.33],[383.51,295.94,216.07,580.73,1608.15,387.95,0,217.14,242.25,217.54,232.19,88.58,80.86,121.91,19.22,40.49,12.87,163.6,400.19,27.41,131.13,96.09,90.5,82.27,17.54,45.37,17.22,23.06,15.66,20.83,13.08,43.97,3.15,6.35,6.67,12.75,70.21,19.45,19.62,22.83,21.5,14.02,4.99,40.59,8.46,16.67,32.33,43.07,22.65,117.43,79.37,17.13,23.75,11.19,10.87,21.29,22.3,24.94,16.83,15.72,26.39,33.47,14.73,209.26,21.28,28.66,30.36,19.6,30.21,43.41,120.87,139.95,11.02,129.72,15.18,0.58,27.78,4.61,28.77,18.95,23.28,16.52,14.48,46.51,9.13,23.1,12.09,60.1,63.99,50.54,27.91,37.11,282.59,72.45,52.89,33.8,32.6,25.56,143.76,150.76],[202.09,183.09,129.76,641.61,791.61,78.58,217.14,0,477.43,201.34,508.17,127.05,127.46,40.45,28.06,92.54,26.78,448.71,573.67,13.93,64.03,51.36,64.03,61.4,8.56,5.44,45.92,0.36,56.86,51.7,0.47,13.11,5,97.55,13.72,8.93,89.42,30.08,27.01,12.35,33.86,17.81,3.24,19.18,26.22,5.99,40.6,18.5,9.55,68.48,72.35,17.49,10.82,6.64,9.02,23.85,21.62,23.76,15.02,16.01,34.42,38.21,7.42,160.5,22.01,29.82,26.4,18.97,17.99,37.19,107.23,16.06,24.86,21.65,17.49,0.95,8.58,2.93,4.18,17.71,15.33,4.9,46.12,38.69,51.03,6.12,9.13,42.34,59.03,70.31,23.38,0.87,53.9,85.03,20.78,18.1,10.66,27.6,128.53,87.16],[230.22,77.29,48.3,158.3,372.7,223.6,242.25,477.43,0,754.23,1226.3,265.36,154.99,35.72,35.91,54.82,5.59,308.66,390.55,33.43,104.81,76.5,21.93,35.93,10.54,23.74,4.37,24.33,17.01,9.79,0,14.5,4.05,0.13,1.08,37.76,71.38,11.37,9.55,5.83,8.12,4.67,17.1,6.78,1.99,6.19,32.45,15.84,8.32,62.99,57.4,13.75,8.97,5.89,6.89,18.8,17.31,18.34,12.36,12.5,27.41,30.29,5.83,129.72,17.69,23.22,20.1,14.9,12.53,28.85,86.76,2.53,23.97,10.27,59.92,4.52,14,10.05,34.78,9.03,5.22,6.98,71.22,22,20.65,3.99,6.41,44.41,123.64,26.43,15.15,16.79,45.69,29.94,19.36,20.54,67.31,15.84,58.1,72.47],[213.98,115.51,32.6,97.36,199.62,40.91,217.54,201.34,754.23,0,2677.57,1017.76,490.81,142.22,422.41,259.34,165.19,682.01,243.4,82.83,177.26,90.73,176.35,269.63,57.29,162.87,95.35,75.08,73.31,142.58,2.68,11.74,13.71,0.57,23.31,28.31,108.3,9.12,10.73,41.63,7.02,4.1,3.18,8.33,4.61,2.57,41.66,73.91,36.07,174.06,104.38,20.07,38.22,16.09,14.42,25.26,29.61,33.74,22.2,21.97,29.09,38.14,26.54,292.3,20.11,30.18,42.24,20.37,49.63,54.28,178.19,3,45.72,57.41,45.56,15.86,56.66,8.52,2.59,16.76,153.86,26.59,155.45,162.56,72.96,22.47,19.62,27.42,46.95,14.2,34.15,31.88,136.2,83.63,76.09,160.86,16.53,46.99,70.12,46.03],[218.04,263.91,187.37,449.05,371.29,113.88,232.19,508.17,1226.3,2677.57,0,1460.26,563.21,232.29,557.15,708.83,192.39,301.39,571.37,130,192.47,69.95,127.38,175.38,31.02,83.13,94.66,93.91,105.21,117.78,1.47,41.35,95.19,12.02,52.02,65.96,268.27,31.39,35.65,30.94,32.92,23.53,36.81,73.26,10.87,23.55,62.53,237.27,114.3,566.84,240.46,40.19,91.19,51.51,35.08,39.21,39.76,54.22,47.47,44.39,39.62,70.06,75.08,567.83,42.08,59.57,93.37,49.74,94.76,119.04,394.49,7.9,24.76,160.47,106.99,15.22,26.75,5.41,3.4,25.52,115.99,60.5,126.58,236.68,41.5,104.82,19.43,51.99,107.47,40.46,41.47,101.53,262.93,293.61,121.29,172.17,34.9,221.55,86.6,71.6],[142.05,113.77,79.23,107.03,216.54,86.7,88.58,127.05,265.36,1017.76,1460.26,0,301.81,108.08,1164.47,852.81,119.52,256.87,815.75,76.68,119.53,116.55,114.31,218.49,36.66,96.12,281.99,153.3,98.05,94.31,19.09,15.4,21.74,19.39,39.49,34.6,263.49,47.96,70.82,19.56,54.25,33.92,24.83,22,3.33,16.72,46.51,48.75,20.69,122.89,93.98,21.94,22.73,10.76,14.99,26.85,31.57,34.16,21.88,19.82,35.88,40.49,13.17,248.06,26.52,36.34,37.26,25.17,33.42,52.58,166.8,41.14,38.49,245.7,56.91,115.86,69.35,180.29,248.67,69.4,99.6,144.25,699.56,359.81,73.19,42.68,21.07,32.97,16.33,36.09,24.88,50.67,315.39,214.77,82.74,60.81,59.02,63.71,135.57,116.71],[151.87,60.26,29.49,64.12,223.54,57.57,80.86,127.46,154.99,490.81,563.21,301.81,0,534.62,94.18,282.97,77.41,76.54,861.37,129.9,121.79,88.21,93.78,120.01,21.45,81.9,34.69,167.26,142.83,178.65,37.19,34.99,130.09,24.62,2.28,17.25,54.96,26.52,45.7,37.02,26.36,19.5,16,16.22,49.32,20.62,57.09,30.93,15.02,108.75,99.66,23.19,14.53,9.36,13.72,32.01,28.87,32.22,20.76,20.44,47.83,50.84,9.74,229.15,29,38.38,33.61,23.75,21.9,47.33,154.8,6.34,17.76,32.96,60.63,8.23,7.06,18.44,121.86,35.5,36.13,18.5,220.82,42.09,57.36,40.71,4.41,30.88,25.35,32.72,56.29,59.37,95.99,55.79,3.65,89.18,37.48,20.48,52.1,142.88],[88.29,35.63,21.54,52.15,115.14,58.83,121.91,40.45,35.72,142.22,232.29,108.08,534.62,0,66.95,237.63,73.67,248.76,721.81,97.62,236.74,89.13,43.35,100.75,22.42,28.47,34.57,28.33,37.17,29.44,2.07,17.36,10.33,8.12,35.78,13.02,41.87,12.53,16.8,19.11,11.53,9.51,23.5,10.1,18.72,52.69,36.7,106.43,47.44,221.63,110.31,20.49,36.76,19.36,17.92,19.97,19.88,28.07,21.08,19.11,22.78,33.15,31.47,276.72,21.89,30.51,43.83,23.64,40.7,56.13,194.57,9.56,12.49,121.56,16.21,9.2,12.98,19.63,5.15,4.32,14.01,109.09,28.76,26.15,13.11,49.77,7.44,20.12,20.55,16.16,25.54,31.23,112.76,19.75,6.94,6.14,35.55,8.91,5.84,50.28],[46.62,54.54,31.1,30.97,239.3,51.09,19.22,28.06,35.91,422.41,557.15,1164.47,94.18,66.95,0,3677.6,115.85,643.52,1737.58,64.69,119.05,281.56,628.7,137.16,55.75,118.9,67.76,247.64,161.56,141.33,20.27,5.46,100.51,2.29,15.37,19.61,128.01,27.55,23.77,66.14,24.45,13.44,12,58.38,36.28,49.73,30.56,57.18,26.38,133.08,77.12,16.46,27.07,12.9,8.91,17.51,18.35,21.79,15.87,15.6,23.48,29.34,19.99,205.88,19.63,25.1,31.33,18.23,29.79,42.51,142.93,26.13,42.07,145.6,230.37,65.55,17.96,4.31,0,9.91,46.49,29.42,545.2,248.8,174.46,42.09,21.47,26.74,72.2,21.52,29.8,155.78,510.45,102.41,72.18,53.82,13.38,36.45,41.51,8.03],[86.09,41.1,30.73,70.25,135.13,71.17,40.49,92.54,54.82,259.34,708.83,852.81,282.97,237.63,3677.6,0,182.16,409.98,1010.93,105.09,84.44,130.86,100.43,145.23,75.25,194.71,89.65,144.13,106.45,105.25,2.58,2.08,39.43,16.23,22.31,37.3,93.1,16.85,13.67,16.45,19.21,10.06,5.4,21.95,7.04,21.83,45.69,268.26,122.49,541.11,202.38,30.45,91.29,48.89,31,28.32,31.92,43.57,40.75,36.51,27.95,56.27,83.02,468.82,29.35,42.38,84.73,39.11,89.06,102.65,364.13,217.16,45.81,163.84,443.82,19.8,34.88,27.98,65.2,38.7,36.34,112.14,504.53,512.23,225.82,85.79,7.46,19.68,26.9,19.51,30.14,269.12,377.03,302.14,100.8,33.66,72.28,82.84,14.63,62.87],[18.42,109.76,84,76.46,34.43,33.7,12.87,26.78,5.59,165.19,192.39,119.52,77.41,73.67,115.85,182.16,0,4223.92,732.89,29.14,66.3,44.46,55.23,176.85,159.24,983.16,23.21,12.7,22.52,46.02,5.03,19.56,8.14,3.53,3.12,16.91,98.01,9.3,9.37,3.4,7.61,5.54,1.35,11.06,1.19,14.37,21,74.79,35.73,94.39,102.23,22.48,48.59,10.37,11.04,12.98,17.21,30.32,10.62,12.94,5.37,10.24,30.56,408.95,26.73,23.4,45.42,15.98,74.13,58.51,203.24,1.15,45.36,59.51,14.37,3.75,22.13,6.64,35.72,92.11,72.01,19.64,43.66,38.48,74.15,15.61,5.82,3.07,82.89,22.6,7.01,12.66,115.15,17.35,28.96,36.08,33.05,9.44,13.57,8.96],[157.48,104.26,73.51,186.35,235.05,90.26,163.6,448.71,308.66,682.01,301.39,256.87,76.54,248.76,643.52,409.98,4223.92,0,2607.71,166.88,392.45,421.24,282.37,735.45,582.2,2304.73,181.31,365.6,491.76,396.46,43.95,78.67,9.6,22.47,41.13,43.64,226.48,31.36,37.85,39.06,31.4,31.84,10.59,52.35,17.26,10.37,59.98,552.73,245.08,1002.7,315.35,42.08,176.17,89.51,44.94,35.3,46.49,58.4,68.95,55.41,38.46,90.06,167.81,697.9,37.74,53.9,141.77,59.89,140.43,165.88,618.37,34.99,113.99,373.07,195.08,79.78,366.31,447.43,1937.47,517.79,292.21,140.34,165.85,210.71,147,186.83,37.22,36.53,286.19,9.31,11.17,83.64,281.08,74.96,41.04,71.49,14.2,25.39,12.95,13.88],[627.44,456.42,219.93,500.94,1800.25,367.19,400.19,573.67,390.55,243.4,571.37,815.75,861.37,721.81,1737.58,1010.93,732.89,2607.71,0,2296.52,1987.3,1035.63,1075.28,1237.25,321.66,945.48,530.97,604.99,500.44,730.71,115.75,280.99,241.59,143.09,426.58,231.71,1411.62,165.24,197.91,391.53,156.83,101.44,195.35,197.85,53.19,544.81,187.61,250.19,111.4,502.89,412.8,85.42,97.38,37.6,65.34,99.16,91.07,114.51,71.74,71.08,130.63,155.37,65.74,1043.52,95.26,128.73,144.85,82.45,132.99,192.07,688.11,31.79,214.03,512.26,401.58,133.25,296.77,110.51,311.07,268.93,224.42,245.85,371.81,253.91,139.18,155.21,81.36,253.89,396.96,120.85,116.83,180.99,1519.01,307.24,185.75,217.38,208.22,52.76,217.46,288.81],[118.27,55.25,27.56,48.37,236.4,81.79,27.41,13.93,33.43,82.83,130,76.68,129.9,97.62,64.69,105.09,29.14,166.88,2296.52,0,833.94,302.38,328.39,123.3,24,65.79,42.73,46.44,213.17,265.96,11.29,53.45,14.46,15.44,33.87,14.02,132.59,23.81,18.54,49.76,20.23,10.35,32.42,7.63,2.41,11.23,36.11,49.43,21.37,96.43,81.8,16.37,17.53,5.95,15.49,18.74,19,23.94,14.16,13.08,22.36,26.86,10.29,221.85,16.8,23.93,27.4,14.76,27.07,35.32,132.16,1.27,16.73,86.41,48.43,2.95,24.96,9.15,0.56,9.38,18.62,12.36,32.14,44.82,14.85,18.97,28.09,23.72,87.64,46.74,41.44,10.47,87.15,14.15,14.88,24.48,8.78,4.88,7.35,24.61],[344.91,83.41,59.62,115.1,400.57,154.23,131.13,64.03,104.81,177.26,192.47,119.53,121.79,236.74,119.05,84.44,66.3,392.45,1987.3,833.94,0,2567.48,1320.86,468.71,132.2,159.23,126.49,52.21,113.93,139.52,146.89,268.98,39.34,13.38,86.11,40.22,280.59,85.58,58.36,44.02,79.77,36.48,27.43,56.39,21.1,39.13,46.16,159.29,74.89,307.21,158.17,26.36,51.85,22.85,25.08,24.79,24.37,34.04,25.27,22.85,24.2,40.23,40.63,404.86,25.57,35.84,55.89,27.09,55.05,70.52,269.32,25.82,19.82,324.51,58.58,52.67,82.21,14.49,44.15,13.26,53.4,40.4,50.51,45.77,28.56,31.53,29.15,47.65,96.56,38.28,41.29,37.98,299.83,41.16,61.34,34.89,20.85,14.68,89.9,73.25],[206.73,76.02,59.4,270.15,367.4,82.3,96.09,51.36,76.5,90.73,69.95,116.55,88.21,89.13,281.56,130.86,44.46,421.24,1035.63,302.38,2567.48,0,6853.61,3438.95,109.16,177.01,134.31,257.5,286.84,336.97,1620.35,680.03,80.8,23.02,147.23,49.22,417.15,61.02,96.2,96.33,76.83,63.61,31.09,121.33,429.55,964.51,79.4,560.47,261.4,1021.63,368.62,48.82,164.01,74.15,54.93,40.28,45.68,61.09,63.26,48.93,35.27,83.13,140.69,909.81,38.14,52.44,128.28,50.73,125.66,149.94,655.25,56.72,84.18,292.89,116.7,27.29,110.41,60.15,157.3,48.85,36.5,91.79,43.79,13.76,43.3,19.88,10.32,43.95,55.13,2.85,26.26,23.45,287.37,70.3,63.74,33.94,169.59,14.42,43.43,83.15],[159.45,101.06,59.52,107.23,280.27,114.68,90.5,64.03,21.93,176.35,127.38,114.31,93.78,43.35,628.7,100.43,55.23,282.37,1075.28,328.39,1320.86,6853.61,0,813.73,109.37,289.91,235.52,328.96,381.35,328.81,233.34,298.22,12.82,12.57,140.5,42.13,287.41,94.26,132.67,29.78,117.92,91.91,19.26,42.31,32.12,23.64,53.01,65.42,30.68,155.68,108.79,23.32,28.44,11.99,13.11,26.68,28.02,30.4,20.76,19.34,37.67,42.92,17.14,320.08,25.73,34.48,36.32,21.32,28,50.75,213.21,33.25,61.48,530.85,118.99,22.43,138.49,190.77,487.57,50.3,34.82,113.45,72.14,60.03,53.15,28.46,18.15,51.08,78.92,13.84,32.3,81.43,247.68,37.49,43.65,36.61,122.36,8.57,21.53,42.28],[437.8,81.03,64.9,198.54,488.79,54.85,82.27,61.4,35.93,269.63,175.38,218.49,120.01,100.75,137.16,145.23,176.85,735.45,1237.25,123.3,468.71,3438.95,813.73,0,756.11,256.46,354.53,354.68,615.32,1218.69,340.54,69.98,107.06,24.57,208.09,110.12,645.58,68.35,84.77,73.24,77.65,63.94,62.83,47.68,110.77,146,109.76,936.15,439.96,1627.1,594.45,71.39,271.79,121.4,89.95,61.26,70.4,95.93,96.4,72.73,50.26,131.55,247.74,1323.37,59.65,76.79,219.64,81.68,224.07,248.04,1028.6,196.52,151.9,593.6,449.66,63.16,106.37,222.23,1024.49,65.68,119.19,51.98,44.12,85.83,192.66,101.06,8.87,17.4,71.06,18.66,133.7,180.06,397.84,88.4,42.86,9.92,47.97,108.35,6.46,78.48],[79.16,48.75,31.04,55.54,96.48,34.38,17.54,8.56,10.54,57.29,31.02,36.66,21.45,22.42,55.75,75.25,159.24,582.2,321.66,24,132.2,109.16,109.37,756.11,0,1497.6,1090.56,399.87,141.25,121.49,19.84,10,27.07,7.87,73.91,30.07,156.27,25.05,27.59,7.15,25.59,16.71,15.88,50.5,30.64,15.71,53.67,289.91,131.38,737.06,239.73,35.47,93.67,62.83,39.54,30.72,37.05,50.07,53.49,41.33,32.23,55.86,78.24,567.07,27.4,40.01,80.55,37.36,85.26,95.85,424.95,114.7,366.22,179.73,264.77,31.91,40.37,428.15,1164.63,70.52,70.82,63.95,44.38,71.26,58.87,141.03,10.3,30.12,58.27,43.89,28.67,35.35,271.71,35.93,23.2,14.37,22.95,13.02,12.8,72.14],[55.73,218.73,117.94,175.23,121.65,49.64,45.37,5.44,23.74,162.87,83.13,96.12,81.9,28.47,118.9,194.71,983.16,2304.73,945.48,65.79,159.23,177.01,289.91,256.46,1497.6,0,740.15,274.5,113.71,108.29,77,132.29,6.14,33.42,26.77,57.22,216.57,33.88,19.95,119.49,25.17,9.76,3.02,3.54,25.96,13.33,71.58,131.67,68.17,318.42,165.36,28.37,53.6,23.35,23.31,43.07,61.61,52.07,38.68,30.25,54.19,66.1,34.37,414.31,31.31,42.02,55.26,27.81,55.13,71.95,278.13,28.3,195.97,36.52,77.33,44.12,37.16,111.45,1114.6,50.23,236.95,133.12,123.91,76.71,143.97,13.84,2.3,12.5,71.19,25.93,31.98,35.75,99.19,50.34,18.68,51.63,20.92,69.64,34.9,27.61],[79.22,39.51,25.9,76.31,196.91,58.46,17.22,45.92,4.37,95.35,94.66,281.99,34.69,34.57,67.76,89.65,23.21,181.31,530.97,42.73,126.49,134.31,235.52,354.53,1090.56,740.15,0,1214.28,397.14,442.29,48.26,46.24,92.26,181.18,42.01,28.25,197.91,45.88,43.27,96.07,44.57,38.44,19.44,40.22,6.75,35.13,39.43,70.13,33.04,184.77,99.62,19.56,28.19,14.79,12.59,20.24,22.37,24.96,19.33,17.69,26.67,32.99,18.49,255.96,19.69,26.91,32.69,18.2,28.37,43.64,187.57,337.87,378.76,559.89,397.75,64.36,158.44,15.05,235.2,58.74,75.79,32.34,41.44,45.43,31.95,55.32,15.55,46.3,18.58,32.03,23.53,20.22,223.48,100.69,56.5,42.64,22.72,7.89,27.99,88.48],[165.89,37.76,22.97,70.26,407.12,219.69,23.06,0.36,24.33,75.08,93.91,153.3,167.26,28.33,247.64,144.13,12.7,365.6,604.99,46.44,52.21,257.5,328.96,354.68,399.87,274.5,1214.28,0,2916.72,411.62,121.13,43.29,218.12,185.69,150.72,102.89,776.92,27.76,83.3,108.98,36.1,32.78,10.91,51.26,29.64,135.18,66.92,559.42,249.76,755.08,335.08,38.61,148.84,51.91,58.37,34.16,36.67,47.24,44.02,30.68,28.41,73.16,139.12,738.22,34.66,43.42,131.81,46.25,120.99,143.93,629.62,1585.2,41.28,626.92,1554.5,219.91,1703.02,6.9,14.61,41.13,31.4,244.76,32.29,122.24,43.7,11.67,357.94,36.05,93.79,55.19,205.14,59.97,563.33,138.64,39.55,25.16,91.53,10.78,4.53,38.56],[107.94,55.25,49.07,239.29,295.23,124.06,15.66,56.86,17.01,73.31,105.21,98.05,142.83,37.17,161.56,106.45,22.52,491.76,500.44,213.17,113.93,286.84,381.35,615.32,141.25,113.71,397.14,2916.72,0,1943.38,801.35,66.24,687.85,785.06,123,185.1,959.32,78.19,109.19,151.04,89.67,117.65,66.97,75.85,34.26,101.82,67.86,684.85,308.44,1017.22,388.78,45.25,181.16,73.32,63.53,35.39,43.25,55.67,58.34,39.95,30.36,84.39,171.49,870.42,34.99,44.73,151.34,52.08,136.48,162.4,709.19,121.61,41.04,541.77,720.85,139.04,429.92,10,42.78,13.02,103.35,101.8,27.23,106.56,25.34,10.16,8.41,27.21,109.55,42.72,43.1,48.76,118.95,43.09,18.4,3.1,17.27,8.88,33.34,10.07],[98.05,60.51,42.1,74.03,165.89,69.77,20.83,51.7,9.79,142.58,117.78,94.31,178.65,29.44,141.33,105.25,46.02,396.46,730.71,265.96,139.52,336.97,328.81,1218.69,121.49,108.29,442.29,411.62,1943.38,0,183.15,33.1,207.95,59.71,62.62,52.14,488.47,25.04,43.5,32.9,31.2,25.22,16.64,36.3,29.57,54.88,33.69,132.86,57.32,250.88,112.92,15.66,32.26,15.25,24.41,15.56,14.11,21.42,18.21,12.85,15.43,23.7,25.63,267.64,12.58,16.91,32.49,13.05,33.29,35.78,180.21,64.55,39.06,336.14,171.59,60.34,104.47,56.77,162.62,18.07,51.87,71.19,20.15,42.79,23.45,33.15,5.39,21.46,67.05,28.9,43.98,19.87,304.06,33.09,19.74,3.79,29.28,11.01,32.01,13.48],[20,7.39,6.96,41.31,116.69,6.63,13.08,0.47,0,2.68,1.47,19.09,37.19,2.07,20.27,2.58,5.03,43.95,115.75,11.29,146.89,1620.35,233.34,340.54,19.84,77,48.26,121.13,801.35,183.15,0,899.4,17.58,9.49,4.08,48.39,160.66,9.52,15.29,18.06,15.02,12.1,3.45,44.85,132.38,298.18,21.7,263.03,121.79,481.99,139.47,18.16,73.22,37.2,16.93,11.55,17.84,20.59,27.76,19.38,12.62,33.97,69.95,322.11,12.53,15.76,54.09,20.67,44.98,60.65,266.84,24.67,0.98,17.86,72.69,0.76,97.67,1.95,7.92,0,1.25,2.54,11.9,3.87,31.73,0,11.65,2.99,0,0.52,1.33,2.71,73.52,0.38,0,0,0,3.71,61.65,0.64],[15.26,25.47,26.21,121.79,31.56,44.37,43.97,13.11,14.5,11.74,41.35,15.4,34.99,17.36,5.46,2.08,19.56,78.67,280.99,53.45,268.98,680.03,298.22,69.98,10,132.29,46.24,43.29,66.24,33.1,899.4,0,25.88,20.44,21.23,29.98,119.44,25.1,24.35,15.06,22.75,17.29,5.76,307.16,166.62,155.17,16.57,250.72,118.01,477.45,123.25,17.96,73.08,36.7,11.73,8.73,16.03,18.21,27.25,20.5,10.78,31.77,66.67,305.62,11.22,14.07,47.4,18.84,40.1,56.1,245.31,4.86,10.61,84.42,94,1.98,359.52,7.48,130.75,1.02,5.09,0.2,9.83,3.03,26.51,0.85,0.99,3.13,5.07,0,3.98,14.54,19.45,16.8,20.22,3.94,16.65,5.69,5.32,1.25],[49.59,7.03,3.7,5.48,176.37,49.41,3.15,5,4.05,13.71,95.19,21.74,130.09,10.33,100.51,39.43,8.14,9.6,241.59,14.46,39.34,80.8,12.82,107.06,27.07,6.14,92.26,218.12,687.85,207.95,17.58,25.88,0,2308.51,300.92,168.78,805.47,60.99,86.64,146.04,49.34,32.59,72.39,101.83,47.11,100.45,45.42,47.78,23.29,110.34,85.05,16.79,14.98,5.09,10.15,19.6,28.68,22.49,15.08,13.21,25.86,29.22,7.02,240.83,16.78,21.6,22.25,11.4,15.24,30.52,177.34,21.63,32.22,368.03,240.59,41.04,75.9,3.64,4.1,34.86,18.18,18.12,53.03,36.05,54.21,18.86,8.16,220.16,83.72,10.4,16.57,22.67,174.77,25.76,24.21,3.6,12.87,0.5,12.64,29.32],[22.59,25.51,14.33,29.81,230.77,155.54,6.35,97.55,0.13,0.57,12.02,19.39,24.62,8.12,2.29,16.23,3.53,22.47,143.09,15.44,13.38,23.02,12.57,24.57,7.87,33.42,181.18,185.69,785.06,59.71,9.49,20.44,2308.51,0,95.85,28.63,252.9,12.23,56,23.85,19.06,17.38,25.86,155.67,2.98,174.4,18.7,107.69,49.56,147,75.42,9.85,26.18,8.78,10.54,8.07,8.85,9.88,8.48,6.41,8.15,16.18,24.24,170.53,8.63,10.3,26.16,9.24,19.19,28.96,142.47,34.81,23.75,232.15,75.89,47.17,64.36,3.1,0.79,18.62,46.33,2.54,2.83,22.41,6.05,2.38,1.24,2.88,51.98,11.75,3.44,0.21,136.69,4.84,5.15,0.34,8.48,1.42,89.24,7.58],[87.86,12.61,7.14,14.87,105.02,51.09,6.67,13.72,1.08,23.31,52.02,39.49,2.28,35.78,15.37,22.31,3.12,41.13,426.58,33.87,86.11,147.23,140.5,208.09,73.91,26.77,42.01,150.72,123,62.62,4.08,21.23,300.92,95.85,0,729.18,3415.18,213.15,251.26,312.5,212.28,123.56,124.45,100.98,46.14,330.23,44.36,53.42,25.53,160.36,92.44,17.68,14.31,9.02,8.48,13.85,14.44,17.08,12.7,11.43,20.87,21.24,8.82,200.53,14.59,17.67,22.26,10.28,12.1,29.49,225.81,90.56,56.65,195.59,382.58,33.57,123.97,3.27,18.96,60.79,125.57,22.6,32.87,58.5,74.17,66.98,11.7,13.35,11.24,21.42,100.49,12.37,37.86,50.1,0.92,6.78,0.83,1.85,3.29,17.86],[72.95,26.73,14.52,37.33,229.06,94.03,12.75,8.93,37.76,28.31,65.96,34.6,17.25,13.02,19.61,37.3,16.91,43.64,231.71,14.02,40.22,49.22,42.13,110.12,30.07,57.22,28.25,102.89,185.1,52.14,48.39,29.98,168.78,28.63,729.18,0,4202.84,133.78,141.47,198.16,96.79,72.58,180.58,104.47,49.81,147.12,37.9,48.93,24.43,164.81,82.54,15.9,13.68,8.26,6.08,10.69,12.54,13.52,11.26,9.73,16.31,17.18,6.59,178.93,12.2,13.74,17.51,7.9,7.03,23.36,197.99,16.1,47.67,207.02,91,26.07,104.64,8.31,25.98,23.03,21.73,16.68,25.28,52.09,48.16,7.44,13.8,51.28,81.17,28.76,41.47,6.06,78.63,22.97,5.93,19.25,2.39,4.97,12.38,16.16],[364,260.81,126.76,213.41,933.39,476.86,70.21,89.42,71.38,108.3,268.27,263.49,54.96,41.87,128.01,93.1,98.01,226.48,1411.62,132.59,280.59,417.15,287.41,645.58,156.27,216.57,197.91,776.92,959.32,488.47,160.66,119.44,805.47,252.9,3415.18,4202.84,0,1558.18,1821.56,2634.64,832.89,563.23,1370.64,1021.99,293.78,1296.56,157.85,198.07,93.78,417.27,313.07,54.43,40.59,14.77,28.77,43.21,48.48,48.77,31.34,31.54,61.93,64.38,20.47,682.75,48.88,53.21,68.2,27.77,30.36,91.14,777.17,123.1,282.72,761.86,572.39,126.24,783.76,60.51,358.41,169.81,160.75,91.77,88.26,218.7,127.02,43.7,44.21,142.03,355.77,61.44,127.67,52.78,706.94,199.45,63.24,117.07,18.72,51.06,82.97,75.27],[54.26,31.59,19.89,47.22,150.53,48.56,19.45,30.08,11.37,9.12,31.39,47.96,26.52,12.53,27.55,16.85,9.3,31.36,165.24,23.81,85.58,61.02,94.26,68.35,25.05,33.88,45.88,27.76,78.19,25.04,9.52,25.1,60.99,12.23,213.15,133.78,1558.18,0,1311.31,268.02,378.18,201.24,273.44,100.94,17.43,197.7,13.59,65.91,33.64,280.79,68.11,13.21,19.36,15.06,5.24,4.42,6.92,9.57,14.32,8,5.52,8.21,9.57,139.52,3.99,4.73,10.41,5.11,4.71,11.97,117.4,11.94,12.63,176.02,34.37,41.14,87.92,4.14,17.72,2.96,27.97,11.46,47.57,23.68,16.62,3.9,10.76,15.74,43.06,26.24,10.44,7.26,71.53,16.45,10.35,10.46,19.26,2.78,27.44,57.33],[71.02,36.8,18.19,54.34,147.27,51.47,19.62,27.01,9.55,10.73,35.65,70.82,45.7,16.8,23.77,13.67,9.37,37.85,197.91,18.54,58.36,96.2,132.67,84.77,27.59,19.95,43.27,83.3,109.19,43.5,15.29,24.35,86.64,56,251.26,141.47,1821.56,1311.31,0,495.18,646.48,376.34,475.44,233.75,58.11,283.25,29.52,146.42,65.32,540.26,125.17,25.34,35.77,27.98,14.43,9.68,15.78,19.97,29.33,15.12,11.65,15.85,18.38,279.32,7.58,8.69,19.29,9.38,9.41,21.82,236.28,32.48,44,187.45,65.86,41.74,77.93,5.34,13.82,5,28.7,5.72,58.35,34.43,33.53,7.99,12.93,28.97,75.13,35.48,11.87,15.63,82.26,20.44,12.36,14.57,20.23,1.97,22.05,52.78],[60.17,20.1,14.93,24.59,308.66,132.19,22.83,12.35,5.83,41.63,30.94,19.56,37.02,19.11,66.14,16.45,3.4,39.06,391.53,49.76,44.02,96.33,29.78,73.24,7.15,119.49,96.07,108.98,151.04,32.9,18.06,15.06,146.04,23.85,312.5,198.16,2634.64,268.02,495.18,0,2200.58,2280.95,1469.39,287.31,104.64,240.9,63.62,59.93,26.4,151.73,112.74,22.35,12.46,6,8.84,16.68,21.75,19.81,12.97,13.83,26.2,26.97,6.08,272.33,19.31,19.56,24.77,9.52,7.97,32.33,295.94,8.85,22.42,162.78,63.24,77.48,82.95,6.38,20.69,35.89,27.47,42.93,23.66,6.72,7.83,5.43,11.77,54.95,48.54,43.17,40.23,18.72,120.8,35.85,8.79,30.49,4.91,4.59,51.46,18.14],[79.31,23.68,12.81,29,94.13,52.4,21.5,33.86,8.12,7.02,32.92,54.25,26.36,11.53,24.45,19.21,7.61,31.4,156.83,20.23,79.77,76.83,117.92,77.65,25.59,25.17,44.57,36.1,89.67,31.2,15.02,22.75,49.34,19.06,212.28,96.79,832.89,378.18,646.48,2200.58,0,5600.63,1463.56,176.45,33.04,271.76,20.58,75.55,37.25,251.02,75.95,13.93,18.81,11.98,6.7,7.1,13.71,12.34,13.78,8.48,8.74,11.25,8.8,174.4,7.01,7.64,13.28,6.01,6.57,16.76,160.8,30.05,16.32,127.02,34.36,30.05,73.83,3.3,16.28,3.35,25.34,8.84,47.4,26.78,19.02,3.73,7.33,43.16,36.7,22.42,16.95,7.23,66.31,11.13,7.03,12.51,25.26,2.12,26.98,59.63],[52.54,20.72,8.86,27.23,67.17,29.15,14.02,17.81,4.67,4.1,23.53,33.92,19.5,9.51,13.44,10.06,5.54,31.84,101.44,10.35,36.48,63.61,91.91,63.94,16.71,9.76,38.44,32.78,117.65,25.22,12.1,17.29,32.59,17.38,123.56,72.58,563.23,201.24,376.34,2280.95,5600.63,0,3272.49,122.17,29.9,185.92,17.62,69.36,33.3,225.17,67,12.26,18.33,10.85,6,5.64,9.66,10.03,11.97,7.09,7.02,9.24,8.36,161.4,5.51,6,11.27,4.97,5.74,13.86,134.02,16.22,13.8,69.13,28.23,17.32,38.09,2.46,11.1,2.65,17.13,2.66,27.5,19.55,13.92,3.05,5.71,24.15,26.31,10.1,9.53,5.09,46.09,8.89,6.16,8.06,15.21,1,14.4,37.16],[71.73,30.51,21.05,15.1,185.09,48.73,4.99,3.24,17.1,3.18,36.81,24.83,16,23.5,12,5.4,1.35,10.59,195.35,32.42,27.43,31.09,19.26,62.83,15.88,3.02,19.44,10.91,66.97,16.64,3.45,5.76,72.39,25.86,124.45,180.58,1370.64,273.44,475.44,1469.39,1463.56,3272.49,0,188.63,26.32,156.11,24.34,41.38,18.71,121.68,53.39,10.62,13.88,5.72,3.57,6.43,8.98,8.67,7.82,6.03,9.97,10.95,5.25,149.63,7.86,7.91,11.19,4.77,4.51,14.82,129.72,15.21,60.11,40.36,160.05,9.5,15.17,2.68,2.67,2.17,5.36,49.78,2.29,13.37,6.25,13.99,2.36,3.02,13.36,6.76,10.47,5.78,28.12,3.81,2.7,50.03,6.02,0,8.42,7.56],[48.32,10.53,6.69,11.12,174.56,49.91,40.59,19.18,6.78,8.33,73.26,22,16.22,10.1,58.38,21.95,11.06,52.35,197.85,7.63,56.39,121.33,42.31,47.68,50.5,3.54,40.22,51.26,75.85,36.3,44.85,307.16,101.83,155.67,100.98,104.47,1021.99,100.94,233.75,287.31,176.45,122.17,188.63,0,1292.5,2860.55,29.14,58.49,24.28,117.7,61.4,11.01,10.6,3.97,6.04,7.68,10.47,9.86,7.84,5.87,10.65,11.48,4.18,179.04,9.98,8.97,12.98,5.3,4.54,16.96,151.72,11.86,17.59,111.84,18.85,18.3,52.91,16.78,0.39,23.31,19.91,19.33,23.37,32.32,11.44,26.89,1.65,14.71,11.53,16.38,39.09,2.17,136.12,34.14,8.51,9.1,23.28,0.69,17.55,10.56],[29.31,5.01,3.86,9.13,88.63,19.56,8.46,26.22,1.99,4.61,10.87,3.33,49.32,18.72,36.28,7.04,1.19,17.26,53.19,2.41,21.1,429.55,32.12,110.77,30.64,25.96,6.75,29.64,34.26,29.57,132.38,166.62,47.11,2.98,46.14,49.81,293.78,17.43,58.11,104.64,33.04,29.9,26.32,1292.5,0,1306.58,29.49,121.13,54.32,210.06,80.85,10.91,18.3,7.5,9.56,7.1,8.37,9.22,10.31,5.27,6.51,10.18,12.93,176.6,9.06,6.74,16.08,5.88,7.48,19.11,142.81,34.99,17.54,19.92,14.83,7.36,49.26,0.32,2.22,0.59,2.57,3.2,27.94,3.13,10.67,2.45,8.53,10.97,66.53,2.71,44.92,1.88,69.85,17.18,16.88,2.7,1.63,1.34,41.08,7.44],[193.85,16.45,10.37,17.45,322.59,85.29,16.67,5.99,6.19,2.57,23.55,16.72,20.62,52.69,49.73,21.83,14.37,10.37,544.81,11.23,39.13,964.51,23.64,146,15.71,13.33,35.13,135.18,101.82,54.88,298.18,155.17,100.45,174.4,330.23,147.12,1296.56,197.7,283.25,240.9,271.76,185.92,156.11,2860.55,1306.58,0,91.18,209.86,79.15,266.59,158.47,18.77,12.23,3.83,22.86,19.74,16.08,17.98,16.43,8.16,18.48,19.63,9.17,330.84,18.04,13.3,23.63,6.83,8.48,25.46,251.37,3.28,53.65,86.36,83.58,11.77,81.78,2.58,0.12,22.57,17.3,24.73,37.21,20.74,33.7,4.24,6.84,44.1,59.36,6.95,18.71,37.06,33.69,22.5,9.54,3.16,9.88,6.6,64.06,43.88],[109.35,17.8,19.33,43.98,325.31,109.93,32.33,40.6,32.45,41.66,62.53,46.51,57.09,36.7,30.56,45.69,21,59.98,187.61,36.11,46.16,79.4,53.01,109.76,53.67,71.58,39.43,66.92,67.86,33.69,21.7,16.57,45.42,18.7,44.36,37.9,157.85,13.59,29.52,63.62,20.58,17.62,24.34,29.14,29.49,91.18,0,0,0,0,0,0,0,0,0,0,0,0,0,0,0,0,0,0,0,0,0,0,0,0,0,38.32,39.87,95.91,91.97,27.14,85.6,35.1,26.05,72.14,33.14,34.29,50.47,42.11,35.99,33.83,16.62,43.25,65.77,28,22.44,36.81,95.68,82.71,27.92,41.86,19.9,37.76,93.44,52.78],[78.45,34.25,26.29,72.59,122.41,54.15,43.07,18.5,15.84,73.91,237.27,48.75,30.93,106.43,57.18,268.26,74.79,552.73,250.19,49.43,159.29,560.47,65.42,936.15,289.91,131.67,70.13,559.42,684.85,132.86,263.03,250.72,47.78,107.69,53.42,48.93,198.07,65.91,146.42,59.93,75.55,69.36,41.38,58.49,121.13,209.86,0,0,0,0,0,0,0,0,0,0,0,0,0,0,0,0,0,0,0,0,0,0,0,0,0,157.41,227.49,95.69,456.03,32.75,55.05,102.91,23.48,161.22,67.96,58.29,50.47,125.25,87.23,71.88,33.06,18.6,26.84,13.2,12.96,122.34,91.44,233.66,26.11,32.5,23.97,48.06,25.05,28.87],[37.53,15.59,15.19,39.25,57.51,24.48,22.65,9.55,8.32,36.07,114.3,20.69,15.02,47.44,26.38,122.49,35.73,245.08,111.4,21.37,74.89,261.4,30.68,439.96,131.38,68.17,33.04,249.76,308.44,57.32,121.79,118.01,23.29,49.56,25.53,24.43,93.78,33.64,65.32,26.4,37.25,33.3,18.71,24.28,54.32,79.15,0,0,0,0,0,0,0,0,0,0,0,0,0,0,0,0,0,0,0,0,0,0,0,0,0,74.32,96.74,43.73,202.14,14.83,25.01,43.54,10.73,69.44,33.87,27.28,18.11,43.5,36.18,32.14,15.01,8.64,13.45,6.66,4.75,51.51,44.97,82.92,11,13.75,6.91,18.91,13.85,14.13],[225.14,65.13,66.99,178.68,460.89,169.96,117.43,68.48,62.99,174.06,566.84,122.89,108.75,221.63,133.08,541.11,94.39,1002.7,502.89,96.43,307.21,1021.63,155.68,1627.1,737.06,318.42,184.77,755.08,1017.22,250.88,481.99,477.45,110.34,147,160.36,164.81,417.27,280.79,540.26,151.73,251.02,225.17,121.68,117.7,210.06,266.59,0,0,0,0,0,0,0,0,0,0,0,0,0,0,0,0,0,0,0,0,0,0,0,0,0,293.71,506.22,222.4,1254.13,73.99,161.59,240.6,56.47,427.87,179.45,121.95,95.15,215.91,264.43,158.74,135.44,79.1,131.87,55.41,35.96,449.06,240.46,458.48,64.23,90.05,45.23,118.04,132.71,92.41],[214.93,57.37,60.3,126.66,517.49,175.63,79.37,72.35,57.4,104.38,240.46,93.98,99.66,110.31,77.12,202.38,102.23,315.35,412.8,81.8,158.17,368.62,108.79,594.45,239.73,165.36,99.62,335.08,388.78,112.92,139.47,123.25,85.05,75.42,92.44,82.54,313.07,68.11,125.17,112.74,75.95,67,53.39,61.4,80.85,158.47,0,0,0,0,0,0,0,0,0,0,0,0,0,0,0,0,0,0,0,0,0,0,0,0,0,149.09,166.54,193.11,407.68,57.75,149.51,99.46,50.68,181.12,100.64,89.87,63.2,108.73,101.64,87.91,50.35,72.24,119.18,50.09,34.1,138.66,221.26,238.2,57.22,77.07,37.99,78.96,144.24,91.57],[47.4,11.83,12.93,24.01,133.03,37.81,17.13,17.49,13.75,20.07,40.19,21.94,23.19,20.49,16.46,30.45,22.48,42.08,85.42,16.37,26.36,48.82,23.32,71.39,35.47,28.37,19.56,38.61,45.25,15.66,18.16,17.96,16.79,9.85,17.68,15.9,54.43,13.21,25.34,22.35,13.93,12.26,10.62,11.01,10.91,18.77,0,0,0,0,0,0,0,0,0,0,0,0,0,0,0,0,0,0,0,0,0,0,0,0,0,20.29,26.26,41.12,62.43,11,32.46,15.94,10.78,25.83,19.83,15.53,16.18,19.67,19.74,14.43,8.91,14.05,27.12,11.31,8.53,22.61,60.68,36.08,14.16,14.69,10.14,13.36,36.01,21.57],[39.07,19.27,17.11,32.19,79.09,30.86,23.75,10.82,8.97,38.22,91.19,22.73,14.53,36.76,27.07,91.29,48.59,176.17,97.38,17.53,51.85,164.01,28.44,271.79,93.67,53.6,28.19,148.84,181.16,32.26,73.22,73.08,14.98,26.18,14.31,13.68,40.59,19.36,35.77,12.46,18.81,18.33,13.88,10.6,18.3,12.23,0,0,0,0,0,0,0,0,0,0,0,0,0,0,0,0,0,0,0,0,0,0,0,0,0,46.57,81.81,36.72,129.2,13.59,25.74,35.99,8.82,51.91,35.18,21.36,25.6,39.47,29.47,20.76,11.36,8.83,14.86,7.32,6.16,40.44,53.13,74.52,13.81,12.46,8.96,15.97,15.44,16.97],[19.38,6.04,6.52,15.19,48.37,13.09,11.19,6.64,5.89,16.09,51.51,10.76,9.36,19.36,12.9,48.89,10.37,89.51,37.6,5.95,22.85,74.15,11.99,121.4,62.83,23.35,14.79,51.91,73.32,15.25,37.2,36.7,5.09,8.78,9.02,8.26,14.77,15.06,27.98,6,11.98,10.85,5.72,3.97,7.5,3.83,0,0,0,0,0,0,0,0,0,0,0,0,0,0,0,0,0,0,0,0,0,0,0,0,0,19.6,45.76,14.92,95.04,4.5,10.64,21.23,4.05,35.94,17.21,8.88,7.49,18.77,24.18,12.97,13.46,6.24,12.62,5.22,3.74,46.16,25.84,39.12,7.52,6.4,7.02,9.49,13.29,8.78],[35.47,8.22,6.87,19.07,74.84,28.95,10.87,9.02,6.89,14.42,35.08,14.99,13.72,17.92,8.91,31,11.04,44.94,65.34,15.49,25.08,54.93,13.11,89.95,39.54,23.31,12.59,58.37,63.53,24.41,16.93,11.73,10.15,10.54,8.48,6.08,28.77,5.24,14.43,8.84,6.7,6,3.57,6.04,9.56,22.86,0,0,0,0,0,0,0,0,0,0,0,0,0,0,0,0,0,0,0,0,0,0,0,0,0,25.01,30.11,27.39,68.63,7.97,18.53,12.99,8.36,31.43,11.85,13.75,15.81,21.92,20.34,21.64,9.94,9.26,14.58,6.55,5.28,29.59,33.02,59.35,8.79,15.35,5.99,15.03,18.85,13.29],[65.67,11.57,13.17,28.19,202.46,59.95,21.29,23.85,18.8,25.26,39.21,26.85,32.01,19.97,17.51,28.32,12.98,35.3,99.16,18.74,24.79,40.28,26.68,61.26,30.72,43.07,20.24,34.16,35.39,15.56,11.55,8.73,19.6,8.07,13.85,10.69,43.21,4.42,9.68,16.68,7.1,5.64,6.43,7.68,7.1,19.74,0,0,0,0,0,0,0,0,0,0,0,0,0,0,0,0,0,0,0,0,0,0,0,0,0,20.02,22.66,45.35,46.22,12,39.45,15.53,12.8,32.02,18.6,20.44,33.89,26.99,21.57,19.65,10.26,22.46,38.53,16.08,13.16,24.31,55.87,49.21,17.44,21.92,13.34,19.36,57.6,32.37],[57.12,9.87,12.31,23.55,189.92,47.85,22.3,21.62,17.31,29.61,39.76,31.57,28.87,19.88,18.35,31.92,17.21,46.49,91.07,19,24.37,45.68,28.02,70.4,37.05,61.61,22.37,36.67,43.25,14.11,17.84,16.03,28.68,8.85,14.44,12.54,48.48,6.92,15.78,21.75,13.71,9.66,8.98,10.47,8.37,16.08,0,0,0,0,0,0,0,0,0,0,0,0,0,0,0,0,0,0,0,0,0,0,0,0,0,19.48,27.74,47.69,54.65,11.76,42.28,14.13,10.64,26.03,19.18,16.27,62.62,33.13,28.28,16.29,10.36,18.91,36.59,15.06,15.61,27.32,56.26,41.26,16.04,19.22,11.76,13.94,53.05,31.94],[68.62,13.55,15.29,30.46,200.09,54.36,24.94,23.76,18.34,33.74,54.22,34.16,32.22,28.07,21.79,43.57,30.32,58.4,114.51,23.94,34.04,61.09,30.4,95.93,50.07,52.07,24.96,47.24,55.67,21.42,20.59,18.21,22.49,9.88,17.08,13.52,48.77,9.57,19.97,19.81,12.34,10.03,8.67,9.86,9.22,17.98,0,0,0,0,0,0,0,0,0,0,0,0,0,0,0,0,0,0,0,0,0,0,0,0,0,25.46,33.98,53.51,74.92,13.01,42.82,17.63,13.52,33.82,27.03,19.65,50.85,34.28,33.6,19.47,13.96,19.89,39.1,16.6,15.14,35.7,78.04,60.81,18.84,24.06,13.24,18.16,54.11,33.43],[42.57,9.05,9.78,20.2,126.24,33.84,16.83,15.02,12.36,22.2,47.47,21.88,20.76,21.08,15.87,40.75,10.62,68.95,71.74,14.16,25.27,63.26,20.76,96.4,53.49,38.68,19.33,44.02,58.34,18.21,27.76,27.25,15.08,8.48,12.7,11.26,31.34,14.32,29.33,12.97,13.78,11.97,7.82,7.84,10.31,16.43,0,0,0,0,0,0,0,0,0,0,0,0,0,0,0,0,0,0,0,0,0,0,0,0,0,19.89,38.41,32.15,85.16,8.57,26.6,18.63,7.86,31.95,18.13,13.22,29.99,25.49,27.7,14.47,12.9,12.89,25.6,10.28,9.4,38.61,44.13,44.05,12.33,14.19,9.55,12.41,34.56,20.98],[41.98,11.93,13.62,20.59,120.49,33.26,15.72,16.01,12.5,21.97,44.39,19.82,20.44,19.11,15.6,36.51,12.94,55.41,71.08,13.08,22.85,48.93,19.34,72.73,41.33,30.25,17.69,30.68,39.95,12.85,19.38,20.5,13.21,6.41,11.43,9.73,31.54,8,15.12,13.83,8.48,7.09,6.03,5.87,5.27,8.16,0,0,0,0,0,0,0,0,0,0,0,0,0,0,0,0,0,0,0,0,0,0,0,0,0,15.16,29.05,31.63,55,8.27,24.94,16.19,8.35,24.91,19.46,14.21,19.01,22.07,21.33,12.79,10.65,12.81,27.41,10.86,8.03,32.26,43.84,39.65,12.7,11.8,9.94,11.57,33.71,21.12],[90.4,11.5,13.05,30.23,305.69,74.02,26.39,34.42,27.41,29.09,39.62,35.88,47.83,22.78,23.48,27.95,5.37,38.46,130.63,22.36,24.2,35.27,37.67,50.26,32.23,54.19,26.67,28.41,30.36,15.43,12.62,10.78,25.86,8.15,20.87,16.31,61.93,5.52,11.65,26.2,8.74,7.02,9.97,10.65,6.51,18.48,0,0,0,0,0,0,0,0,0,0,0,0,0,0,0,0,0,0,0,0,0,0,0,0,0,18.9,23.17,62.96,48.02,16.62,57.82,15.05,15.38,24.83,19.63,23.61,52.37,34.82,29.01,19.67,13.27,28.99,58.75,23.29,18.47,28.73,71.72,49.26,23.84,25.08,18.04,17.79,90.37,46.16],[102.15,20.65,23.25,45.25,319.83,84.27,33.47,38.21,30.29,38.14,70.06,40.49,50.84,33.15,29.34,56.27,10.24,90.06,155.37,26.86,40.23,83.13,42.92,131.55,55.86,66.1,32.99,73.16,84.39,23.7,33.97,31.77,29.22,16.18,21.24,17.18,64.38,8.21,15.85,26.97,11.25,9.24,10.95,11.48,10.18,19.63,0,0,0,0,0,0,0,0,0,0,0,0,0,0,0,0,0,0,0,0,0,0,0,0,0,30.53,41.78,66.48,75.09,17.49,56.61,25.37,17.03,38.07,27.34,30.89,45.24,42.1,33.14,26.88,15.3,29.09,58.57,23.39,17.69,39.26,83.36,68.15,26.89,27.36,19.61,23.43,91.89,50.49],[23.7,10.88,11.48,22.63,43.98,17.18,14.73,7.42,5.83,26.54,75.08,13.17,9.74,31.47,19.99,83.02,30.56,167.81,65.74,10.29,40.63,140.69,17.14,247.74,78.24,34.37,18.49,139.12,171.49,25.63,69.95,66.67,7.02,24.24,8.82,6.59,20.47,9.57,18.38,6.08,8.8,8.36,5.25,4.18,12.93,9.17,0,0,0,0,0,0,0,0,0,0,0,0,0,0,0,0,0,0,0,0,0,0,0,0,0,34.79,60.78,21.36,101.64,6.31,11.83,31.07,6.05,42.51,23.98,12.79,10.26,25.3,22.25,14.5,9.23,5.47,10.12,5.17,2.98,32.06,32.31,45.36,7.58,7.38,4.61,10.26,10.8,10.87],[484.33,147.81,144.87,275.58,1222,419.7,209.26,160.5,129.72,292.3,567.83,248.06,229.15,276.72,205.88,468.82,408.95,697.9,1043.52,221.85,404.86,909.81,320.08,1323.37,567.07,414.31,255.96,738.22,870.42,267.64,322.11,305.62,240.83,170.53,200.53,178.93,682.75,139.52,279.32,272.33,174.4,161.4,149.63,179.04,176.6,330.84,0,0,0,0,0,0,0,0,0,0,0,0,0,0,0,0,0,0,0,0,0,0,0,0,0,338.6,437.31,466.1,926.62,137.12,339.52,195.07,101.95,359.51,261.19,177.44,257.65,269.23,248.38,182.36,103.28,130.61,236.48,100.34,79.72,312.81,545.52,511.51,139.25,159.41,90.49,151.21,299.59,212.66],[59.03,11.05,11.65,29.81,176.94,49.17,21.28,22.01,17.69,20.11,42.08,26.52,29,21.89,19.63,29.35,26.73,37.74,95.26,16.8,25.57,38.14,25.73,59.65,27.4,31.31,19.69,34.66,34.99,12.58,12.53,11.22,16.78,8.63,14.59,12.2,48.88,3.99,7.58,19.31,7.01,5.51,7.86,9.98,9.06,18.04,0,0,0,0,0,0,0,0,0,0,0,0,0,0,0,0,0,0,0,0,0,0,0,0,0,18.75,26,47.23,42.93,12.54,42.14,17.79,14.99,33.01,18.68,18.93,19.53,23.13,21.21,20.71,11.48,22.37,38.93,16.38,12.43,23.19,88.02,45.29,18.95,20.37,12.42,19.49,50.49,27.18],[79.45,18.62,20.51,40.17,233.23,62.73,28.66,29.82,23.22,30.18,59.57,36.34,38.38,30.51,25.1,42.38,23.4,53.9,128.73,23.93,35.84,52.44,34.48,76.79,40.01,42.02,26.91,43.42,44.73,16.91,15.76,14.07,21.6,10.3,17.67,13.74,53.21,4.73,8.69,19.56,7.64,6,7.91,8.97,6.74,13.3,0,0,0,0,0,0,0,0,0,0,0,0,0,0,0,0,0,0,0,0,0,0,0,0,0,24.45,35.1,63.17,57.92,16.22,52.78,21.86,18.71,35.05,28.68,24.85,27.04,30.66,29.05,24.63,14.46,24.68,50.06,20.72,15.19,32.41,118.25,56.93,25.17,24.19,16.21,22.01,65.29,37.2],[75.23,21.51,23.1,46.27,187.02,56.78,30.36,26.4,20.1,42.24,93.37,37.26,33.61,43.83,31.33,84.73,45.42,141.77,144.85,27.4,55.89,128.28,36.32,219.64,80.55,55.26,32.69,131.81,151.34,32.49,54.09,47.4,22.25,26.16,22.26,17.51,68.2,10.41,19.29,24.77,13.28,11.27,11.19,12.98,16.08,23.63,0,0,0,0,0,0,0,0,0,0,0,0,0,0,0,0,0,0,0,0,0,0,0,0,0,47.81,63.9,68.27,118.17,18.26,52.33,37.6,20.39,59.92,41.03,29.4,29.31,40.69,37.6,30.92,17.73,25.55,47.91,20.8,14.97,43.98,121.66,80.34,24.55,26.7,14.64,26.17,51.91,34.15],[50.59,11.21,12.15,28.65,144.24,36.5,19.6,18.97,14.9,20.37,49.74,25.17,23.75,23.64,18.23,39.11,15.98,59.89,82.45,14.76,27.09,50.73,21.32,81.68,37.36,27.81,18.2,46.25,52.08,13.05,20.67,18.84,11.4,9.24,10.28,7.9,27.77,5.11,9.38,9.52,6.01,4.97,4.77,5.3,5.88,6.83,0,0,0,0,0,0,0,0,0,0,0,0,0,0,0,0,0,0,0,0,0,0,0,0,0,19.98,33.33,42.53,56.1,10.71,36.39,19.61,15.04,32.03,21.36,17.47,15.58,22.97,24.39,20.73,13.7,18.84,39.19,16.21,11.69,29.21,105.12,44.72,18.87,17.19,11.27,16.76,42.17,23.3],[66.95,25.45,24.76,43.5,154.64,44.18,30.21,17.99,12.53,49.63,94.76,33.42,21.9,40.7,29.79,89.06,74.13,140.43,132.99,27.07,55.05,125.66,28,224.07,85.26,55.13,28.37,120.99,136.48,33.29,44.98,40.1,15.24,19.19,12.1,7.03,30.36,4.71,9.41,7.97,6.57,5.74,4.51,4.54,7.48,8.48,0,0,0,0,0,0,0,0,0,0,0,0,0,0,0,0,0,0,0,0,0,0,0,0,0,48.05,72.14,58.32,112.05,16.36,37.73,34.7,18.92,63.58,53.3,36.37,39.93,51,38.5,36.43,18.51,20.77,35.26,16.31,24.12,53.7,101.36,129.34,34.84,27.28,43.73,27.23,27.89,27.77],[103.12,28.12,30.27,62.56,283.13,75.85,43.41,37.19,28.85,54.28,119.04,52.58,47.33,56.13,42.51,102.65,58.51,165.88,192.07,35.32,70.52,149.94,50.75,248.04,95.85,71.95,43.64,143.93,162.4,35.78,60.65,56.1,30.52,28.96,29.49,23.36,91.14,11.97,21.82,32.33,16.76,13.86,14.82,16.96,19.11,25.46,0,0,0,0,0,0,0,0,0,0,0,0,0,0,0,0,0,0,0,0,0,0,0,0,0,56.32,83.46,97.52,137.41,26.05,77.2,47.57,30.59,76.08,57.18,42.26,40.74,55.1,50.07,44.18,24.86,36.79,70.72,30.22,26.87,58.81,190.69,108.94,41.53,35.36,33.42,35.36,75.49,47.33],[285.33,77.79,82.2,171.58,741.03,212.81,120.87,107.23,86.76,178.19,394.49,166.8,154.8,194.57,142.93,364.13,203.24,618.37,688.11,132.16,269