{"data":[[0,53.55,779.49,129.6,130.33,55.84,38.56,14.06,114.49,17.92,13.02,31.17,9.81,117.38,17.49,16.57,15.11,14.13,43.72,27.01,11.38,18.79,29.37,100.67,258.66,6.47,122.63,53.53,14.26,12.03,16.02,479.06,88.14,24.37,42.1,87.51,67.95,84.92,21.77,18.83,84.71,46.53,334.52,14.94,131.58,100.32,14.72,20.9,25.09,43.53,47.28,283.36,68.01,361.54,56.66,43.13,32.85,106.01,43.82,247.28,142.52,165.24,319.39,190.24,112.71,29.12,70.38,266.8,24.16,151.91,62.61,36.42,52.84,73.29,245.58,18.62,2.26,102.64,19.44,14.42,86.21,67.19,5.5,12.38,23.83,77.99,3.83,77.54,6.96,23.8,19.33,55.51,53.74,72.41,7.05,9.08,9.58,10.27,104.43,144.71],[53.55,0,213.27,15.06,11.89,13.43,15.59,3.94,31.68,1.26,3.8,0.64,9.2,29.13,94.16,15.9,6.23,4.25,8.53,24.82,2.21,24.64,1.27,9.91,25.28,7.3,68.04,3.68,0.71,1.17,2.36,82.11,2.62,16.53,1.28,7.6,19.61,32.86,0.13,5.74,27.25,8.59,86.92,2.19,29.52,18.93,0.73,4.84,28.65,10.21,4.8,35.95,7.51,48.85,7.51,4.94,3.26,10.79,4.48,33.18,16.69,14.89,39.4,20.86,13.13,2.55,7.68,25.88,1.85,13.53,4.66,2.71,5.87,9.44,33.57,0.19,10.08,53.05,4.74,1.5,19.25,43.96,5.72,2.53,6.08,68.22,8.62,9.32,20.99,2.7,4.76,18.38,2.03,0.81,8.89,1.1,1.08,7.06,6.26,6.69],[779.49,213.27,0,302.94,261.29,112.54,159.05,112.59,893.25,54.22,47.31,52.86,86.81,227.71,120.45,260.92,105.46,77.05,153.41,104.21,22.04,47.11,352.69,123.48,337.47,285.97,1299.2,160.14,55.91,101.2,90.09,707.64,282.72,61.95,28.21,299.79,71.45,155.92,119.97,133.43,514.86,210.89,1290.34,103.03,456.52,380.47,72.68,77.49,187.88,387.8,88.82,564.51,131.03,728.52,113.48,83.4,63.51,208.83,85.04,514.26,282.85,313.59,642.62,375.51,224.18,53.77,138.86,513.97,42.27,271.92,106.57,62,99.05,138.39,494.35,56.22,84.9,388.94,102.64,56.31,486.95,619.45,60.31,131.3,33.7,225.24,72,408.24,119.26,93.58,65.25,390.53,108.6,79.41,46.4,61.09,102.06,74.51,261.64,332.82],[129.6,15.06,302.94,0,109.83,50.13,16.97,23.44,191.97,3.75,4.31,35.85,0.66,5.63,8.37,17.82,10.73,6.19,8.2,0.77,3.62,0.35,107.16,7.11,16.86,0.97,533.39,4.66,4.38,4.58,9.83,38.12,6.91,3.54,14.78,16.56,21.64,42.13,1.12,52.18,6.73,23.21,132.43,1.32,20.06,16.31,5.55,3.66,38.88,10.86,19.32,110.01,27.61,135.97,21.31,17,13.95,45.01,18.26,94.02,56.36,71.84,124.26,77.48,44.97,12.12,28.73,115.16,9.8,59.53,24.43,14.22,19.48,24.21,90.29,5.94,4.03,7.23,1.45,0,10.12,2.01,0.48,7.55,0.24,6.4,4.2,23.85,7.05,0.84,0.93,17.33,14.54,0.57,2.67,0.81,0.28,1.67,47.2,6.35],[130.33,11.89,261.29,109.83,0,51.29,15.63,21.36,170.15,4.09,3.77,41.25,0.61,5.02,8.4,19.25,12.13,6.5,7.12,0.79,3.98,0.3,111.59,6.98,16.55,1.13,561.52,4.77,4.7,5.06,11.26,33.1,7.66,3.75,14.63,14.22,19.08,38.24,1.06,58.88,5.75,24.99,133.89,1.18,18.48,16,5.32,3.48,31.39,10.35,12.86,74.56,18.49,92.69,14.5,11.41,9.34,30.29,12.25,64.74,38.17,47.84,84.57,52.29,30.45,8.03,19.38,77.07,6.42,39.26,15.92,9.26,13.04,16.38,61.74,6.52,4.72,6.5,1.58,0,11.04,1.71,0.55,8.31,0.21,7.32,4.18,26.25,6.73,0.78,0.99,19.36,12.28,0.67,2.82,0.88,0.25,1.65,47.53,6.08],[55.84,13.43,112.54,50.13,51.29,0,30.28,36.05,289.49,5.62,5.43,1.77,0.3,5.34,0.72,1.23,2.07,3.33,7.73,6.12,3.73,5.19,1.83,6.88,17.47,4.63,6.74,6.66,1.24,2.64,0.8,46.15,0.66,1.61,3.54,0.45,3.25,8.55,4.36,8.87,23,7.7,56.58,0,21.68,18.66,2.68,3.67,17.41,1.8,9.22,55.09,13.39,69.15,10.78,8.31,6.74,22.02,8.87,48.93,28.09,34.18,62.76,38.27,22.4,5.71,14.17,55.54,4.49,27.78,11.06,6.44,9.47,12.11,46.28,1.69,4.07,27.99,1.96,1.65,1.76,45.06,28.77,2.11,2.57,11.06,10.44,30.57,18.86,5.24,22.53,11.98,5.77,11.21,0,1.48,1,0.38,7.42,60.59],[38.56,15.59,159.05,16.97,15.63,30.28,0,39.12,330.27,14.56,8.33,36.86,42.7,29.53,8.56,99.53,18.71,4.97,7.76,5.66,4.71,2.35,26.18,4.08,11.12,3.98,51.5,5.32,4,8.32,4.42,80.3,4.91,12.31,53.48,15.77,20.08,38.96,1.74,13.72,34.07,21.9,143.38,6.47,22.9,21.42,2.57,4.42,15.42,45.13,12.97,78.55,18.9,98.92,15.41,11.73,9.65,32.02,12.75,72,40.59,48.85,90.98,55.29,32.39,8.06,20.48,80.08,6.19,38.49,15.01,8.74,13.29,16.92,67.16,18.88,1.55,33.85,26.62,2.59,26.25,4.36,6.53,8.12,6.97,15.06,2.33,56.11,4.27,10.17,35.62,24.41,12.98,11.18,3.82,1.91,13.1,12.71,34.22,7.86],[14.06,3.94,112.59,23.44,21.36,36.05,39.12,0,253.1,15.41,9.41,22.82,17.43,34.38,7.77,4.73,2.85,8.16,5.82,7.83,2.65,3.19,33.85,5.37,14.53,5.25,20.81,4.26,3.81,7.67,3.34,59.46,6.08,12.77,3.87,7.35,3.69,8.91,2.47,8.92,21.34,20.4,101.34,8.56,28.25,27.68,2.61,5.56,20.93,6.79,18.42,99.76,25.97,120.3,18.89,15.66,13.53,43.61,17.51,83.45,52.08,70.97,113.14,72.87,41.78,11.71,27.1,113.85,9.39,55.59,22.9,13.34,17.39,20.03,79.43,2.99,2.16,16.79,7.58,2.4,8.45,4.78,10.61,8.45,3.41,15.8,2.3,36.45,3.89,1.77,9.37,16.38,12.01,15.03,6.54,2.75,7.66,1.36,13.51,12.81],[114.49,31.68,893.25,191.97,170.15,289.49,330.27,253.1,0,177.27,77.82,190.18,157.01,283.75,54.03,41.2,22.46,64.79,41.32,53.15,21.43,21.43,210.58,46.15,115.02,35.19,164.1,33.46,28.07,53.96,25.08,432.22,44.18,85.29,26.95,48.92,26.3,63.9,17.33,79.24,149.95,150.61,775.28,57.06,190.69,186.35,17,37.12,139.23,49.36,103.06,576.17,146.67,702.81,110.04,88.93,76.47,249.26,99.44,498.24,300.87,397.36,659.62,418.25,241.28,65.08,155.46,644.03,51.14,306.07,123.46,71.92,98.43,115.73,469.08,19.69,23.24,133.04,55.9,22.15,65.83,46.12,80.82,62.75,23.98,103.63,14.4,266.51,24.19,13.28,62.95,107.82,79.61,96.85,51.79,18.2,61.92,19.37,311.86,108.73],[17.92,1.26,54.22,3.75,4.09,5.62,14.56,15.41,177.27,0,0.26,3.88,2.2,3.74,7.54,0.38,2.92,1.42,1.34,1.97,2.7,0.95,1.75,12.68,27.14,0.29,15.06,3.24,1.66,2.56,1.12,53.07,4.49,0.35,2.52,1.09,0.63,1.76,1.38,9.34,10.03,25.96,169.47,0.32,9.15,7.23,0.35,1.42,3.52,8.31,9.76,52.19,13.7,62.45,9.8,8.2,7.2,23.21,9.28,43.34,27.32,37.9,59.13,38.4,21.97,6.18,14.3,61.08,4.92,28.93,11.87,6.92,8.95,10.06,41.1,0.89,17.49,33.3,3.74,6.1,5.59,2.78,1.06,2.96,2.21,1.71,0,8.34,0.1,1.54,5.44,4.05,0.99,1.3,0,0.99,9.55,26.54,446.11,1.56],[13.02,3.8,47.31,4.31,3.77,5.43,8.33,9.41,77.82,0.26,0,10.78,136.42,10.81,8.08,2.46,11.98,2.94,6.85,1.25,0.26,0.62,2.35,2.47,5.76,2.1,30.72,2.31,1.22,1.87,0.47,14.66,9.92,1.63,3.29,0.33,1.78,3.64,0.31,3.43,23.27,4.53,30.43,0.83,11.53,9.69,30.89,2.02,24.72,12.18,7.34,43.16,10.69,53.72,8.32,6.51,5.11,16.01,6.64,34.93,20.75,26.14,46.15,28.36,16.58,4.32,10.44,42.39,3.44,21.32,8.52,4.96,7.17,8.89,35.04,0.63,1.21,7.65,1.11,0.33,5.6,18.21,4.13,2.31,2.27,2.97,0.69,16.61,1.11,0.98,14.61,50.11,2.72,3.17,0.19,9.39,1,1.14,3.02,1.52],[31.17,0.64,52.86,35.85,41.25,1.77,36.86,22.82,190.18,3.88,10.78,0,6.27,6.82,18.47,7.65,142.97,720.83,4.76,15.99,18.23,4.07,37.9,3.22,9.42,5.19,9.82,0.84,14.8,11.87,1.51,49.86,6.82,10.71,0.7,4.71,3.03,6.35,20.09,1.6,31.06,12.96,89.46,0.65,30.49,22.89,6.69,4.63,13.75,50.25,34.93,190.42,49.75,229.82,35.66,29.69,23.6,71.59,30.09,140.81,89.97,124.13,195.96,125.99,72.25,20.15,46,199.3,16.42,98.75,40.26,23.41,31.43,35.45,147.26,1.76,39.98,36.18,4.17,0.94,68.11,0.12,0.1,1.67,0.72,18.36,0.22,4.82,0.26,39.72,0.97,8.37,4.01,3.34,2.86,4.75,13.27,76.54,26.56,2.78],[9.81,9.2,86.81,0.66,0.61,0.3,42.7,17.43,157.01,2.2,136.42,6.27,0,77.94,5.17,2.44,3.31,1.87,18.77,3.82,0.82,3.33,5.95,1.66,5.03,3,7.15,6.54,1.46,3.2,1.08,43.82,7.14,2.5,0,11.77,0.73,2.03,0,4.51,9.86,13.25,90.71,1.45,9.49,6.35,0.76,1.58,3.93,2.43,7.26,45.49,10.8,58.11,8.94,6.67,4.84,15,6.33,36.59,20.81,24.21,47.08,27.77,16.55,3.98,10.11,40.19,3.13,20.26,7.76,4.51,7.25,9.6,38.39,0.44,10.19,6.35,3.09,0,11.38,127.14,0.36,1.41,7.55,3.59,1.04,1.77,1.94,1.83,0,12.09,7.05,5.07,0,0.79,0.97,0.34,12.39,7.61],[117.38,29.13,227.71,5.63,5.02,5.34,29.53,34.38,283.75,3.74,10.81,6.82,77.94,0,86.89,17.22,24.91,10.32,50.31,134.7,9.93,126.07,8.83,14,34.19,28.78,85.96,3.47,8.69,8.9,7.22,280.44,3.03,9.05,8.36,13.35,5.06,11.36,1.79,33.04,12.83,19.1,152.36,5.04,66.82,50.47,2.21,10.88,11.91,11.95,25.17,148.67,36.65,187.8,29.12,22.62,16.33,49.74,21.36,113.76,68.44,82.91,152.56,91.72,54.25,14.34,33.63,134.18,12.1,76.03,31.32,18.2,25.89,34.71,123.17,14.22,254.38,11.96,12.27,9.79,42.4,283.67,26.4,37.74,6.74,180.42,2.46,12.85,3.78,3.4,57.29,62.13,12.97,3.01,21.24,1.27,3.33,10.15,13.24,21.15],[17.49,94.16,120.45,8.37,8.4,0.72,8.56,7.77,54.03,7.54,8.08,18.47,5.17,86.89,0,68.75,93.54,17.69,31.11,20.31,13,15.61,6.08,2.12,6.31,70.08,46.9,6.76,11.28,18.33,0.85,50.58,8.03,3.99,2.45,28.68,28.57,51.44,5.18,2.26,211.12,21.13,144.08,2.24,63.87,45.49,8.91,9.53,20.33,73.18,19.68,120.23,29.19,153.07,23.51,17.9,12.44,37.32,16.19,89.24,52.74,62.44,118.59,70.17,41.87,10.51,25.55,102.85,8.64,55.43,22.01,12.78,19.41,26.16,99.19,14.06,7.08,35.81,14,11.22,161.63,31.49,28.19,2.25,12.45,57.83,1.25,39.54,2.26,31.04,195.63,39.53,28.31,6.82,1.85,0.34,0.42,2.31,30.68,47.41],[16.57,15.9,260.92,17.82,19.25,1.23,99.53,4.73,41.2,0.38,2.46,7.65,2.44,17.22,68.75,0,283.72,1107.91,57.22,1.12,4.11,0.66,107.06,24.26,65.4,0.62,404.96,21.88,3.11,3.56,5.49,91.92,82.97,1.02,22.27,73.85,2.08,5.24,0.97,0.97,9.85,17.87,169.1,5.93,21.44,14.41,0.31,3.69,41.11,12.54,6.55,48.86,10.23,67.03,10.29,6.71,4.03,12.78,5.52,40.99,21.11,18.28,49.78,25.54,16.52,3.09,9.37,32.41,2.27,17.31,5.71,3.32,7.59,12.54,47.07,0.46,0.39,31.39,18.35,4.07,5.08,78.33,0.91,9.24,19.29,217.45,15.95,3.49,32.83,28.53,0.73,12.28,7.74,1.6,13.61,0,2.4,4.38,5.1,22.2],[15.11,6.23,105.46,10.73,12.13,2.07,18.71,2.85,22.46,2.92,11.98,142.97,3.31,24.91,93.54,283.72,0,146.27,27.17,144.86,7.55,143.5,23.66,14.99,38.78,10.71,188.71,9.22,2,3.31,8.82,127.55,15.98,2.62,4.21,28.42,3.17,5.48,0.55,0.86,38.42,9.43,99.37,1.97,19.62,12.74,3.22,3.09,13.41,18.96,6.9,52.99,10.96,72.99,11.17,7.18,4.29,13.68,5.89,44.75,22.74,19.21,53.89,27.38,17.81,3.22,10.05,34.47,2.29,17.88,5.69,3.31,8.06,13.46,50.98,2.07,0.51,17.26,6.4,1.93,18.73,297.03,1.99,5.56,4.84,35.97,16.46,5.69,37.14,9.61,2.44,18.74,6.26,1.12,4.26,0.4,2.49,1.97,12.04,7.64],[14.13,4.25,77.05,6.19,6.5,3.33,4.97,8.16,64.79,1.42,2.94,720.83,1.87,10.32,17.69,1107.91,146.27,0,10.54,1.69,26.18,1.87,31.1,13.17,22.81,6.73,29.78,3.99,2.43,3.85,0.92,82.8,8.28,2.29,1.17,14.33,1.62,2.97,3.42,1.04,37.42,5.76,73.3,0,19.25,12.38,2.89,2.96,1.48,11.28,7.14,51.57,11.02,70.45,10.84,7.19,4.25,13.19,5.79,41.56,21.94,19.49,51.39,26.47,17.15,3.31,9.71,34.52,2.51,18.81,6.35,3.69,8.04,13.24,49.73,1.57,0.32,102.99,8.57,3.46,10.72,95.24,1.18,15.42,21.23,4.61,3.13,7.31,5.84,1.41,0.84,9,1.93,1.68,4.59,0.48,4.05,0.45,4.12,5.78],[43.72,8.53,153.41,8.2,7.12,7.73,7.76,5.82,41.32,1.34,6.85,4.76,18.77,50.31,31.11,57.22,27.17,10.54,0,33.94,63.51,27.07,14.54,25.2,77.28,12.24,137.99,9.03,6.64,10.69,2.4,140.78,4.03,0.57,3.21,47.92,2.78,7.26,2.16,36.68,33.64,22.9,218.67,0.87,76.46,41.67,2.46,10.6,43.94,121.84,17.19,116.11,26.61,152.34,23.11,16.36,10.6,31.71,13.88,86,47.74,50.7,110.16,61.41,37.9,8.22,22.37,88.52,6.22,42.74,15.18,8.81,16.36,23.01,99.87,0.47,8.48,247.68,54.25,2.82,13.9,126.82,25.76,15.81,5.3,13.78,7.43,55.24,20.39,16.4,10.74,40.71,3.53,6.35,3.11,40.61,6.49,5.6,5.84,2.32],[27.01,24.82,104.21,0.77,0.79,6.12,5.66,7.83,53.15,1.97,1.25,15.99,3.82,134.7,20.31,1.12,144.86,1.69,33.94,0,25.02,51.69,56.68,6.63,23.01,3.45,57.09,43.92,11.3,23.37,3.33,55.69,19.21,0.77,2.1,5.72,8.59,22.95,0.59,13.92,88.97,11.85,58.41,5.57,28.05,22.69,2.4,4.79,5.79,23.23,4.42,33.3,7.22,44.86,6.64,4.36,2.65,7.91,3.5,23.95,12.68,12.11,29.82,15.71,10.08,1.88,5.71,22.91,1.31,9.82,3.05,1.77,4.07,5.91,29.93,14.43,12,27.52,16.27,11.04,2.81,14.07,11.03,2.67,1.93,19.47,4.57,8.6,6.65,0.66,3.68,37.38,5.44,1.62,0.85,2.59,6.48,25.48,5.43,42.31],[11.38,2.21,22.04,3.62,3.98,3.73,4.71,2.65,21.43,2.7,0.26,18.23,0.82,9.93,13,4.11,7.55,26.18,63.51,25.02,0,26.59,4.31,11.8,31.9,11.71,92.98,3.21,2.72,5.26,1.57,130.8,9.75,3.18,0.42,1.61,2.73,5.07,0,6.27,3.41,2.08,17.73,0.26,9.31,7.17,7.68,1.52,16.67,5.21,9.4,55.85,14.02,69.82,10.54,8.27,5.52,15.6,6.98,35.66,22.07,27.95,49.27,29.79,17.69,4.39,10.69,47.37,3.49,22.26,8.41,4.87,7.63,9.24,44.28,1.32,4.08,7.82,3.59,0,8.22,1.46,0.34,2.59,1.29,22.97,1.55,1.91,2.84,0.65,3.85,6.93,1.37,1.09,0,1.14,0,1.09,2.92,0.84],[18.79,24.64,47.11,0.35,0.3,5.19,2.35,3.19,21.43,0.95,0.62,4.07,3.33,126.07,15.61,0.66,143.5,1.87,27.07,51.69,26.59,0,24.12,5.94,18.76,3.19,57.86,25.38,10.86,20.5,2.79,30.11,22.35,0.6,0.77,1.44,7.63,21.6,0.66,22.13,48.69,9.71,41.01,5.4,13.51,13.96,2,2.62,4.57,19.7,6.91,36.44,9.99,43.29,6.56,5.74,4.03,11.07,4.99,20.89,14.52,21.38,31.33,20.67,11.71,3.37,7.37,34.71,2.83,16.91,6.92,4,5.25,5.58,26.06,15.98,9.7,22.92,14.75,10.18,2.08,31.01,10.31,1.97,2.43,12.57,4.66,10.05,6.87,0.64,4.47,18.41,1.83,1.39,0.78,2.32,5.95,22.15,4.74,45.47],[29.37,1.27,352.69,107.16,111.59,1.83,26.18,33.85,210.58,1.75,2.35,37.9,5.95,8.83,6.08,107.06,23.66,31.1,14.54,56.68,4.31,24.12,0,37.85,97.69,1.5,352.11,3.31,9.72,5.18,3.32,91.09,102.2,20.29,47.42,45.02,46.7,98.3,0.41,11.86,4.28,16.08,102.7,1.16,71.14,73.57,0.38,13.02,26.97,17.65,24.3,139.19,35.28,175.38,26.9,21.32,13.93,39.42,17.85,90.72,57.07,71.11,126.55,76.34,45.2,11.92,27.44,116.94,10.21,64.45,26.13,15.13,21.68,28.37,114.84,6.29,0.27,23.45,18.46,1.75,628.1,13.91,28.48,6.23,8.46,39.29,7.96,15.97,10.54,99.24,15.35,171.13,30.17,51.24,0.46,3.32,150.17,2.28,5.8,4.16],[100.67,9.91,123.48,7.11,6.98,6.88,4.08,5.37,46.15,12.68,2.47,3.22,1.66,14,2.12,24.26,14.99,13.17,25.2,6.63,11.8,5.94,37.85,0,83.87,10.07,133.26,2.46,4.12,7.3,3.31,26.54,14.36,6.72,8.48,21.86,4.62,14.11,7.94,48,9.46,5.56,29.56,0.79,19.84,14.23,2.22,3.29,1.77,6.26,9.75,52.55,13.8,65.08,10.04,8.29,5.48,15.23,6.97,32.77,21.58,28.52,47.23,29.44,17.12,4.82,10.54,46.55,4.24,26.19,10.95,6.33,8.44,10.55,42.63,0.99,4.55,54.51,5.51,8.06,45.02,58.15,8.36,13.62,2.98,2.69,5.67,50.4,8.56,11.63,5.4,20.03,13.62,7.18,37.18,3.3,6.64,1.3,5.86,6.42],[258.66,25.28,337.47,16.86,16.55,17.47,11.12,14.53,115.02,27.14,5.76,9.42,5.03,34.19,6.31,65.4,38.78,22.81,77.28,23.01,31.9,18.76,97.69,83.87,0,22.63,388.77,6.93,11.54,19.73,8.61,82.89,40.83,16.31,17.62,55.81,14.35,40.64,18.91,114.53,27.14,15.49,87.21,2.39,62.31,45.9,5.31,10.51,9.2,22.75,27.95,146.97,40.15,175.88,26.79,23.31,16.18,44.5,20.19,85.88,59.36,85.64,128.27,83.95,47.61,13.99,30,138.35,12.08,72.35,30.42,17.6,22.49,25.3,107.6,1.91,12.01,120.82,14.05,19.19,147.65,187.48,20.13,32.38,6.72,10.11,14.51,120.19,21.94,31.68,14.77,52.87,35.55,20.07,92.7,8.11,31.73,2.74,14.93,14.18],[6.47,7.3,285.97,0.97,1.13,4.63,3.98,5.25,35.19,0.29,2.1,5.19,3,28.78,70.08,0.62,10.71,6.73,12.24,3.45,11.71,3.19,1.5,10.07,22.63,0,98.62,6.5,2.34,1.75,5.74,32.24,69.53,10.83,1.01,6.97,6.18,10.81,0.34,6.38,24,8.32,73.1,1.15,22.92,17.62,0.33,3.7,2.99,3.36,3.49,27.3,5.66,37.94,5.74,3.62,1.9,5.64,2.55,19.66,10.21,8.26,24.22,11.73,7.98,1.31,4.29,15.58,0.91,7.64,2.18,1.27,3.51,6,27.03,0,30.03,18.05,1.21,0.55,19.74,239.92,0.95,4.77,7.02,6.1,0.45,13.12,0.94,0.99,10.04,18.28,3.52,0.6,0,3.82,2.18,1.35,1.85,2.06],[122.63,68.04,1299.2,533.39,561.52,6.74,51.5,20.81,164.1,15.06,30.72,9.82,7.15,85.96,46.9,404.96,188.71,29.78,137.99,57.09,92.98,57.86,352.11,133.26,388.77,98.62,0,2769.97,402.93,359.71,148.56,921.21,104.25,90.08,74.35,53.85,95.24,158.24,25.46,317.96,175.52,112.54,809.56,7.51,715.1,448.13,26.22,112.26,33.69,63.43,79.97,499.17,122.84,636.33,95.08,72.14,44.9,124.5,56.74,306.96,185.85,223.76,419.06,244.8,148.16,35,87.53,382,27.96,183.56,68.06,39.37,64.87,84.25,401.21,30.24,89.6,196.99,35.19,26.3,116.82,629.24,6.92,151.91,26.11,96.95,23.64,141.04,44.48,10.57,58.89,238.88,23.57,42.67,25.77,6.54,14.99,15.93,59.12,113.84],[53.53,3.68,160.14,4.66,4.77,6.66,5.32,4.26,33.46,3.24,2.31,0.84,6.54,3.47,6.76,21.88,9.22,3.99,9.03,43.92,3.21,25.38,3.31,2.46,6.93,6.5,2769.97,0,69.57,44.53,27.54,64.8,8.35,8.48,61.02,19.53,1.42,2.92,3.44,196.53,2.59,12.27,87.32,2.24,267.55,212.43,4.93,50.06,8.77,3.32,58.9,368.4,91.52,465.82,68.5,52.39,32.75,89.37,41.11,214.75,132.06,164.2,297.08,175.91,105.88,25.3,62.69,284.69,20.1,130.81,48.45,28.03,45.75,57.13,286.48,14.92,5,32.41,6.03,4.68,26.33,62.88,24.47,11.09,4.91,15.78,5.91,5.37,10.46,5.19,22.7,57.28,15.58,16.25,56.85,31.45,1.76,1.33,17.77,0.85],[14.26,0.71,55.91,4.38,4.7,1.24,4,3.81,28.07,1.66,1.22,14.8,1.46,8.69,11.28,3.11,2,2.43,6.64,11.3,2.72,10.86,9.72,4.12,11.54,2.34,402.93,69.57,0,32.04,6.06,38.45,1.17,1.24,3.37,1.48,2.97,7.19,0.94,11.43,6.25,9.07,48.61,1.37,53.63,39.07,0.28,8.76,2.12,6.92,14.2,87.09,22,109.08,15.94,12.41,7.73,20.74,9.61,48.32,30.37,39.1,68,40.86,24.42,5.94,14.51,67.73,4.74,30.51,11.38,6.58,10.49,12.71,66.16,6.32,1.15,3.41,1.75,0.18,2.02,17.75,1.79,1.3,2.38,14.31,1.47,24.4,2.8,0.43,1.24,18.43,1.92,0.44,2.39,0.6,7.23,7.68,4.96,0.67],[12.03,1.17,101.2,4.58,5.06,2.64,8.32,7.67,53.96,2.56,1.87,11.87,3.2,8.9,18.33,3.56,3.31,3.85,10.69,23.37,5.26,20.5,5.18,7.3,19.73,1.75,359.71,44.53,32.04,0,5.29,64.13,1.82,2.56,4.14,3.48,3.17,7.35,1.52,24.66,9.5,11.66,58.74,2.71,98.97,70.32,0.62,17.31,5.08,12.14,3.25,26.4,5.67,36.45,5.24,3.3,1.79,5.11,2.34,16.63,8.77,7.96,20.77,10.48,6.95,1.18,3.79,15.48,0.8,6.43,1.83,1.06,2.74,4.14,23.61,6.24,1.86,5.3,2.14,0.4,5.17,47.21,3.12,2.24,3.68,30.04,3.14,21.11,5.99,1.07,2.52,18.44,3.01,0.77,9.84,1.11,14.27,16.04,6.76,1.86],[16.02,2.36,90.09,9.83,11.26,0.8,4.42,3.34,25.08,1.12,0.47,1.51,1.08,7.22,0.85,5.49,8.82,0.92,2.4,3.33,1.57,2.79,3.32,3.31,8.61,5.74,148.56,27.54,6.06,5.29,0,401.73,2.94,7.98,4.34,4.64,8.22,15.15,0.77,6.73,19.22,5.5,39.03,1.07,25.44,22.12,2.31,4.75,6.03,1.51,6.47,46.55,11.13,60.92,8.45,5.9,3.24,8.28,3.98,22.07,13.22,15.39,30.26,16.81,10.69,2.13,5.96,29.56,1.53,10.66,3.4,1.96,4.02,5.01,37.46,1.4,9.29,20.01,2.05,1.54,2.63,5.26,1.1,16.91,1.46,12.96,3.04,8.77,6.07,3.12,2.61,17.71,8.81,26.64,0.8,9.08,26.12,1.06,3.56,1.3],[479.06,82.11,707.64,38.12,33.1,46.15,80.3,59.46,432.22,53.07,14.66,49.86,43.82,280.44,50.58,91.92,127.55,82.8,140.78,55.69,130.8,30.11,91.09,26.54,82.89,32.24,921.21,64.8,38.45,64.13,401.73,0,151.17,143.95,143.32,122.36,129.97,246.67,88.23,224.8,726.62,193.89,932.89,26.64,166.64,174.73,132.26,33.03,65.31,117.82,132.63,810.12,212.04,985.67,137.43,110.85,66.75,166.8,80.54,356.43,240.78,340.71,531.45,331.25,196.74,48.04,115.78,615.06,37.12,231.94,84.68,48.75,78.56,83.82,577.78,6.51,133.36,215.1,117.64,60.46,316.82,100.47,76.68,56.06,171.79,215.87,36.39,160.1,56.52,16.01,137.64,131.53,80.02,42.54,94.79,69.55,62.03,26.58,201.28,121.3],[88.14,2.62,282.72,6.91,7.66,0.66,4.91,6.08,44.18,4.49,9.92,6.82,7.14,3.03,8.03,82.97,15.98,8.28,4.03,19.21,9.75,22.35,102.2,14.36,40.83,69.53,104.25,8.35,1.17,1.82,2.94,151.17,0,64.83,2.2,29.04,8.75,22.79,0.95,20.92,93.29,7.32,75.31,1.14,35.67,22.26,0.4,5.39,12.53,106.38,12.84,90.39,19.67,123.53,18.93,12.64,6.73,19.35,8.89,62.66,34.21,30.48,79.74,40.07,26.68,4.95,14.62,55.4,3.78,29.05,9.38,5.44,12.36,20.34,90.11,0.11,10.48,43.92,5.51,8.04,30.9,15.28,1.77,25.73,4.46,19.58,3.19,13.23,6.72,1.18,10.6,14.84,10.38,25.36,0.94,6.93,0.92,27.51,9.66,10.05],[24.37,16.53,61.95,3.54,3.75,1.61,12.31,12.77,85.29,0.35,1.63,10.71,2.5,9.05,3.99,1.02,2.62,2.29,0.57,0.77,3.18,0.6,20.29,6.72,16.31,10.83,90.08,8.48,1.24,2.56,7.98,143.95,64.83,0,12.66,1.25,1.59,4.9,8.84,17.42,3.96,16.19,179.75,1.52,33.55,20.45,2.3,5.3,12.34,38.96,7.85,58.55,12.78,80.75,12.05,7.83,3.83,10.45,4.93,34.61,19.23,16.94,44.76,21.94,14.99,2.53,8,31.71,1.85,14.86,4.34,2.51,6.44,10.35,58.38,0.16,2.41,111.7,5.02,4.73,11.67,6.76,0.1,211.54,6.34,12.87,7.38,15.63,14.13,4.74,7.4,21.09,3.7,1.31,7.82,2.78,14.33,0,3.13,61.59],[42.1,1.28,28.21,14.78,14.63,3.54,53.48,3.87,26.95,2.52,3.29,0.7,0,8.36,2.45,22.27,4.21,1.17,3.21,2.1,0.42,0.77,47.42,8.48,17.62,1.01,74.35,61.02,3.37,4.14,4.34,143.32,2.2,12.66,0,12.28,14.44,26.1,0.61,4.98,22.5,16.73,134.76,1.14,18.21,11.44,0.52,2.95,3.65,41.75,9.82,60.77,15.82,77.68,11.16,8.6,4.45,10.49,5.2,25.45,16.76,21.6,37.58,21.6,13.44,2.93,7.61,38.36,2.26,14.88,5.13,2.94,5.26,6.48,48.92,18.59,8.92,29.02,1.38,0.6,0.62,148.15,0.53,1.25,3.35,9.99,1.38,1.54,2.2,1.69,4.17,22.66,1.96,6.78,0.31,2.49,1.01,1.55,2.87,1.93],[87.51,7.6,299.79,16.56,14.22,0.45,15.77,7.35,48.92,1.09,0.33,4.71,11.77,13.35,28.68,73.85,28.42,14.33,47.92,5.72,1.61,1.44,45.02,21.86,55.81,6.97,53.85,19.53,1.48,3.48,4.64,122.36,29.04,1.25,12.28,0,14.1,27.77,1.59,64.05,76.91,91,636.45,7.37,88.74,81.66,10.85,16.23,36.9,65.4,40.22,255.07,72.69,323.96,42.09,33.43,13.17,21.8,12.32,48.82,37.14,58.57,87.54,47.18,30.93,5.61,17,106.7,3.52,22.98,6.91,3.98,8.11,10.26,172.1,3.15,7.02,28.59,30.08,6.34,113.24,135.55,19.42,2.88,23.43,58.1,8.6,86.1,13.98,1.14,8.92,95.72,30.6,18.2,0.4,16.52,28.08,4.08,55.01,39.58],[67.95,19.61,71.45,21.64,19.08,3.25,20.08,3.69,26.3,0.63,1.78,3.03,0.73,5.06,28.57,2.08,3.17,1.62,2.78,8.59,2.73,7.63,46.7,4.62,14.35,6.18,95.24,1.42,2.97,3.17,8.22,129.97,8.75,1.59,14.44,14.1,0,362.18,0.95,17.1,27.02,10.86,145.82,2.32,34.97,20.89,5.13,4.37,7.09,12.82,30.93,174.16,50.32,214.85,29.22,24.72,11.63,22.94,12.27,47.87,36.38,56.99,80.85,48.78,29.79,6.73,16.91,100.6,5.06,31.45,11.01,6.29,10.52,11.53,122.76,5.43,50.56,61.1,17.94,9.95,41.09,2.21,19.07,0.45,7.02,15.89,5.02,18.39,8.85,1.84,19.58,101.11,4.23,2.31,9.74,2.57,5.13,0.92,13.74,18.83],[84.92,32.86,155.92,42.13,38.24,8.55,38.96,8.91,63.9,1.76,3.64,6.35,2.03,11.36,51.44,5.24,5.48,2.97,7.26,22.95,5.07,21.6,98.3,14.11,40.64,10.81,158.24,2.92,7.19,7.35,15.15,246.67,22.79,4.9,26.1,27.77,362.18,0,2.83,43.41,85.42,28.37,384.63,4.09,93.8,54.07,13.51,11.25,13.62,22.75,23.4,161.86,40.29,216.34,30.01,20.95,9.03,18.99,9.83,53.86,34.11,39.64,78.91,40.51,27.28,4.74,14.67,75.37,3.33,24.31,7.03,4.02,9.54,13.1,140.61,9.94,92.71,114.82,29.74,18.88,76.3,4.62,33.42,1.3,11.09,50.14,14.22,33.1,25.96,3.85,35.54,142.62,9.71,4.16,28.87,6.12,12.14,2.5,33.31,37.71],[21.77,0.13,119.97,1.12,1.06,4.36,1.74,2.47,17.33,1.38,0.31,20.09,0,1.79,5.18,0.97,0.55,3.42,2.16,0.59,0,0.66,0.41,7.94,18.91,0.34,25.46,3.44,0.94,1.52,0.77,88.23,0.95,8.84,0.61,1.59,0.95,2.83,0,361.07,10.56,6.45,54.04,0,32.86,19.86,0.26,4.93,19.31,2.89,9.67,52.43,15.03,67.78,9.53,7.68,2.83,4.83,2.67,11.23,8.85,12.74,19.97,10.47,7.02,1.34,3.67,21.94,1.09,6.99,2.42,1.36,2.42,3.51,47.11,5.64,2.4,113.33,11.59,9.79,9.21,3.03,0,1.27,1.25,15.87,0,5,0,0.69,0.2,10.3,0.7,0.21,1.38,0,0,8.39,7.04,0.65],[18.83,5.74,133.43,52.18,58.88,8.87,13.72,8.92,79.24,9.34,3.43,1.6,4.51,33.04,2.26,0.97,0.86,1.04,36.68,13.92,6.27,22.13,11.86,48,114.53,6.38,317.96,196.53,11.43,24.66,6.73,224.8,20.92,17.42,4.98,64.05,17.1,43.41,361.07,0,152.78,75.14,992.37,10.17,268.77,136.65,59.39,30.18,512.45,79.43,33.14,190.24,53.49,247.16,34.4,27.02,9.78,16.27,8.96,38.88,30.02,42.8,68.85,35.17,23.92,4.24,12.45,73.96,3.23,21.37,6.87,3.85,7.66,11.15,167.11,10.96,23.01,202.12,24.53,183.41,30.3,218.59,6.3,6.74,7.15,13.53,4.15,6.78,9.39,3.97,3.68,24.6,11.27,27.29,2.07,2.37,4.51,11.08,104.45,4.92],[84.71,27.25,514.86,6.73,5.75,23,34.07,21.34,149.95,10.03,23.27,31.06,9.86,12.83,211.12,9.85,38.42,37.42,33.64,88.97,3.41,48.69,4.28,9.46,27.14,24,175.52,2.59,6.25,9.5,19.22,726.62,93.29,3.96,22.5,76.91,27.02,85.42,10.56,152.78,0,65.3,662.36,5.53,132.7,99.43,12.19,20.41,46.09,66.77,62.24,346.01,101.73,445.01,59.96,48.82,16.7,24.14,13.94,51.93,43.98,71.37,103.55,52.11,35.76,6.04,18.71,117.42,4.16,25.98,8.5,4.77,8.85,14.08,276.74,12.98,2.95,139.01,30.71,84.41,61.06,20.53,135.35,23.52,19.74,46.62,19.29,47.77,36.14,3.32,15.14,112.04,46.64,7.61,1.21,6.75,46.04,8.7,150.99,52.45],[46.53,8.59,210.89,23.21,24.99,7.7,21.9,20.4,150.61,25.96,4.53,12.96,13.25,19.1,21.13,17.87,9.43,5.76,22.9,11.85,2.08,9.71,16.08,5.56,15.49,8.32,112.54,12.27,9.07,11.66,5.5,193.89,7.32,16.19,16.73,91,10.86,28.37,6.45,75.14,65.3,0,594.84,14.54,92.18,61.82,14.55,13.94,27.29,37.5,29.94,174.62,49.85,226.43,30.65,24.15,8.22,12.06,6.88,27.37,22.22,34.61,52.75,26.11,18,2.9,9.44,58.09,1.96,12.83,3.89,2.18,4.5,7.09,142.43,6.42,8.21,42.75,10.66,6.69,25.97,46.78,2.26,8.04,4.78,62.01,3.13,49.88,5.32,7.69,2.52,31.53,5.51,5.47,0.74,5.77,11.44,1.46,14.55,13.79],[334.52,86.92,1290.34,132.43,133.89,56.58,143.38,101.34,775.28,169.47,30.43,89.46,90.71,152.36,144.08,169.1,99.37,73.3,218.67,58.41,17.73,41.01,102.7,29.56,87.21,73.1,809.56,87.32,48.61,58.74,39.03,932.89,75.31,179.75,134.76,636.45,145.82,384.63,54.04,992.37,662.36,594.84,0,243.96,580.05,403.48,130.91,79.54,292.58,229.72,242.99,1334.87,403.45,1697.87,225.12,189.03,65.51,92.59,54.39,189.21,166.76,287.21,393.1,202.75,136.68,23.51,72.13,464.36,15.5,97.14,30.86,17.4,31.73,48.22,980.95,46.98,60.41,269.08,101.17,60.2,269.72,209.8,20.62,55.97,37.71,444.91,19.85,336.29,31.02,60.14,21.56,203.66,38.59,46.43,5.37,37.04,127.85,9.91,152.41,131.57],[14.94,2.19,103.03,1.32,1.18,0,6.47,8.56,57.06,0.32,0.83,0.65,1.45,5.04,2.24,5.93,1.97,0,0.87,5.57,0.26,5.4,1.16,0.79,2.39,1.15,7.51,2.24,1.37,2.71,1.07,26.64,1.14,1.52,1.14,7.37,2.32,4.09,0,10.17,5.53,14.54,243.96,0,35.82,20.32,8.96,3.21,66.36,6.97,13.29,71.73,22.17,90.54,11.74,10.1,3.44,4.6,2.76,8.85,8.22,15.09,19.64,10.09,6.8,1.15,3.61,23.65,0.71,4.38,1.37,0.78,1.37,2.18,49.19,68.03,0,10.29,1.77,2.45,1.87,83.82,0.38,0.36,2.29,3.67,2.86,4.13,6.01,19.24,3.16,5.02,0.56,0.38,0,3.08,0.18,1.03,1.73,35.06],[131.58,29.52,456.52,20.06,18.48,21.68,22.9,28.25,190.69,9.15,11.53,30.49,9.49,66.82,63.87,21.44,19.62,19.25,76.46,28.05,9.31,13.51,71.14,19.84,62.31,22.92,715.1,267.55,53.63,98.97,25.44,166.64,35.67,33.55,18.21,88.74,34.97,93.8,32.86,268.77,132.7,92.18,580.05,35.82,0,1175.26,65.87,149.91,492.74,169.66,166.61,926.61,288.68,1155.85,145.22,126.52,42.68,54.65,33.69,100.5,96.76,185.85,236.04,119.71,81.56,13.49,43.43,297.04,7.43,45.13,13.72,7.91,13.49,22.93,569.12,5.83,10.06,294.39,51.65,399.66,215.87,51.86,17.54,183.14,37.2,44.59,18.14,47.29,24.6,243.82,75.52,112.14,47.2,29.92,31.1,23.75,20.8,11.18,105.11,55.91],[100.32,18.93,380.47,16.31,16,18.66,21.42,27.68,186.35,7.23,9.69,22.89,6.35,50.47,45.49,14.41,12.74,12.38,41.67,22.69,7.17,13.96,73.57,14.23,45.9,17.62,448.13,212.43,39.07,70.32,22.12,174.73,22.26,20.45,11.44,81.66,20.89,54.07,19.86,136.65,99.43,61.82,403.48,20.32,1175.26,0,43.36,110.23,413.69,103.22,84.6,506.43,149.61,645.44,82.24,66.76,22.01,28.69,17.26,58.04,51.29,91.47,127.35,62.07,43,6.61,22.94,152.63,3.57,22.49,6.44,3.72,7.26,12.92,336.27,3.76,6.74,191.55,32.4,228.75,121.83,42.31,10.25,75.77,20.07,38.71,12.88,34.01,18.06,106.51,45.41,94.43,31.08,19.75,18.89,17.54,13.4,8.51,63.19,41.53],[14.72,0.73,72.68,5.55,5.32,2.68,2.57,2.61,17,0.35,30.89,6.69,0.76,2.21,8.91,0.31,3.22,2.89,2.46,2.4,7.68,2,0.38,2.22,5.31,0.33,26.22,4.93,0.28,0.62,2.31,132.26,0.4,2.3,0.52,10.85,5.13,13.51,0.26,59.39,12.19,14.55,130.91,8.96,65.87,43.36,0,9.27,198.57,16.44,12.09,82.16,22.33,108.08,14.03,10.25,3.3,4.49,2.59,10.56,8.13,12.65,20.7,9.56,6.78,0.92,3.64,23.18,0.47,3.2,0.81,0.47,1.18,2.18,60.07,1.57,6.46,53.66,7.11,0.71,2.39,2.8,0.77,1.02,2.43,2.09,1.33,0.85,2.23,1.51,0,22.18,3.05,1.65,0.28,0.53,0.7,1.56,1.55,0.93],[20.9,4.84,77.49,3.66,3.48,3.67,4.42,5.56,37.12,1.42,2.02,4.63,1.58,10.88,9.53,3.69,3.09,2.96,10.6,4.79,1.52,2.62,13.02,3.29,10.51,3.7,112.26,50.06,8.76,17.31,4.75,33.03,5.39,5.3,2.95,16.23,4.37,11.25,4.93,30.18,20.41,13.94,79.54,3.21,149.91,110.23,9.27,0,71.18,25.26,25.13,136.52,43.47,167.95,20.78,18.7,6.37,7.99,5,14.05,14.04,28.04,34.35,17.6,12.01,1.99,6.39,45.41,1.03,6.12,1.87,1.09,1.8,3.05,78.1,0.83,1.61,41.85,7.96,57.96,28.56,9.35,2.6,18.75,4.94,8.47,3.11,8.06,4.12,26.39,11.46,20.41,7.64,4.27,4.87,3.48,3.35,1.76,15.57,9.9],[25.09,28.65,187.88,38.88,31.39,17.41,15.42,20.93,139.23,3.52,24.72,13.75,3.93,11.91,20.33,41.11,13.41,1.48,43.94,5.79,16.67,4.57,26.97,1.77,9.2,2.99,33.69,8.77,2.12,5.08,6.03,65.31,12.53,12.34,3.65,36.9,7.09,13.62,19.31,512.45,46.09,27.29,292.58,66.36,492.74,413.69,198.57,71.18,0,200.52,36.23,243.02,69.77,303.75,35.6,28.08,9.25,11.75,7.41,23.39,20.59,38.84,52.55,25.9,17.99,2.73,9.78,74.99,1.25,7.88,2.23,1.38,2.58,4.66,129.91,2,33.42,67.74,16.51,48.45,14.09,1.65,1.02,0.79,10.08,35.59,2.03,26.68,3.65,97.92,2.78,38.56,7.97,2.32,9.27,36.04,0.3,2.07,14.44,50.02],[43.53,10.21,387.8,10.86,10.35,1.8,45.13,6.79,49.36,8.31,12.18,50.25,2.43,11.95,73.18,12.54,18.96,11.28,121.84,23.23,5.21,19.7,17.65,6.26,22.75,3.36,63.43,3.32,6.92,12.14,1.51,117.82,106.38,38.96,41.75,65.4,12.82,22.75,2.89,79.43,66.77,37.5,229.72,6.97,169.66,103.22,16.44,25.26,200.52,0,45,372.54,95.73,500.5,59.12,38.65,12.04,16.44,9.71,39.84,28.83,44.82,76.1,34.7,25.1,3.19,13.53,100.63,1.39,9.55,2.34,1.45,3.6,7.35,227.86,0,11.82,66.87,11.67,134.04,106.43,15.25,1.53,6.4,6.47,18.57,1.29,93.55,2.79,13.77,4.1,141,7.73,61.05,12.46,19.68,8.31,10.94,64.56,26.35],[47.28,4.8,88.82,19.32,12.86,9.22,12.97,18.42,103.06,9.76,7.34,34.93,7.26,25.17,19.68,6.55,6.9,7.14,17.19,4.42,9.4,6.91,24.3,9.75,27.95,3.49,79.97,58.9,14.2,3.25,6.47,132.63,12.84,7.85,9.82,40.22,30.93,23.4,9.67,33.14,62.24,29.94,242.99,13.29,166.61,84.6,12.09,25.13,36.23,45,0,0,0,0,0,0,0,0,0,0,0,0,0,0,0,0,0,0,0,0,0,0,0,0,0,2.11,4.58,50.17,8.04,17.38,34.94,21.61,4.33,5.17,5.43,17.97,3.11,21.21,10.87,7.74,8.51,20.43,5.06,7.81,4.26,15.28,5.04,3.85,40.94,16.7],[283.36,35.95,564.51,110.01,74.56,55.09,78.55,99.76,576.17,52.19,43.16,190.42,45.49,148.67,120.23,48.86,52.99,51.57,116.11,33.3,55.85,36.44,139.19,52.55,146.97,27.3,499.17,368.4,87.09,26.4,46.55,810.12,90.39,58.55,60.77,255.07,174.16,161.86,52.43,190.24,346.01,174.62,1334.87,71.73,926.61,506.43,82.16,136.52,243.02,372.54,0,0,0,0,0,0,0,0,0,0,0,0,0,0,0,0,0,0,0,0,0,0,0,0,0,16.26,34.58,276.02,49,86.01,186.43,103.49,30.8,35.73,32.79,86.09,15.06,105.36,46.75,39.07,44.25,123.61,35.61,43.97,23.2,77.58,43.16,22.95,282.12,109.29],[68.01,7.51,131.03,27.61,18.49,13.39,18.9,25.97,146.67,13.7,10.69,49.75,10.8,36.65,29.19,10.23,10.96,11.02,26.61,7.22,14.02,9.99,35.28,13.8,40.15,5.66,122.84,91.52,22,5.67,11.13,212.04,19.67,12.78,15.82,72.69,50.32,40.29,15.03,53.49,101.73,49.85,403.45,22.17,288.68,149.61,22.33,43.47,69.77,95.73,0,0,0,0,0,0,0,0,0,0,0,0,0,0,0,0,0,0,0,0,0,0,0,0,0,3.39,7.19,69.52,11.28,22.92,45.85,28.54,6.37,7.78,7.56,21.41,3.69,25.11,12.75,9.43,10.57,27.62,7.23,10.47,5.7,20.13,7.8,5.38,60.77,24.5],[361.54,48.85,728.52,135.97,92.69,69.15,98.92,120.3,702.81,62.45,53.72,229.82,58.11,187.8,153.07,67.03,72.99,70.45,152.34,44.86,69.82,43.29,175.38,65.08,175.88,37.94,636.33,465.82,109.08,36.45,60.92,985.67,123.53,80.75,77.68,323.96,214.85,216.34,67.78,247.16,445.01,226.43,1697.87,90.54,1155.85,645.44,108.08,167.95,303.75,500.5,0,0,0,0,0,0,0,0,0,0,0,0,0,0,0,0,0,0,0,0,0,0,0,0,0,22.9,48.38,363.8,66.88,111.61,248.94,128.95,42.88,48.59,43.65,113.27,19.95,142.29,58.84,52.08,59.06,167.82,49.73,57.78,29.92,97.45,62.35,30.05,380.24,144.54],[56.66,7.51,113.48,21.31,14.5,10.78,15.41,18.89,110.04,9.8,8.32,35.66,8.94,29.12,23.51,10.29,11.17,10.84,23.11,6.64,10.54,6.56,26.9,10.04,26.79,5.74,95.08,68.5,15.94,5.24,8.45,137.43,18.93,12.05,11.16,42.09,29.22,30.01,9.53,34.4,59.96,30.65,225.12,11.74,145.22,82.24,14.03,20.78,35.6,59.12,0,0,0,0,0,0,0,0,0,0,0,0,0,0,0,0,0,0,0,0,0,0,0,0,0,3.39,7.38,56.08,10.28,17.23,38.84,20.41,6.73,7.51,6.89,18.43,3.24,22.99,9.67,8.46,9.61,26.85,7.88,9.28,4.79,15.71,9.75,4.76,59.48,22.61],[43.13,4.94,83.4,17,11.41,8.31,11.73,15.66,88.93,8.2,6.51,29.69,6.67,22.62,17.9,6.71,7.18,7.19,16.36,4.36,8.27,5.74,21.32,8.29,23.31,3.62,72.14,52.39,12.41,3.3,5.9,110.85,12.64,7.83,8.6,33.43,24.72,20.95,7.68,27.02,48.82,24.15,189.03,10.1,126.52,66.76,10.25,18.7,28.08,38.65,0,0,0,0,0,0,0,0,0,0,0,0,0,0,0,0,0,0,0,0,0,0,0,0,0,2.09,4.65,42.79,7.19,13.88,29.27,17.58,4.38,5.08,5,14.6,2.53,17.38,8.43,6.51,7.32,19.03,5.13,7.01,3.75,12.99,5.73,3.54,40.65,16.06],[32.85,3.26,63.51,13.95,9.34,6.74,9.65,13.53,76.47,7.2,5.11,23.6,4.84,16.33,12.44,4.03,4.29,4.25,10.6,2.65,5.52,4.03,13.93,5.48,16.18,1.9,44.9,32.75,7.73,1.79,3.24,66.75,6.73,3.83,4.45,13.17,11.63,9.03,2.83,9.78,16.7,8.22,65.51,3.44,42.68,22.01,3.3,6.37,9.25,12.04,0,0,0,0,0,0,0,0,0,0,0,0,0,0,0,0,0,0,0,0,0,0,0,0,0,0.7,1.98,20.64,3.17,6.6,13.79,10.68,2.33,2.94,3,9.09,1.56,10.53,5.7,4.01,4.53,11.06,3.08,4.63,2.6,9.48,3.3,2.44,27.47,11.34],[106.01,10.79,208.83,45.01,30.29,22.02,32.02,43.61,249.26,23.21,16.01,71.59,15,49.74,37.32,12.78,13.68,13.19,31.71,7.91,15.6,11.07,39.42,15.23,44.5,5.64,124.5,89.37,20.74,5.11,8.28,166.8,19.35,10.45,10.49,21.8,22.94,18.99,4.83,16.27,24.14,12.06,92.59,4.6,54.65,28.69,4.49,7.99,11.75,16.44,0,0,0,0,0,0,0,0,0,0,0,0,0,0,0,0,0,0,0,0,0,0,0,0,0,1.53,5.25,51.21,8.02,15.7,35.25,28.28,7.19,8.93,8.98,28.07,4.84,33.57,17.41,12.56,14.28,34.22,10.48,14.55,8.13,29.46,12.11,7.8,91.48,37.26],[43.82,4.48,85.04,18.26,12.25,8.87,12.75,17.51,99.44,9.28,6.64,30.09,6.33,21.36,16.19,5.52,5.89,5.79,13.88,3.5,6.98,4.99,17.85,6.97,20.19,2.55,56.74,41.11,9.61,2.34,3.98,80.54,8.89,4.93,5.2,12.32,12.27,9.83,2.67,8.96,13.94,6.88,54.39,2.76,33.69,17.26,2.59,5,7.41,9.71,0,0,0,0,0,0,0,0,0,0,0,0,0,0,0,0,0,0,0,0,0,0,0,0,0,0.77,2.52,25.57,3.99,7.99,17.54,13.48,3.24,3.99,4.05,13.01,2.25,15.62,8.02,5.75,6.43,15.45,4.46,6.38,3.54,12.77,4.96,3.33,38.2,15.52],[247.28,33.18,514.26,94.02,64.74,48.93,72,83.45,498.24,43.34,34.93,140.81,36.59,113.76,89.24,40.99,44.75,41.56,86,23.95,35.66,20.89,90.72,32.77,85.88,19.66,306.96,214.75,48.32,16.63,22.07,356.43,62.66,34.61,25.45,48.82,47.87,53.86,11.23,38.88,51.93,27.37,189.21,8.85,100.5,58.04,10.56,14.05,23.39,39.84,0,0,0,0,0,0,0,0,0,0,0,0,0,0,0,0,0,0,0,0,0,0,0,0,0,5.89,19.54,139.24,25.55,39.27,100.11,59.67,24.74,27.73,24.95,67.61,11.95,86.67,34.65,31.87,36.84,101.27,34.4,36.88,19.11,61.76,46.74,19.81,265.27,99.99],[142.52,16.69,282.85,56.36,38.17,28.09,40.59,52.08,300.87,27.32,20.75,89.97,20.81,68.44,52.74,21.11,22.74,21.94,47.74,12.68,22.07,14.52,57.07,21.58,59.36,10.21,185.85,132.06,30.37,8.77,13.22,240.78,34.21,19.23,16.76,37.14,36.38,34.11,8.85,30.02,43.98,22.22,166.76,8.22,96.76,51.29,8.13,14.04,20.59,28.83,0,0,0,0,0,0,0,0,0,0,0,0,0,0,0,0,0,0,0,0,0,0,0,0,0,3.46,10.76,90.93,15.64,27.42,64.67,41.82,13.12,15.03,14.51,43.86,7.68,54.67,24.69,19.97,22.58,57.66,17.68,21.89,11.67,39.96,21.61,11.38,139.09,54.19],[165.24,14.89,313.59,71.84,47.84,34.18,48.85,70.97,397.36,37.9,26.14,124.13,24.21,82.91,62.44,18.28,19.21,19.49,50.7,12.11,27.95,21.38,71.11,28.52,85.64,8.26,223.76,164.2,39.1,7.96,15.39,340.71,30.48,16.94,21.6,58.57,56.99,39.64,12.74,42.8,71.37,34.61,287.21,15.09,185.85,91.47,12.65,28.04,38.84,44.82,0,0,0,0,0,0,0,0,0,0,0,0,0,0,0,0,0,0,0,0,0,0,0,0,0,2.53,8.18,101.09,14.46,33.13,66.62,56.21,10.36,13.67,14.59,46.17,7.86,52.14,30.21,20.04,22.55,52.7,13.9,23.14,13.24,49.61,13.39,12.18,129.56,54.86],[319.39,39.4,642.62,124.26,84.57,62.76,90.98,113.14,659.62,59.13,46.15,195.96,47.08,152.56,118.59,49.78,53.89,51.39,110.16,29.82,49.27,31.33,126.55,47.23,128.27,24.22,419.06,297.08,68,20.77,30.26,531.45,79.74,44.76,37.58,87.54,80.85,78.91,19.97,68.85,103.55,52.75,393.1,19.64,236.04,127.35,20.7,34.35,52.55,76.1,0,0,0,0,0,0,0,0,0,0,0,0,0,0,0,0,0,0,0,0,0,0,0,0,0,8.14,25.21,201.28,35.26,59.29,142.42,90,30.8,34.93,32.92,95.42,16.78,120.3,51.89,43.92,49.93,131.54,41.62,48.93,25.81,86.56,52.77,25.66,323.25,124.32],[190.24,20.86,375.51,77.48,52.29,38.27,55.29,72.87,418.25,38.4,28.36,125.99,27.77,91.72,70.17,25.54,27.38,26.47,61.41,15.71,29.79,20.67,76.34,29.44,83.95,11.73,244.8,175.91,40.86,10.48,16.81,331.25,40.07,21.94,21.6,47.18,48.78,40.51,10.47,35.17,52.11,26.11,202.75,10.09,119.71,62.07,9.56,17.6,25.9,34.7,0,0,0,0,0,0,0,0,0,0,0,0,0,0,0,0,0,0,0,0,0,0,0,0,0,3.28,11.29,109.05,17.17,33.54,74.73,56.66,14.89,18.07,17.86,54.49,9.44,65.42,32.66,24.4,27.61,68.61,20.76,27.75,15.19,53.62,24.74,14.65,174.45,69.56],[112.71,13.13,224.18,44.97,30.45,22.4,32.39,41.78,241.28,21.97,16.58,72.25,16.55,54.25,41.87,16.52,17.81,17.15,37.9,10.08,17.69,11.71,45.2,17.12,47.61,7.98,148.16,105.88,24.42,6.95,10.69,196.74,26.68,14.99,13.44,30.93,29.79,27.28,7.02,23.92,35.76,18,136.68,6.8,81.56,43,6.78,12.01,17.99,25.1,0,0,0,0,0,0,0,0,0,0,0,0,0,0,0,0,0,0,0,0,0,0,0,0,0,2.67,8.3,70.61,12.1,21.3,50.03,32.79,10.17,11.73,11.31,33.96,5.95,42.5,19.07,15.48,17.5,44.76,13.74,17.06,9.11,31.23,16.79,8.9,109,42.59],[29.12,2.55,53.77,12.12,8.03,5.71,8.06,11.71,65.08,6.18,4.32,20.15,3.98,14.34,10.51,3.09,3.22,3.31,8.22,1.88,4.39,3.37,11.92,4.82,13.99,1.31,35,25.3,5.94,1.18,2.13,48.04,4.95,2.53,2.93,5.61,6.73,4.74,1.34,4.24,6.04,2.9,23.51,1.15,13.49,6.61,0.92,1.99,2.73,3.19,0,0,0,0,0,0,0,0,0,0,0,0,0,0,0,0,0,0,0,0,0,0,0,0,0,0.31,1.18,16.26,2.31,5.42,11.67,9.98,1.85,2.35,2.69,11.19,1.94,13.73,7.51,4.75,5.07,10.39,2.67,4.6,2.59,9.78,2.48,2.25,23.57,9.89],[70.38,7.68,138.86,28.73,19.38,14.17,20.48,27.1,155.46,14.3,10.44,46,10.11,33.63,25.55,9.37,10.05,9.71,22.37,5.71,10.69,7.37,27.44,10.54,30,4.29,87.53,62.69,14.51,3.79,5.96,115.78,14.62,8,7.61,17,16.91,14.67,3.67,12.45,18.71,9.44,72.13,3.61,43.43,22.94,3.64,6.39,9.78,13.53,0,0,0,0,0,0,0,0,0,0,0,0,0,0,0,0,0,0,0,0,0,0,0,0,0,1.27,4.16,38.38,6.2,11.57,26.53,19.94,5.5,6.61,6.53,20.3,3.53,24.86,12.1,9.12,10.29,25.36,7.78,10.27,5.62,19.84,9.28,5.4,64.57,25.73],[266.8,25.88,513.97,115.16,77.07,55.54,80.08,113.85,644.03,61.08,42.39,199.3,40.19,134.18,102.85,32.41,34.47,34.52,88.52,22.91,47.37,34.71,116.94,46.55,138.35,15.58,382,284.69,67.73,15.48,29.56,615.06,55.4,31.71,38.36,106.7,100.6,75.37,21.94,73.96,117.42,58.09,464.36,23.65,297.04,152.63,23.18,45.41,74.99,100.63,0,0,0,0,0,0,0,0,0,0,0,0,0,0,0,0,0,0,0,0,0,0,0,0,0,5.53,16.25,181.7,27.93,60.39,125.22,93.06,19.13,24.23,25.19,86.58,15.03,104.96,55.08,37.26,40.61,93.45,24.96,39.17,21.87,79.87,25.55,20.01,220.11,91.31],[24.16,1.85,42.27,9.8,6.42,4.49,6.19,9.39,51.14,4.92,3.44,16.42,3.13,12.1,8.64,2.27,2.29,2.51,6.22,1.31,3.49,2.83,10.21,4.24,12.08,0.91,27.96,20.1,4.74,0.8,1.53,37.12,3.78,1.85,2.26,3.52,5.06,3.33,1.09,3.23,4.16,1.96,15.5,0.71,7.43,3.57,0.47,1.03,1.25,1.39,0,0,0,0,0,0,0,0,0,0,0,0,0,0,0,0,0,0,0,0,0,0,0,0,0,0.22,0.84,14.86,2.03,5.27,11.26,9.57,1.44,1.85,2.36,12.09,2.11,15.06,8.46,5,5.13,9.37,2.12,4.27,2.41,9.35,1.54,1.94,18.7,8.03],[151.91,13.53,271.92,59.53,39.26,27.78,38.49,55.59,306.07,28.93,21.32,98.75,20.26,76.03,55.43,17.31,17.88,18.81,42.74,9.82,22.26,16.91,64.45,26.19,72.35,7.64,183.56,130.81,30.51,6.43,10.66,231.94,29.05,14.86,14.88,22.98,31.45,24.31,6.99,21.37,25.98,12.83,97.14,4.38,45.13,22.49,3.2,6.12,7.88,9.55,0,0,0,0,0,0,0,0,0,0,0,0,0,0,0,0,0,0,0,0,0,0,0,0,0,2.17,7.61,99.51,14.88,33.62,75.07,58.19,11.41,13.65,16.01,74.35,13.05,93.93,49.8,31.31,32.51,64.42,15.89,27.36,15.12,56.53,14.28,12.65,129.9,53.56],[62.61,4.66,106.57,24.43,15.92,11.06,15.01,22.9,123.46,11.87,8.52,40.26,7.76,31.32,22.01,5.71,5.69,6.35,15.18,3.05,8.41,6.92,26.13,10.95,30.42,2.18,68.06,48.45,11.38,1.83,3.4,84.68,9.38,4.34,5.13,6.91,11.01,7.03,2.42,6.87,8.5,3.89,30.86,1.37,13.72,6.44,0.81,1.87,2.23,2.34,0,0,0,0,0,0,0,0,0,0,0,0,0,0,0,0,0,0,0,0,0,0,0,0,0,0.47,1.9,38.25,5.16,13.94,30.31,25.69,3.77,4.76,6.36,36.72,6.46,46.9,26.01,15.09,15.19,26.06,5.74,11.94,6.71,26.06,3.97,5.21,49.32,21.13],[36.42,2.71,62,14.22,9.26,6.44,8.74,13.34,71.92,6.92,4.96,23.41,4.51,18.2,12.78,3.32,3.31,3.69,8.81,1.77,4.87,4,15.13,6.33,17.6,1.27,39.37,28.03,6.58,1.06,1.96,48.75,5.44,2.51,2.94,3.98,6.29,4.02,1.36,3.85,4.77,2.18,17.4,0.78,7.91,3.72,0.47,1.09,1.38,1.45,0,0,0,0,0,0,0,0,0,0,0,0,0,0,0,0,0,0,0,0,0,0,0,0,0,0.26,1.09,21.93,2.96,7.96,17.42,14.8,2.2,2.77,3.69,21.32,3.75,27.32,15.07,8.77,8.83,15.16,3.35,6.94,3.9,15.12,2.34,3.03,28.73,12.3],[52.84,5.87,99.05,19.48,13.04,9.47,13.29,17.39,98.43,8.95,7.17,31.43,7.25,25.89,19.41,7.59,8.06,8.04,16.36,4.07,7.63,5.25,21.68,8.44,22.49,3.51,64.87,45.75,10.49,2.74,4.02,78.56,12.36,6.44,5.26,8.11,10.52,9.54,2.42,7.66,8.85,4.5,31.73,1.37,13.49,7.26,1.18,1.8,2.58,3.6,0,0,0,0,0,0,0,0,0,0,0,0,0,0,0,0,0,0,0,0,0,0,0,0,0,1.14,3.61,36.27,6.24,11.46,28.42,17.97,5.32,5.7,6.1,25.12,4.51,34.44,14.3,11.17,11.81,26.28,7.56,9.83,5.14,17.73,8.6,4.64,53.67,20.68],[73.29,9.44,138.39,24.21,16.38,12.11,16.92,20.03,115.73,10.06,8.89,35.45,9.6,34.71,26.16,12.54,13.46,13.24,23.01,5.91,9.24,5.58,28.37,10.55,25.3,6,84.25,57.13,12.71,4.14,5.01,83.82,20.34,10.35,6.48,10.26,11.53,13.1,3.51,11.15,14.08,7.09,48.22,2.18,22.93,12.92,2.18,3.05,4.66,7.35,0,0,0,0,0,0,0,0,0,0,0,0,0,0,0,0,0,0,0,0,0,0,0,0,0,2.05,6.29,54.52,10.36,16.71,46.02,23.21,9.66,9.38,9.77,42.85,7.89,63.5,22.12,19.56,20.47,45.82,13.9,15.63,7.72,24.92,16.84,7.07,87.58,31.93],[245.58,33.57,494.35,90.29,61.74,46.28,67.16,79.43,469.08,41.1,35.04,147.26,38.39,123.17,99.19,47.07,50.98,49.73,99.87,29.93,44.28,26.06,114.84,42.63,107.6,27.03,401.21,286.48,66.16,23.61,37.46,577.78,90.11,58.38,48.92,172.1,122.76,140.61,47.11,167.11,276.74,142.43,980.95,49.19,569.12,336.27,60.07,78.1,129.91,227.86,0,0,0,0,0,0,0,0,0,0,0,0,0,0,0,0,0,0,0,0,0,0,0,0,0,20.31,39.19,293.27,58.91,93.36,220.85,92.01,33.58,35.04,33.09,105.03,18.84,141.56,52.83,47.94,52.59,137.54,39.81,44.81,22.39,71.74,49.03,21.88,271.45,101.24],[18.62,0.19,56.22,5.94,6.52,1.69,18.88,2.99,19.69,0.89,0.63,1.76,0.44,14.22,14.06,0.46,2.07,1.57,0.47,14.43,1.32,15.98,6.29,0.99,1.91,0,30.24,14.92,6.32,6.24,