{ "data" : [ [ 0, 5514.94, 10042.03, 2576.76, 1010.74, 3015.82, 332.35, 640.05, 545.13, 482.46, 242.62, 680.25, 381.1, 1344.07, 132.2, 407.07, 3666.29, 237.61, 527.63, 974.72, 221.98, 146.18, 589.56, 375.46, 1045.16, 485.45, 358.75, 574.49, 140.77, 247.68, 468.41, 635.94, 1760.44, 170.34, 268.47, 167.72, 870.25, 202.34, 235.97, 545.4, 183.21, 169.08, 137.92, 475.7, 313.2, 281.72, 468.34, 2551.71, 172.96, 405.61, 275.38, 38.48, 99.95, 132.52, 290.86, 149.84, 823.77, 371.85, 2718.01, 519.97, 108.34, 326.82, 314.05, 264.96, 388.64, 417.28, 224.73, 604.26, 400.53, 292.8, 288.91, 90.47, 40.98, 1846.18, 523.21, 319.71, 177.59, 292.01, 388.94, 1628.48, 116.16, 265.85, 187.77, 230.92, 1256.01, 561.4, 135.04, 158.17, 724.48, 1196.67, 456.66, 359.85, 5093.64, 660.85, 642.9, 343.93, 222.3, 414.1, 317.82, 528.66 ], [ 5514.94, 0, 8960.41, 3344.38, 1620.12, 5326.34, 560.12, 990.45, 769.13, 792.19, 344.52, 1209.72, 626.62, 2083.62, 310.55, 1157.17, 9028.21, 515.91, 762.28, 1515.98, 453.43, 290.14, 328.84, 884.77, 1278.97, 799.29, 605.11, 764.73, 360.93, 584.97, 493.44, 525.36, 3707.21, 617.31, 445.76, 295.14, 1109.52, 319.41, 375.34, 952.86, 787.96, 554.49, 261.66, 499.43, 573.28, 789.06, 1162.9, 6532.08, 466.21, 1330.22, 736.04, 67.17, 1226.44, 212.13, 949.96, 217.81, 1550.05, 647.99, 4758.61, 874.86, 185.7, 507.85, 551.47, 468.69, 675.81, 790.63, 356.62, 1159.07, 721.47, 612.81, 563.69, 159.79, 78.3, 3311.82, 940.61, 522.03, 321.11, 471.07, 663.08, 2765.49, 274.3, 224.16, 233.65, 478.83, 2428.14, 876.87, 437.72, 385.39, 1405.51, 379.91, 483.27, 113.3, 1577.84, 1355.93, 1680.67, 791.9, 251.85, 529.83, 570.12, 865.31 ], [ 10042.03, 8960.41, 0, 4146.47, 1662.12, 3699.21, 500.49, 524.41, 628.99, 356.17, 241.93, 438.97, 155.32, 607.32, 111.57, 371.18, 2965.57, 183.87, 196.25, 354.12, 251.71, 202.84, 393.22, 198.25, 359.89, 479.34, 316.45, 675.79, 491.38, 372.45, 196.08, 82.21, 1555.23, 210.53, 199.82, 73.02, 286.43, 103.33, 139.29, 421.69, 376.76, 139, 50.87, 304.19, 309.96, 815.15, 285.64, 1739.12, 130.75, 1340.11, 608.83, 27.38, 309.84, 188.23, 215.01, 99.82, 565.96, 257.34, 1832.74, 358.94, 83.65, 213.4, 240.38, 189.89, 268.27, 307.98, 145.8, 430.71, 250.46, 258.27, 208.65, 69.99, 30.8, 1310.66, 408.53, 209.2, 121.68, 172.5, 240.93, 1049.32, 115.21, 80.19, 104.6, 171.11, 1222.77, 217.87, 124.85, 86.42, 784.3, 20.47, 148.9, 21.06, 114.54, 222.01, 227.52, 325.94, 99.62, 504.62, 245.69, 346.98 ], [ 2576.76, 3344.38, 4146.47, 0, 2716.86, 4033.69, 573.23, 913.49, 722.94, 428.14, 170.93, 135.69, 132.02, 485.78, 108.11, 234.03, 1987.2, 278.07, 114.71, 348.85, 123.25, 157.94, 228.97, 336.37, 748.87, 264.9, 271.69, 315.84, 117.83, 231.23, 211.41, 186.99, 1652.2, 171.65, 207.3, 85.58, 434, 269.37, 67.54, 268.99, 204.99, 253.12, 43.37, 166.99, 1233.37, 234.29, 170.25, 850.3, 61.08, 176.45, 219.87, 17.83, 40.85, 116.82, 133.82, 70.52, 405.06, 176.52, 1337.73, 259.73, 54.88, 142.82, 157.14, 126.69, 198.86, 217.17, 114.92, 312.31, 193.44, 170, 157.46, 45.05, 20.14, 951.09, 235.41, 136.36, 80.48, 128.02, 180.84, 756.78, 103.66, 114.66, 40.78, 176.76, 919.96, 283.2, 72.49, 149.82, 642.88, 68.3, 163, 31.77, 171.69, 396.85, 232.59, 299.96, 133.85, 1421.19, 251.36, 535.14 ], [ 1010.74, 1620.12, 1662.12, 2716.86, 0, 14471.24, 1263.95, 1795.25, 1485.29, 579.02, 219.12, 342.82, 378.06, 713.06, 142.15, 348.15, 2125.91, 148.52, 133.74, 506.15, 162.28, 194.57, 262.2, 390.07, 446.26, 490.95, 555.69, 840.52, 216.1, 568.66, 645.93, 373, 2418.07, 272.45, 253.28, 190.06, 607.42, 516.27, 301.51, 556.71, 409.06, 206.32, 286.89, 329.58, 364.55, 240.3, 245.87, 1509.91, 90.62, 232.19, 211.63, 26.02, 151.06, 197.39, 295.95, 174.27, 1080.29, 464.44, 2813, 572.06, 116.74, 282.24, 461.75, 263.61, 339.29, 442.07, 224.85, 714.36, 375.5, 316.26, 318.16, 122.94, 61.73, 2803.5, 496, 311.69, 169.39, 297.6, 419.04, 1937.05, 216.68, 129.46, 237.07, 319.65, 1370.79, 434.89, 184.97, 225.1, 1341.9, 397.62, 273.91, 598.15, 416, 656.81, 917.04, 962.98, 326.18, 1790.58, 777.75, 1460.57 ], [ 3015.82, 5326.34, 3699.21, 4033.69, 14471.24, 0, 2545.39, 9302.44, 4950.51, 2710.1, 723.83, 1203.15, 2937.19, 2561.41, 957.49, 2076.84, 7558.77, 559.9, 576.24, 1467.36, 843.66, 640.65, 1307.02, 1385.29, 1663.02, 1777.84, 1545.3, 2227.7, 827.72, 1963.34, 1651.04, 1162.58, 10788.71, 1338.03, 896.83, 1023.26, 3214.92, 971.53, 833.51, 2982.45, 1177.93, 876.79, 1817.19, 1244.59, 1782.61, 1998.99, 1008.35, 6718.09, 535.04, 788.49, 675.09, 106.27, 269.59, 634.64, 1081.95, 371.98, 2327.27, 1041.09, 7070.96, 1381.74, 354.24, 757.57, 917.15, 671.23, 1030.77, 1218.05, 619.17, 1722.65, 1074.88, 986.5, 785.71, 236.91, 110.92, 5380.62, 1376.24, 739.42, 436.73, 589.08, 861.56, 4254.02, 840.79, 428.99, 1188.59, 972.31, 4831.29, 1552.16, 368.27, 604.22, 3613.18, 2360.19, 833.96, 1530.94, 996.68, 2539.23, 5666.23, 6113.73, 1596.67, 2464.34, 2994.01, 5450.22 ], [ 332.35, 560.12, 500.49, 573.23, 1263.95, 2545.39, 0, 2943.05, 2931.62, 728.88, 308.72, 289.22, 369.03, 558.07, 134.52, 257.89, 1300.39, 128.41, 134.82, 486.02, 107.37, 127.96, 277.05, 308.53, 472.39, 420.55, 241.78, 702.11, 152.46, 216.36, 286.83, 150.72, 1494.37, 217.85, 162.02, 77.37, 297.5, 168.37, 176.01, 305.37, 297.96, 93.01, 103.49, 181.24, 305.78, 107.25, 166.97, 931.3, 52.81, 228.44, 242.3, 22.38, 53.03, 173.2, 420.07, 101.41, 521.81, 250.59, 1495.32, 305.52, 77.83, 172.78, 247.35, 155.03, 217.41, 263.9, 154.15, 388.17, 254.4, 179.6, 173.55, 58.41, 31.76, 1540.01, 312.06, 203.25, 109.88, 172.58, 232.01, 1072.37, 81.47, 102.61, 79.33, 208.47, 845.54, 371.67, 1584.96, 60.53, 846.98, 106.19, 128.06, 506.75, 166.9, 241.91, 345.03, 440.66, 261.85, 712.88, 403.56, 450.23 ], [ 640.05, 990.45, 524.41, 913.49, 1795.25, 9302.44, 2943.05, 0, 13206.11, 5954.46, 2300.29, 943.1, 1616.71, 2161.42, 573.66, 1223.48, 4162.31, 400.56, 416.25, 1224.71, 361.92, 355.77, 915.79, 582.13, 1068.58, 1229.74, 796.01, 1651.36, 387.44, 665.93, 913.48, 565.51, 2857.59, 291.57, 420.24, 218.32, 696.94, 490.4, 315, 544.95, 772.16, 307.1, 240.43, 250.44, 575.72, 243.57, 392.21, 2285.24, 156.97, 309.21, 346.67, 39.58, 218.11, 321.09, 339.52, 337.47, 1717.21, 702.44, 4079.47, 876.22, 189.92, 525.16, 815.99, 444.6, 685.75, 848.24, 439.72, 1182.05, 792.5, 508.09, 546.94, 187.66, 108.68, 4682.12, 828.11, 542.5, 271.38, 581.73, 650.49, 2837.29, 161.95, 200, 254.5, 495.13, 1462.49, 452.1, 1746.64, 254.65, 1886.56, 50.29, 264.89, 325.83, 335.08, 524.19, 1568.52, 1810.3, 535.51, 1343.41, 1176.94, 726.71 ], [ 545.13, 769.13, 628.99, 722.94, 1485.29, 4950.51, 2931.62, 13206.11, 0, 3195.67, 879.8, 794.29, 668.33, 1442.85, 433.19, 2050.22, 4021.99, 363.25, 191.82, 733.13, 298.78, 381.65, 577.11, 510.27, 745.18, 1012.74, 565.93, 1394.72, 193.56, 761.99, 486.56, 316.38, 2222.17, 313.05, 340.05, 182.94, 497.99, 284.21, 219.05, 440.17, 575.14, 160.46, 123.28, 164.96, 189.17, 172.77, 245.03, 1678.35, 91.92, 240.1, 203.08, 27, 68.85, 232.83, 397.65, 160.65, 819.97, 419.28, 2785.51, 525.04, 134.54, 300.33, 397.92, 264.47, 385.39, 456.68, 258.11, 660.92, 431.59, 315.14, 306.48, 86.78, 48.86, 2355.29, 530.63, 334.78, 178.94, 256.99, 383.39, 1798.21, 184.05, 198.6, 97.62, 390.24, 1277.27, 383.27, 492.58, 90.75, 1138.45, 49.24, 155.11, 216.99, 264.56, 504.67, 1439.93, 944.01, 559.61, 901.6, 1131.57, 719.88 ], [ 482.46, 792.19, 356.17, 428.14, 579.02, 2710.1, 728.88, 5954.46, 3195.67, 0, 677.65, 1279.73, 1030.66, 1509.74, 356.99, 644.32, 2451.47, 594.59, 1040.65, 1058.76, 296.74, 754.39, 308.54, 273.41, 1222.44, 640.34, 489.06, 187.51, 131.72, 301.06, 287.62, 222.66, 1000.22, 213.96, 125.77, 49.82, 408.29, 156.75, 142.52, 167.88, 356.33, 88.06, 204.26, 143.08, 813.6, 118.26, 152.55, 994.84, 55.17, 126.22, 125.66, 24.74, 187.57, 195.48, 238.99, 107.57, 576.07, 278.76, 1764.3, 336.82, 101.77, 176.77, 290.84, 156.55, 270.12, 307.63, 194.07, 474.57, 276.49, 199.62, 180.86, 49.57, 34.64, 1753.87, 354.06, 225.54, 101.18, 175.32, 271.53, 1289.34, 54.69, 70.48, 33.58, 196.86, 950.57, 178.55, 31.13, 146.42, 609.25, 35.58, 176.98, 117.8, 125.03, 251.93, 444.22, 480.44, 287.2, 343.01, 370.92, 479.67 ], [ 242.62, 344.52, 241.93, 170.93, 219.12, 723.83, 308.72, 2300.29, 879.8, 677.65, 0, 5674.33, 2510.24, 1740.55, 448.78, 539.66, 3282.5, 261.76, 171.32, 399.52, 249.46, 147.64, 301.61, 347.45, 741.62, 323.57, 307.17, 865.77, 216.55, 118.99, 344.92, 88.66, 1531.73, 158.56, 133.76, 239.66, 511.56, 197.37, 212.71, 254.18, 240.25, 273.7, 58.09, 152.41, 331.18, 85.1, 157.43, 881.02, 67.55, 152.9, 144.7, 25.97, 41.48, 147.21, 76.23, 73.98, 449.72, 195.8, 1442.92, 272.1, 60.49, 183.1, 192.92, 144.06, 249.98, 259.04, 131.22, 343.01, 273.27, 180.02, 181.17, 50.54, 24.72, 1202.82, 223.48, 131.2, 75.9, 154.3, 164.26, 759.22, 53.29, 76.11, 115.12, 149.94, 605.66, 258.47, 66.17, 198.54, 551.21, 166.82, 116.63, 130.96, 206.03, 249.14, 104.28, 468.54, 252.07, 821.86, 1037.6, 249.5 ], [ 680.25, 1209.72, 438.97, 135.69, 342.82, 1203.15, 289.22, 943.1, 794.29, 1279.73, 5674.33, 0, 20484.5, 6441.69, 2064.94, 2015.41, 9446.89, 492.99, 1133.9, 1465.33, 459.83, 260.99, 1049.04, 453.54, 1400.8, 678.9, 477.86, 642.98, 220.83, 370.94, 344.4, 151.68, 2607.84, 240.16, 354.97, 203.41, 1018.75, 231.91, 124.94, 772.98, 685.37, 261.93, 262.67, 436.99, 536.66, 876.7, 869.76, 4116.87, 284.38, 702.99, 664.87, 38.05, 556.56, 574.89, 873.17, 316.96, 2816.93, 1085.9, 8428.31, 1389.05, 299.49, 875.66, 936.3, 720.83, 1272.5, 1367.35, 630.92, 2146.54, 1321.86, 1068.45, 1039.96, 211.86, 101.87, 5156.27, 1136.06, 557.73, 333.69, 478.9, 710.8, 3814.69, 233.82, 101.25, 78.97, 157.25, 1683.99, 487.98, 228.07, 359.47, 1059.98, 11.55, 106.35, 42.61, 198.7, 197.57, 1740.47, 482.41, 293.89, 555.71, 258.02, 322.36 ], [ 381.1, 626.62, 155.32, 132.02, 378.06, 2937.19, 369.03, 1616.71, 668.33, 1030.66, 2510.24, 20484.5, 0, 9090.21, 2791.97, 2547.9, 15115.67, 1083.97, 566.02, 2029.38, 998.3, 943.67, 1477.2, 845.07, 2221.68, 971.61, 636.4, 1248.52, 417.11, 284.83, 366.75, 209.47, 2274.99, 292.24, 387.77, 514.6, 766.32, 368.58, 198.89, 911.07, 899.33, 209.85, 163.96, 277.8, 254.66, 555.89, 900.68, 5510.9, 334.1, 299.96, 265.28, 55.97, 139.45, 324.81, 380.09, 181.82, 1077.71, 473.93, 3574.56, 652.65, 139.16, 418.75, 471.58, 326.92, 569.98, 604.41, 298.34, 850.97, 626.47, 450.17, 428.59, 106.95, 53.85, 2596.68, 503.59, 285.23, 168.87, 251.33, 330.6, 1691.19, 166.96, 68.06, 101.69, 440.55, 1369.18, 488.75, 136.99, 196.16, 869.46, 111.14, 116.78, 296.12, 160.76, 269.74, 5816.86, 395.43, 402.63, 473.5, 383.44, 599.63 ], [ 1344.07, 2083.62, 607.32, 485.78, 713.06, 2561.41, 558.07, 2161.42, 1442.85, 1509.74, 1740.55, 6441.69, 9090.21, 0, 8903.75, 6046.2, 55902.88, 1739.56, 1785.09, 5135.76, 2602.98, 1222.28, 3427.84, 1957.99, 6831.01, 2651.52, 1311.88, 2605.83, 879.27, 1164.74, 1215.63, 594.45, 6745.18, 1007.42, 955.38, 605.23, 2392.37, 836.63, 430.24, 1644.91, 863.05, 654.16, 454.36, 794.39, 1090.46, 1668.74, 1281.49, 8187.57, 616.02, 953.85, 1160.06, 106.08, 1364.12, 626.09, 1059.82, 525.45, 3040.8, 1257.93, 8185.6, 1571.17, 544.11, 1133.6, 2842.37, 1049.48, 1873.82, 2117.51, 1157.25, 2479.87, 2002.49, 1458.36, 1225.92, 636.56, 791.31, 8757.09, 1851.42, 1612, 681.59, 938.18, 962.1, 5276.14, 374.85, 467.92, 330.13, 613.77, 2633.01, 1389.22, 333.59, 1038.65, 2959.39, 1247.45, 285.42, 569.51, 586.37, 789.81, 2626.66, 1543.98, 944.38, 778.32, 1032.54, 1237.73 ], [ 132.2, 310.55, 111.57, 108.11, 142.15, 957.49, 134.52, 573.66, 433.19, 356.99, 448.78, 2064.94, 2791.97, 8903.75, 0, 2693.6, 5538.99, 472.07, 332.42, 829.28, 700.39, 331.17, 1087.3, 357.09, 577.28, 580.23, 458.27, 443.37, 130.63, 199.77, 221.74, 217.54, 1561.33, 236.69, 186.8, 145.72, 420.38, 173.37, 147.92, 502.91, 324.18, 109.61, 77.78, 146.4, 259.53, 96.08, 178.22, 1315.52, 50.76, 74.55, 117.56, 37.4, 78.98, 137.14, 115.63, 56.27, 279.8, 125.53, 805.07, 176.34, 39.28, 100.41, 146.26, 87.69, 137.72, 169.71, 85.86, 221.23, 163.27, 106.59, 112.65, 33.5, 21.95, 938.97, 156.29, 101.71, 48.45, 88.19, 92.29, 501.7, 56.02, 57.76, 52.52, 87.83, 655.54, 173.18, 36.52, 133.38, 390.41, 10.37, 38.13, 50.96, 111.42, 92.05, 297.48, 316.81, 161.54, 235.15, 176.31, 186.09 ], [ 407.07, 1157.17, 371.18, 234.03, 348.15, 2076.84, 257.89, 1223.48, 2050.22, 644.32, 539.66, 2015.41, 2547.9, 6046.2, 2693.6, 0, 7809.52, 811.07, 554.06, 1442.72, 2390.62, 1995.08, 6783.3, 1661.19, 1332.09, 1789.52, 1127.36, 1358.21, 404.56, 426.01, 617.26, 555.54, 4058.77, 809.54, 513.25, 483.84, 887.68, 484.81, 290.68, 913.1, 524.07, 233.76, 418.38, 656.56, 1680.73, 278.7, 585.06, 3553.31, 229, 376.07, 598.93, 58.96, 377.89, 686.71, 570.29, 213.1, 1010.01, 486.27, 2858.32, 572.31, 157.8, 365.64, 808.54, 413.16, 516.3, 708.53, 410.02, 795.43, 633.65, 412.73, 463.85, 210.89, 214.18, 3564.9, 689.01, 532.2, 236.17, 323.49, 332.24, 1961.96, 194.37, 192.44, 122.64, 365.82, 1465.73, 571.06, 156.07, 900.28, 2752.6, 63.29, 150.03, 200.2, 475.72, 247.95, 604.97, 971.65, 380.33, 478.75, 459.77, 537.9 ], [ 3666.29, 9028.21, 2965.57, 1987.2, 2125.91, 7558.77, 1300.39, 4162.31, 4021.99, 2451.47, 3282.5, 9446.89, 15115.67, 55902.88, 5538.99, 7809.52, 0, 10235.03, 7351.07, 14242.07, 8961.66, 4925.46, 4339.9, 5152.7, 6746.42, 4804.76, 4298.97, 4430.7, 1628.63, 3453.99, 2202.84, 1734.58, 19593.6, 2296.93, 2177.83, 1569.8, 4665.8, 2052.07, 1329.57, 7970.27, 2951.93, 1373.12, 1684.68, 2913.34, 3505.73, 3099.19, 4494.06, 24379.34, 1594.43, 2977.66, 3484.16, 347.15, 1229.94, 1834.69, 3488.86, 1329.24, 7433.58, 3143.71, 23925.02, 4256.35, 1037.13, 3539.9, 5455.74, 2339.35, 4586.5, 6074.7, 2527.62, 6025.97, 6442.56, 3391.09, 3293.18, 957.28, 813.81, 19465.51, 3578.56, 2539.72, 1238.01, 2338.75, 2270.45, 11217.53, 1140.46, 1062.11, 1188.49, 1498.7, 10358.98, 3746.65, 915.02, 1415.15, 8791.32, 1326.6, 1380.19, 3701.67, 1248.89, 1427.52, 3680.05, 2688.54, 2781.12, 2921.76, 1792.51, 1775.73 ], [ 237.61, 515.91, 183.87, 278.07, 148.52, 559.9, 128.41, 400.56, 363.25, 594.59, 261.76, 492.99, 1083.97, 1739.56, 472.07, 811.07, 10235.03, 0, 2586.78, 6123.49, 796.06, 322.3, 712.81, 444.21, 212.74, 420.28, 512.26, 274.98, 174.04, 258.12, 199.39, 130.41, 998.75, 260.82, 155.86, 501.94, 365.47, 80.95, 73.23, 119.76, 136.45, 253.28, 83.73, 178.26, 627.47, 334.11, 283.08, 1487.8, 93.02, 149.21, 161.45, 23.28, 157.11, 231.38, 551.09, 199.63, 849.02, 396.53, 2426.08, 510.34, 240.87, 361.91, 868.86, 301.08, 560.66, 886.2, 291.28, 941.48, 614.08, 936.13, 394.82, 138.49, 40.17, 2471.31, 804.43, 238.9, 124.5, 182.86, 217.08, 1067.7, 56.24, 41.79, 58.89, 213.04, 656.67, 183.74, 130.6, 80.38, 452.64, 3.39, 48.67, 79.61, 39.49, 78.04, 1478.78, 212.17, 128.27, 101.48, 194.33, 137.3 ], [ 527.63, 762.28, 196.25, 114.71, 133.74, 576.24, 134.82, 416.25, 191.82, 1040.65, 171.32, 1133.9, 566.02, 1785.09, 332.42, 554.06, 7351.07, 2586.78, 0, 13673.75, 460.81, 703.57, 405.25, 489.86, 559.83, 377.49, 197.32, 512.91, 156.62, 291.25, 153.87, 136.27, 1632.74, 202.99, 193.3, 107.88, 534.32, 149.31, 65.31, 319.66, 171.97, 141.4, 110.12, 252.19, 653.77, 375.35, 269.56, 1418.08, 106.63, 261.95, 268.43, 23.08, 304.59, 179.91, 399.55, 227.87, 913.22, 440.37, 2770.68, 438.58, 124.96, 584.86, 959.7, 255.78, 438.34, 1176.96, 294.3, 733.22, 1394.18, 414.21, 438.26, 72.78, 38.07, 2495.51, 364.9, 235.54, 122.65, 423.52, 257.01, 1219.99, 301.35, 75.03, 80.58, 116.4, 1094.63, 281.1, 116.41, 84.99, 822.28, 20.35, 80.37, 70.39, 139.97, 83.06, 313.48, 325.16, 206.79, 209.99, 260.72, 118.2 ], [ 974.72, 1515.98, 354.12, 348.85, 506.15, 1467.36, 486.02, 1224.71, 733.13, 1058.76, 399.52, 1465.33, 2029.38, 5135.76, 829.28, 1442.72, 14242.07, 6123.49, 13673.75, 0, 1881.36, 2034.01, 1242.09, 881.29, 1573.48, 1065.94, 883.88, 1995.36, 496.82, 969.04, 487.34, 375.62, 4237.44, 710.16, 778.53, 482.24, 1565.29, 456.86, 285.6, 901.96, 574.17, 534.44, 285.92, 736.39, 2683.17, 1287.91, 932.37, 5005.07, 417.62, 1383.08, 1076.51, 94.17, 2141.61, 1133.47, 1011.83, 502.3, 2607.59, 1200.79, 8432, 1567.17, 453.24, 1003.14, 1607.68, 834.94, 1726.91, 1926.49, 1182.13, 2478.26, 1869.98, 1306.3, 1088.6, 247.03, 116.15, 7113.93, 1524.77, 836.14, 388.24, 644.28, 797.82, 4556.22, 607.59, 330.32, 258.63, 264.09, 2196.92, 852.75, 462.02, 234.64, 1456.49, 80.43, 250.2, 332.81, 346.88, 336.41, 1740.36, 762.53, 801.05, 1020.73, 344.38, 456.7 ], [ 221.98, 453.43, 251.71, 123.25, 162.28, 843.66, 107.37, 361.92, 298.78, 296.74, 249.46, 459.83, 998.3, 2602.98, 700.39, 2390.62, 8961.66, 796.06, 460.81, 1881.36, 0, 6920.16, 773.67, 1089.09, 1182.2, 977.38, 456, 891.12, 264.91, 552.98, 330.69, 304.36, 1787.62, 400.28, 367.51, 314.24, 621.53, 232.55, 108.53, 328.13, 231.65, 118.09, 101.57, 293.25, 284.18, 311.16, 249.87, 1321.41, 102.81, 218.15, 330.77, 37.91, 181.63, 314.68, 277.3, 147.97, 729.24, 341.44, 2073.82, 390.83, 108.1, 253.1, 387.42, 228.52, 371.89, 452.84, 221.53, 590.58, 394.31, 296.06, 280.97, 81.54, 44.47, 2295.47, 405.27, 237.79, 120.67, 182.97, 207.88, 1206.89, 182.15, 93.85, 224.48, 132.69, 1118.6, 245.91, 142.73, 103.74, 920.9, 24.4, 160.16, 549.34, 145.43, 144.13, 499.01, 272.15, 215.26, 287.78, 407.99, 150.74 ], [ 146.18, 290.14, 202.84, 157.94, 194.57, 640.65, 127.96, 355.77, 381.65, 754.39, 147.64, 260.99, 943.67, 1222.28, 331.17, 1995.08, 4925.46, 322.3, 703.57, 2034.01, 6920.16, 0, 790.89, 1239.47, 708.45, 1118.99, 368.15, 1520.17, 303.51, 286.53, 391.24, 215.13, 1742.16, 1009.38, 248.45, 160.56, 416.39, 292.9, 228.71, 307.31, 415.89, 127.18, 200.83, 209.46, 244.81, 403.14, 254.25, 1138.18, 88.61, 169.88, 298.19, 43.24, 48.28, 118.41, 372.36, 113.25, 574.15, 265.88, 1689.6, 303.22, 84.9, 212.2, 300.2, 169.7, 305.02, 370.2, 182.26, 458.31, 375.26, 224.2, 209.06, 52.47, 30.45, 1688.71, 295.94, 170.66, 88.19, 143.99, 147.98, 952.97, 117.74, 136.89, 134.14, 190.32, 948.1, 411.6, 142.26, 156.67, 1143.83, 38.23, 336.98, 316.27, 121.81, 105.67, 1091.36, 253.93, 1225.32, 210.47, 198.03, 166.61 ], [ 589.56, 328.84, 393.22, 228.97, 262.2, 1307.02, 277.05, 915.79, 577.11, 308.54, 301.61, 1049.04, 1477.2, 3427.84, 1087.3, 6783.3, 4339.9, 712.81, 405.25, 1242.09, 773.67, 790.89, 0, 4917.52, 2508.1, 3679.34, 2730.52, 1979.84, 507.62, 953.9, 985.8, 717.92, 5979.65, 556.51, 365.61, 314.63, 1189.92, 434.01, 198.34, 952.64, 486.11, 257.74, 537.39, 250, 330.08, 458.85, 342.31, 1639.29, 142.16, 625.9, 433.93, 42.06, 69.43, 308.03, 312.74, 258.53, 1161.48, 558, 3834.71, 674.33, 180.57, 422.53, 492.92, 401.96, 613.41, 681.98, 392.29, 953.65, 682.47, 459.06, 462.52, 118.34, 60.59, 3585.56, 654.29, 364.08, 198.64, 291.63, 361.53, 2283, 360.74, 243.08, 141.25, 788.38, 1213.41, 735.4, 227.36, 77.5, 1962.41, 130.51, 325.36, 356.29, 566.21, 323.99, 1673.95, 431.12, 661.84, 1197.83, 598.02, 308.97 ], [ 375.46, 884.77, 198.25, 336.37, 390.07, 1385.29, 308.53, 582.13, 510.27, 273.41, 347.45, 453.54, 845.07, 1957.99, 357.09, 1661.19, 5152.7, 444.21, 489.86, 881.29, 1089.09, 1239.47, 4917.52, 0, 3602.46, 7587.09, 2506.56, 4872.65, 823.02, 1898.4, 1003.63, 766.07, 6231.24, 984.85, 597.45, 476.27, 874.64, 416.56, 362.82, 716.64, 624.89, 223.34, 192.2, 378.61, 610.9, 611, 422.99, 1983.05, 168.04, 331.26, 353.15, 42.57, 92.54, 195.78, 667.34, 302.39, 1700.97, 737.16, 4065.53, 716.83, 245.94, 491.71, 729.44, 419.95, 707.01, 835.47, 431.89, 1254.24, 793.81, 580.53, 467.58, 138.99, 81.9, 4712.64, 811.78, 446.47, 233.1, 322.8, 364.67, 2734.99, 305.67, 222.59, 161.84, 325.01, 1185.25, 509.3, 304.16, 101.59, 1583.53, 98.97, 204.71, 462.35, 232.39, 343.21, 387.44, 663.25, 995.81, 1087.87, 413.35, 226.66 ], [ 1045.16, 1278.97, 359.89, 748.87, 446.26, 1663.02, 472.39, 1068.58, 745.18, 1222.44, 741.62, 1400.8, 2221.68, 6831.01, 577.28, 1332.09, 6746.42, 212.74, 559.83, 1573.48, 1182.2, 708.45, 2508.1, 3602.46, 0, 14461.76, 6113.06, 3784.86, 875.43, 2392.74, 1506.63, 1165.89, 5132.74, 720.7, 486.26, 282.99, 1236.4, 562.87, 320.34, 1486.91, 1203.17, 220.74, 435.97, 478.63, 1001.47, 1042.69, 1014.3, 4851.85, 506.06, 422.26, 556.63, 95.78, 107.21, 511.59, 1336.8, 205.7, 1546.52, 586.3, 3253.51, 588, 127.1, 325.28, 561.87, 298.2, 460.85, 523.07, 229.6, 1002.78, 450.53, 337.76, 338.63, 125.23, 91.16, 4117.02, 446.21, 301.1, 139.1, 270.14, 305.93, 2388.13, 336.83, 320.73, 107.67, 359.78, 2247.71, 546.57, 317.34, 208.32, 1653.28, 95.74, 152.37, 458.94, 141.27, 467.87, 745.69, 771.06, 1459.39, 1564.34, 965.8, 313.12 ], [ 485.45, 799.29, 479.34, 264.9, 490.95, 1777.84, 420.55, 1229.74, 1012.74, 640.34, 323.57, 678.9, 971.61, 2651.52, 580.23, 1789.52, 4804.76, 420.28, 377.49, 1065.94, 977.38, 1118.99, 3679.34, 7587.09, 14461.76, 0, 8421.46, 6882.96, 1690.59, 2459.04, 3120.92, 2518.83, 8072.3, 885.67, 786.27, 306.66, 1012.15, 633.39, 357.62, 1646.41, 1028.84, 424.58, 571.88, 796.23, 636.02, 450.46, 785.03, 3640.54, 350.47, 247.83, 370.41, 66.3, 188.7, 363.68, 670.74, 368.5, 2121.94, 950.44, 5048.15, 956.48, 252.97, 535.25, 1034.74, 514.31, 702.33, 862.18, 457.84, 1422.69, 841.22, 559.55, 548.96, 255.21, 201.6, 6371.44, 919.93, 652.68, 320.99, 448.76, 495.22, 3688.5, 342.61, 432.28, 199.41, 360.42, 2539.86, 1032.53, 256.79, 410.51, 4815.41, 97.12, 504.24, 507.32, 451.03, 542.37, 820.42, 1033.54, 1484.23, 1890.34, 829.59, 647.23 ], [ 358.75, 605.11, 316.45, 271.69, 555.69, 1545.3, 241.78, 796.01, 565.93, 489.06, 307.17, 477.86, 636.4, 1311.88, 458.27, 1127.36, 4298.97, 512.26, 197.32, 883.88, 456, 368.15, 2730.52, 2506.56, 6113.06, 8421.46, 0, 3194.94, 603.31, 4646.39, 4625.05, 800.3, 5531.84, 560.57, 585.77, 368.58, 1394.76, 1269.15, 367.06, 1170.71, 1554.02, 410.83, 247.1, 365.55, 895.8, 299.91, 411.17, 2321.95, 144.24, 266.86, 325.6, 80.83, 179.89, 369.39, 353.51, 323.12, 1630.01, 703.43, 4133.86, 821.36, 309.72, 503.57, 891.62, 402.26, 757.55, 977.42, 421.61, 1268.72, 801.51, 867, 495.96, 167.54, 80.24, 4319.13, 1000.35, 417.79, 230.19, 317.1, 393.73, 2505.23, 1129.8, 172.07, 163.53, 411.02, 1642.68, 1064.16, 106.58, 1399.02, 1934.2, 22.62, 433.35, 642.09, 497.58, 508.77, 630.38, 1957.15, 6532.22, 4101.6, 914.53, 411.06 ], [ 574.49, 764.73, 675.79, 315.84, 840.52, 2227.7, 702.11, 1651.36, 1394.72, 187.51, 865.77, 642.98, 1248.52, 2605.83, 443.37, 1358.21, 4430.7, 274.98, 512.91, 1995.36, 891.12, 1520.17, 1979.84, 4872.65, 3784.86, 6882.96, 3194.94, 0, 6682.74, 2396.26, 3172.27, 1661.59, 14345.28, 1488.61, 1608.13, 1053.91, 2338.76, 769.71, 808.11, 3236.41, 4125.74, 665.74, 359.36, 1109.06, 1322.89, 569.49, 1050.29, 4259.02, 332.31, 341.02, 499.05, 91.94, 187.9, 1562.76, 1355.99, 640.73, 5546.37, 1837.84, 7894.57, 1277.43, 300.71, 746.33, 2186.38, 774.13, 1102.28, 1455.71, 525.87, 3392.07, 1182.68, 774.24, 849.13, 359.21, 478.33, 15941.03, 1099.63, 976.51, 392.63, 655.27, 767.94, 8346.73, 650.84, 183.03, 507.74, 687.43, 3907.74, 1993.95, 205.62, 526.27, 2991.63, 48.28, 515.73, 317.8, 376.52, 606.69, 2930.3, 1461.19, 2889.59, 1566.42, 1208.05, 655.82 ], [ 140.77, 360.93, 491.38, 117.83, 216.1, 827.72, 152.46, 387.44, 193.56, 131.72, 216.55, 220.83, 417.11, 879.27, 130.63, 404.56, 1628.63, 174.04, 156.62, 496.82, 264.91, 303.51, 507.62, 823.02, 875.43, 1690.59, 603.31, 6682.74, 0, 890.82, 1046.75, 588.29, 5472.19, 890.3, 1185.8, 410.98, 713.9, 373.6, 218.53, 420.82, 335.53, 140.51, 232, 257.55, 218.07, 204.46, 198.83, 883.82, 63.83, 219.98, 297.13, 32.9, 132.06, 230.18, 374.8, 214.09, 1211.2, 534.72, 2953.29, 536.41, 168.45, 315.38, 442.91, 289.81, 473.97, 518.07, 323.04, 726.17, 575.21, 319.44, 305.81, 127.23, 75.44, 3734.36, 471.74, 294.58, 149.1, 242.89, 261.03, 2097.4, 249.03, 129.28, 138.8, 199.33, 974.87, 320.44, 94.64, 380.76, 899.33, 14.6, 158.59, 201.08, 135.03, 189.5, 372.11, 566.97, 629.93, 348.2, 331.88, 196.64 ], [ 247.68, 584.97, 372.45, 231.23, 568.66, 1963.34, 216.36, 665.93, 761.99, 301.06, 118.99, 370.94, 284.83, 1164.74, 199.77, 426.01, 3453.99, 258.12, 291.25, 969.04, 552.98, 286.53, 953.9, 1898.4, 2392.74, 2459.04, 4646.39, 2396.26, 890.82, 0, 8407.64, 2323.63, 9243.11, 801.71, 682.79, 467.96, 1887.39, 722.6, 699.69, 3252.35, 1043.04, 795.14, 1081.78, 750.74, 341.49, 506.94, 421.92, 2394.46, 149.43, 960.52, 630.08, 74.74, 97.56, 261.83, 265.34, 251.85, 1402.58, 534.44, 3226.1, 614.5, 246.71, 373.33, 690.28, 280.14, 815.51, 834.84, 378.65, 1044.1, 724.77, 661.57, 395.68, 114.15, 51.99, 2946.9, 750.94, 303.09, 164.3, 274.14, 288.54, 1680.94, 500.96, 179.06, 230.95, 356.97, 1578.17, 743.72, 1182.02, 266.11, 1751.24, 363.56, 151.6, 154.38, 166.33, 315.04, 1233.83, 717.05, 2824.38, 1172.88, 915.1, 335.33 ], [ 468.41, 493.44, 196.08, 211.41, 645.93, 1651.04, 286.83, 913.48, 486.56, 287.62, 344.92, 344.4, 366.75, 1215.63, 221.74, 617.26, 2202.84, 199.39, 153.87, 487.34, 330.69, 391.24, 985.8, 1003.63, 1506.63, 3120.92, 4625.05, 3172.27, 1046.75, 8407.64, 0, 1806.46, 7666.55, 690.18, 555.87, 368.85, 879.27, 549.65, 665.11, 1673.54, 723.26, 457.21, 803.86, 492.14, 1031.76, 382.77, 396.23, 1649.34, 121.5, 421.69, 394.3, 43.01, 99.64, 261.4, 379.83, 241.6, 1553.31, 620.02, 3206.45, 623.53, 142.6, 270.12, 589.98, 248.3, 431.25, 492.87, 287.86, 925.36, 483.94, 307.64, 322.15, 150.42, 101.54, 4187.1, 493.89, 347.06, 171.83, 308.68, 337.42, 2446.05, 272.84, 219.62, 354.07, 406.53, 1366.9, 1189.03, 159.57, 315.43, 1510.49, 129.82, 262.97, 193.13, 204.04, 390.13, 578.89, 1042.63, 2713.14, 1900.74, 921.16, 480.03 ], [ 635.94, 525.36, 82.21, 186.99, 373, 1162.58, 150.72, 565.51, 316.38, 222.66, 88.66, 151.68, 209.47, 594.45, 217.54, 555.54, 1734.58, 130.41, 136.27, 375.62, 304.36, 215.13, 717.92, 766.07, 1165.89, 2518.83, 800.3, 1661.59, 588.29, 2323.63, 1806.46, 0, 14207, 994.89, 1100.63, 744.31, 990.25, 1883.86, 1784.05, 7999.71, 1154.96, 658.61, 302.09, 346.6, 285.8, 450.83, 340.42, 1913.45, 129.48, 214.43, 185.23, 70.66, 608.4, 232, 198.94, 214.7, 1604.69, 753.59, 3890.45, 786.79, 160.76, 326.35, 1041.97, 419.24, 415.29, 564.11, 302.1, 717.06, 495.29, 342.98, 377.83, 392.64, 359.4, 3774.65, 584.38, 661.38, 260.08, 364.64, 358.79, 2654.66, 280.64, 120.6, 198.37, 402.42, 1602.48, 853.48, 39.54, 578.71, 2100.63, 192.56, 790.89, 286.14, 2278.17, 1017.18, 1203.61, 704.57, 2276.96, 1290.68, 988.49, 504.98 ], [ 1760.44, 3707.21, 1555.23, 1652.2, 2418.07, 10788.71, 1494.37, 2857.59, 2222.17, 1000.22, 1531.73, 2607.84, 2274.99, 6745.18, 1561.33, 4058.77, 19593.6, 998.75, 1632.74, 4237.44, 1787.62, 1742.16, 5979.65, 6231.24, 5132.74, 8072.3, 5531.84, 14345.28, 5472.19, 9243.11, 7666.55, 14207, 0, 22984.36, 12018.26, 4897.74, 12187.56, 5324.82, 2689.73, 14734, 5066.31, 2095.93, 981.04, 2472.2, 4611.3, 4502.95, 2657.89, 14580.34, 1101.97, 2626.23, 3392.73, 387.9, 1019.35, 2523.92, 2871.69, 1054.12, 6053.56, 2636.84, 16763.14, 3048.77, 857.27, 1668.83, 4126.02, 1622.35, 2572.58, 3056.18, 1533.86, 3799.02, 2835.34, 1823.58, 1714.6, 937.69, 1208.39, 16873.72, 2597.95, 2460.48, 1013.22, 1322.83, 1384.06, 11162.79, 2029.72, 1217.62, 775.83, 1742.49, 8799.03, 5218.33, 3381.34, 1967.87, 11851.19, 1416.4, 1664.15, 1701.28, 1871.49, 2054.32, 5811.29, 2794.47, 3835.37, 3629.85, 2006.59, 1752.08 ], [ 170.34, 617.31, 210.53, 171.65, 272.45, 1338.03, 217.85, 291.57, 313.05, 213.96, 158.56, 240.16, 292.24, 1007.42, 236.69, 809.54, 2296.93, 260.82, 202.99, 710.16, 400.28, 1009.38, 556.51, 984.85, 720.7, 885.67, 560.57, 1488.61, 890.3, 801.71, 690.18, 994.89, 22984.36, 0, 5400.85, 1130.14, 3380.54, 794.54, 354.84, 731.55, 1413.66, 258.11, 253.17, 420.55, 955.84, 349.7, 343.59, 2202.79, 118.46, 525.14, 548.06, 63.06, 562.94, 449.68, 351.75, 290.78, 1598.18, 729.19, 4230, 729.62, 252.68, 350.95, 561.34, 360.31, 651.88, 709.31, 479.95, 1092.43, 645.82, 464.89, 397.83, 97.34, 62.08, 3778.62, 709.29, 398.87, 195.82, 259.36, 336.8, 2607.91, 227.11, 225.36, 146.96, 178.43, 1502.54, 490.56, 222.81, 205.44, 995.56, 52.61, 123.5, 148.34, 121.29, 330.85, 430.72, 249.48, 401.54, 318.31, 242.08, 141.81 ], [ 268.47, 445.76, 199.82, 207.3, 253.28, 896.83, 162.02, 420.24, 340.05, 125.77, 133.76, 354.97, 387.77, 955.38, 186.8, 513.25, 2177.83, 155.86, 193.3, 778.53, 367.51, 248.45, 365.61, 597.45, 486.26, 786.27, 585.77, 1608.13, 1185.8, 682.79, 555.87, 1100.63, 12018.26, 5400.85, 0, 4074.06, 5017.53, 1379.68, 365.85, 686.37, 510.3, 303.65, 217.69, 602.63, 501.05, 398.16, 348.53, 1649.81, 136.86, 560.43, 416.86, 72.98, 204.26, 376.62, 365.62, 197.29, 1190.41, 551.82, 3213.49, 600.74, 142.44, 283.4, 446.91, 263.83, 358.18, 524.86, 236.22, 631.97, 453.33, 285.1, 299.77, 114.22, 68.48, 3178.06, 413.34, 278.15, 133.94, 234.09, 232.07, 1857.84, 202.69, 202.82, 327.44, 255.13, 1294.27, 483.93, 110.6, 143.39, 1336.99, 64.44, 129.64, 201.27, 234.78, 310.48, 591.66, 459.04, 302.63, 343.38, 452.19, 244.6 ], [ 167.72, 295.14, 73.02, 85.58, 190.06, 1023.26, 77.37, 218.32, 182.94, 49.82, 239.66, 203.41, 514.6, 605.23, 145.72, 483.84, 1569.8, 501.94, 107.88, 482.24, 314.24, 160.56, 314.63, 476.27, 282.99, 306.66, 368.58, 1053.91, 410.98, 467.96, 368.85, 744.31, 4897.74, 1130.14, 4074.06, 0, 20315.34, 5539.92, 302.76, 593.39, 747.68, 457.81, 217.11, 375.73, 604.19, 286.69, 241.14, 1419.15, 76.93, 496.31, 371.61, 94.88, 128.29, 358.98, 1325.72, 203.37, 1669.65, 744.45, 3803.28, 771.94, 142.87, 245.75, 441.31, 203.98, 306.12, 428.42, 234.3, 582.95, 398.5, 254.27, 283.01, 182.49, 88.2, 3070.45, 348.46, 262.48, 128.21, 259.05, 271.82, 2088.57, 192.5, 159.46, 284.97, 216.87, 1048.42, 378.49, 99.74, 140.21, 1000.74, 23.26, 180.68, 284.19, 290.56, 150.55, 190.18, 662.62, 235.09, 146.46, 270.64, 127.84 ], [ 870.25, 1109.52, 286.43, 434, 607.42, 3214.92, 297.5, 696.94, 497.99, 408.29, 511.56, 1018.75, 766.32, 2392.37, 420.38, 887.68, 4665.8, 365.47, 534.32, 1565.29, 621.53, 416.39, 1189.92, 874.64, 1236.4, 1012.15, 1394.76, 2338.76, 713.9, 1887.39, 879.27, 990.25, 12187.56, 3380.54, 5017.53, 20315.34, 0, 3937.31, 805.79, 1454.28, 1817.62, 846.81, 483.47, 1050.49, 1836.07, 1578.24, 1000.78, 5231.06, 429.77, 829.64, 963.24, 182.27, 647.91, 884.98, 958.26, 429.85, 2783.63, 1154.12, 7454.5, 1243.88, 367.55, 537.19, 1653.36, 453.58, 930.16, 1181.96, 693.35, 1519.23, 1098.62, 658.7, 565.12, 308.56, 478.56, 6051.34, 921.93, 860.5, 338.23, 409.97, 440.01, 4537.25, 535.69, 462.09, 336.29, 441.69, 3131.46, 1131.74, 328.98, 398.93, 2244.54, 249.95, 695.43, 230.42, 863.57, 515.9, 901.54, 610.69, 763.43, 939.48, 510.11, 383.52 ], [ 202.34, 319.41, 103.33, 269.37, 516.27, 971.53, 168.37, 490.4, 284.21, 156.75, 197.37, 231.91, 368.58, 836.63, 173.37, 484.81, 2052.07, 80.95, 149.31, 456.86, 232.55, 292.9, 434.01, 416.56, 562.87, 633.39, 1269.15, 769.71, 373.6, 722.6, 549.65, 1883.86, 5324.82, 794.54, 1379.68, 5539.92, 3937.31, 0, 1529.48, 1175.45, 2322.92, 1053.09, 700.94, 1436.71, 708.66, 155.56, 438.93, 2271.49, 136.69, 293.23, 367.7, 87.86, 222.93, 388.13, 552.6, 317.22, 2308.32, 1040.07, 4781.38, 1059.55, 216.59, 353.89, 683.97, 329.65, 455.89, 580.79, 338.13, 857.48, 546.8, 375.23, 406.95, 320.19, 150.62, 4349.52, 597.49, 463.03, 221.58, 427.41, 414.44, 2931.9, 487.86, 320.18, 468.79, 362.17, 2086.85, 1091.19, 96.81, 197.79, 1331.94, 165.03, 442.84, 417.04, 2045.87, 302.45, 541.33, 311.95, 237.02, 361.46, 444.04, 259.34 ], [ 235.97, 375.34, 139.29, 67.54, 301.51, 833.51, 176.01, 315, 219.05, 142.52, 212.71, 124.94, 198.89, 430.24, 147.92, 290.68, 1329.57, 73.23, 65.31, 285.6, 108.53, 228.71, 198.34, 362.82, 320.34, 357.62, 367.06, 808.11, 218.53, 699.69, 665.11, 1784.05, 2689.73, 354.84, 365.85, 302.76, 805.79, 1529.48, 0, 7644.98, 4647.53, 1283.8, 1963.3, 238.57, 269.79, 223.36, 313.1, 1569.81, 105.28, 170.04, 172.61, 54.91, 70.74, 244.19, 181, 185.7, 1166.08, 563.03, 3063.24, 617.9, 131.7, 271.04, 387.55, 255.68, 326.93, 406.45, 245.73, 536.8, 408.02, 271.98, 255.16, 149.98, 65.7, 2623.07, 403.79, 279.78, 146.21, 246.92, 252.63, 1792.49, 287.65, 601.78, 491.53, 1469.52, 1388.35, 625.63, 152.84, 244.52, 1014.93, 70.21, 617.85, 176.94, 1307.43, 550.74, 1384.39, 739.65, 403.15, 688.1, 746.28, 312.14 ], [ 545.4, 952.86, 421.69, 268.99, 556.71, 2982.45, 305.37, 544.95, 440.17, 167.88, 254.18, 772.98, 911.07, 1644.91, 502.91, 913.1, 7970.27, 119.76, 319.66, 901.96, 328.13, 307.31, 952.64, 716.64, 1486.91, 1646.41, 1170.71, 3236.41, 420.82, 3252.35, 1673.54, 7999.71, 14734, 731.55, 686.37, 593.39, 1454.28, 1175.45, 7644.98, 0, 8430.64, 1223.67, 1368.76, 561.25, 565.01, 625.47, 800.39, 3962.09, 320.06, 525.98, 551.7, 69.1, 190.03, 435.53, 437.79, 349.99, 2140.57, 897.41, 5163.73, 1019.24, 292.21, 539.98, 1326.47, 525.97, 809.4, 1073.68, 437.29, 1294.38, 840.77, 817.31, 538.63, 317.66, 325.53, 5301.29, 931.9, 691.65, 290.65, 394.9, 435.6, 3513.5, 675.29, 848.97, 581.26, 1099.08, 2438.78, 1217.86, 169.84, 553.3, 3309.09, 1580.06, 532.68, 360.72, 1446.02, 767.99, 4184.12, 1023.22, 1116.21, 1635.22, 978.94, 325.41 ], [ 183.21, 787.96, 376.76, 204.99, 409.06, 1177.93, 297.96, 772.16, 575.14, 356.33, 240.25, 685.37, 899.33, 863.05, 324.18, 524.07, 2951.93, 136.45, 171.97, 574.17, 231.65, 415.89, 486.11, 624.89, 1203.17, 1028.84, 1554.02, 4125.74, 335.53, 1043.04, 723.26, 1154.96, 5066.31, 1413.66, 510.3, 747.68, 1817.62, 2322.92, 4647.53, 8430.64, 0, 4493.87, 476.87, 1144.7, 892.48, 642.52, 502.53, 2423.7, 158.56, 373.33, 499.26, 67.34, 304.51, 687.37, 1430.07, 273.38, 2838.97, 957.91, 4582.3, 721.33, 195.49, 372.4, 648.27, 291.93, 492.69, 853.73, 270.41, 1352.86, 705.78, 412.09, 403.98, 102.14, 86.41, 5183.68, 528.83, 303.94, 150.25, 299.54, 309.92, 3794.52, 796.4, 2227.76, 1479.86, 1132.36, 3284.09, 1013.36, 594.41, 2218.93, 1794.69, 1040.96, 377.28, 181.39, 406.53, 445.28, 940.7, 1141.71, 877.02, 520.12, 563.87, 336.19 ], [ 169.08, 554.49, 139, 253.12, 206.32, 876.79, 93.01, 307.1, 160.46, 88.06, 273.7, 261.93, 209.85, 654.16, 109.61, 233.76, 1373.12, 253.28, 141.4, 534.44, 118.09, 127.18, 257.74, 223.34, 220.74, 424.58, 410.83, 665.74, 140.51, 795.14, 457.21, 658.61, 2095.93, 258.11, 303.65, 457.81, 846.81, 1053.09, 1283.8, 1223.67, 4493.87, 0, 270.32, 1115.19, 772.79, 198.54, 430.06, 2637.17, 151.34, 291.54, 315.6, 53.97, 73.58, 442.93, 827.95, 167.11, 1403.17, 597.83, 2708.08, 664.76, 112.02, 191.31, 1047.34, 241.64, 264.12, 321.02, 160.59, 427.27, 249.61, 212.71, 219.34, 348.37, 421.64, 2995.92, 388.84, 611.59, 212.13, 267.04, 247.81, 2258.2, 1321.16, 1693.41, 2957.87, 275.34, 4130.2, 2862.77, 144.48, 411.6, 3444.59, 324.13, 185.76, 184.3, 212.72, 210.04, 449.66, 642.67, 143.47, 236.72, 158.13, 140.56 ], [ 137.92, 261.66, 50.87, 43.37, 286.89, 1817.19, 103.49, 240.43, 123.28, 204.26, 58.09, 262.67, 163.96, 454.36, 77.78, 418.38, 1684.68, 83.73, 110.12, 285.92, 101.57, 200.83, 537.39, 192.2, 435.97, 571.88, 247.1, 359.36, 232, 1081.78, 803.86, 302.09, 981.04, 253.17, 217.69, 217.11, 483.47, 700.94, 1963.3, 1368.76, 476.87, 270.32, 0, 1353.48, 1640.42, 458.03, 887.28, 5352.27, 291.7, 371.49, 650.04, 277.68, 460.48, 899.72, 998.18, 159.09, 1024.61, 420.15, 2684.6, 422.65, 118.88, 119.65, 477.55, 118.62, 178.12, 289.77, 142.72, 301.37, 228.59, 129.3, 108.75, 101.7, 174.65, 1917.07, 178.71, 250.1, 81.86, 81.43, 75.56, 1610.34, 123.4, 291.37, 391.56, 211.61, 1441.34, 528.49, 203.63, 773.81, 783.77, 95.25, 121.74, 44.51, 195.16, 292.33, 937.38, 154.56, 103.88, 159.85, 137.24, 174.52 ], [ 475.7, 499.43, 304.19, 166.99, 329.58, 1244.59, 181.24, 250.44, 164.96, 143.08, 152.41, 436.99, 277.8, 794.39, 146.4, 656.56, 2913.34, 178.26, 252.19, 736.39, 293.25, 209.46, 250, 378.61, 478.63, 796.23, 365.55, 1109.06, 257.55, 750.74, 492.14, 346.6, 2472.2, 420.55, 602.63, 375.73, 1050.49, 1436.71, 238.57, 561.25, 1144.7, 1115.19, 1353.48, 0, 1701.19, 842.06, 815.68, 5163.86, 247.81, 1040.26, 1073.19, 133.93, 304.72, 707.2, 1052.95, 183.92, 1529.92, 658.71, 4917.7, 822.59, 147.02, 282.42, 602.08, 350.63, 389.35, 438.08, 220.36, 548.74, 335.74, 258.55, 255.42, 191.7, 222.2, 2906.35, 303.39, 379.29, 129.84, 178.67, 183.96, 2510.82, 518.92, 422.71, 390.45, 394.08, 3275.04, 1888.79, 551.4, 267.39, 2593.86, 130.06, 424.32, 187.12, 406.81, 343.27, 1768.19, 733.24, 416.87, 383.01, 453.45, 284.71 ], [ 313.2, 573.28, 309.96, 1233.37, 364.55, 1782.61, 305.78, 575.72, 189.17, 813.6, 331.18, 536.66, 254.66, 1090.46, 259.53, 1680.73, 3505.73, 627.47, 653.77, 2683.17, 284.18, 244.81, 330.08, 610.9, 1001.47, 636.02, 895.8, 1322.89, 218.07, 341.49, 1031.76, 285.8, 4611.3, 955.84, 501.05, 604.19, 1836.07, 708.66, 269.79, 565.01, 892.48, 772.79, 1640.42, 1701.19, 0, 2038.5, 4044.32, 20419.78, 1066.31, 2807.75, 1846.81, 483.38, 680.91, 2311.21, 5188.7, 396.4, 2171.87, 1087.09, 7066.12, 1407.26, 389.89, 355.9, 502.01, 377.3, 508.29, 656.06, 460.47, 763.83, 403.95, 432.39, 265.32, 141.51, 52.29, 3372.69, 461.29, 269.2, 104.76, 179.21, 262.29, 4147.97, 326.72, 212.82, 783.3, 288.92, 4471.82, 1507.6, 1825.82, 364.04, 1422.66, 127.09, 573.98, 125.14, 361.49, 456.29, 1606.66, 185.98, 1881.33, 446.01, 457.45, 369.28 ], [ 281.72, 789.06, 815.15, 234.29, 240.3, 1998.99, 107.25, 243.57, 172.77, 118.26, 85.1, 876.7, 555.89, 1668.74, 96.08, 278.7, 3099.19, 334.11, 375.35, 1287.91, 311.16, 403.14, 458.85, 611, 1042.69, 450.46, 299.91, 569.49, 204.46, 506.94, 382.77, 450.83, 4502.95, 349.7, 398.16, 286.69, 1578.24, 155.56, 223.36, 625.47, 642.52, 198.54, 458.03, 842.06, 2038.5, 0, 6138.21, 36818.04, 1919.79, 1714.86, 1399.04, 304.8, 818.06, 564.76, 1209.63, 409, 3051.12, 1336.9, 7724.15, 1250.55, 401.93, 297.44, 325.04, 303.86, 371.96, 563.7, 362.96, 715.91, 391.73, 331.67, 246.45, 92.42, 46.11, 2792.67, 325.76, 202.91, 85.7, 125.11, 182.3, 4185.58, 123, 178.21, 356.16, 224.01, 2923.42, 702.99, 438.08, 211.28, 788.16, 10.65, 116.59, 31.95, 221.66, 252.67, 4733.75, 540.21, 1522.07, 383.81, 181.56, 270.94 ], [ 468.34, 1162.9, 285.64, 170.25, 245.87, 1008.35, 166.97, 392.21, 245.03, 152.55, 157.43, 869.76, 900.68, 1281.49, 178.22, 585.06, 4494.06, 283.08, 269.56, 932.37, 249.87, 254.25, 342.31, 422.99, 1014.3, 785.03, 411.17, 1050.29, 198.83, 421.92, 396.23, 340.42, 2657.89, 343.59, 348.53, 241.14, 1000.78, 438.93, 313.1, 800.39, 502.53, 430.06, 887.28, 815.68, 4044.32, 6138.21, 0, 50970.84, 3856.63, 2055.3, 2823.32, 429.2, 1042.7, 1030.16, 1756.47, 200.28, 1456.27, 621.68, 4330.03, 751.21, 161.08, 197.36, 446.97, 240.04, 211.2, 299.65, 174.98, 340.81, 226.41, 153.83, 144.98, 138.93, 163.89, 2347.1, 199.9, 287.31, 100.76, 124.42, 133.2, 2499.84, 229.88, 233.48, 249.81, 424.51, 2674.34, 752.48, 210.16, 320.52, 2089.63, 321.66, 290.27, 161.43, 250.55, 421.45, 640.43, 242.23, 368.25, 623.79, 500, 353.9 ], [ 2551.71, 6532.08, 1739.12, 850.3, 1509.91, 6718.09, 931.3, 2285.24, 1678.35, 994.84, 881.02, 4116.87, 5510.9, 8187.57, 1315.52, 3553.31, 24379.34, 1487.8, 1418.08, 5005.07, 1321.41, 1138.18, 1639.29, 1983.05, 4851.85, 3640.54, 2321.95, 4259.02, 883.82, 2394.46, 1649.34, 1913.45, 14580.34, 2202.79, 1649.81, 1419.15, 5231.06, 2271.49, 1569.81, 3962.09, 2423.7, 2637.17, 5352.27, 5163.86, 20419.78, 36818.04, 50970.84, 0, 29548.22, 13706.04, 17047.18, 3237.13, 7288.12, 7221.4, 9514.3, 1349.18, 8387.38, 3692.46, 24733.33, 4607.72, 1340.7, 1153.27, 4071.13, 1429.48, 1472.25, 2090.06, 1441.22, 2132.37, 1366.73, 1150.97, 908.8, 1096.74, 1450.2, 12850.3, 1462.63, 2320.76, 778.05, 886.11, 1081.68, 14852.5, 1198.6, 1026.7, 1366.76, 1852.03, 12813.75, 3797.69, 1256.05, 3129.13, 7612.7, 816.1, 1366.48, 492.39, 1256.85, 1904.22, 4509.92, 1267.6, 2163.08, 2849.84, 1980.54, 1628.12 ], [ 172.96, 466.21, 130.75, 61.08, 90.62, 535.04, 52.81, 156.97, 91.92, 55.17, 67.55, 284.38, 334.1, 616.02, 50.76, 229, 1594.43, 93.02, 106.63, 417.62, 102.81, 88.61, 142.16, 168.04, 506.06, 350.47, 144.24, 332.31, 63.83, 149.43, 121.5, 129.48, 1101.97, 118.46, 136.86, 76.93, 429.77, 136.69, 105.28, 320.06, 158.56, 151.34, 291.7, 247.81, 1066.31, 1919.79, 3856.63, 29548.22, 0, 1113.21, 1234.63, 181.96, 482.92, 381.75, 681.4, 142.36, 909.45, 384.03, 2084.66, 338.22, 118.64, 83.96, 120.08, 86.24, 114.08, 164.85, 110.62, 199.79, 160.71, 90.5, 78.68, 33.28, 26.88, 941.76, 97.54, 76.73, 32.14, 41.11, 46.65, 1147.12, 85.85, 75.89, 118.73, 139.63, 1069.56, 268.22, 112.61, 94.15, 844.52, 144.14, 89.96, 63.43, 93.43, 167.63, 288.68, 96.25, 182.53, 205.39, 212.98, 119.05 ], [ 405.61, 1330.22, 1340.11, 176.45, 232.19, 788.49, 228.44, 309.21, 240.1, 126.22, 152.9, 702.99, 299.96, 953.85, 74.55, 376.07, 2977.66, 149.21, 261.95, 1383.08, 218.15, 169.88, 625.9, 331.26, 422.26, 247.83, 266.86, 341.02, 219.98