[[0,14580.34,19593.6,11851.19,8799.03,10788.71,14345.28,4237.44,6745.18,2274.99,5531.84,5132.74,3392.73,12187.56,6231.24,5066.31,2222.17,1701.28,3707.21,4611.3,5811.29,2472.2,2626.23,9243.11,3381.34,14734,2523.92,1416.4,1871.49,998.75,1742.16,2871.69,22984.36,3835.37,1268.5,5979.65,1833.86,2794.47,1000.22,2607.84,1019.35,2657.89,785.32,1561.33,373.34,1652.2,1678.11,2842.52,1555.23,1265.19,3804.24,2612.32,4502.95,654.38,5324.82,404.29,1248.37,1847.7,14207,2461.1,2029.72,846.08,793.44,4923.77,483.81,8072.3,981.04,1533.18,1531.73,2857.59,1632.74,1217.62,1002.78,794.09,1146.75,7666.55,1967.87,1365.2,1974.15,626.12,2095.93,1584.74,307.86,858.94,431.08,3629.85,881.52,5218.33,1752.08,1760.44,4897.74,581.58,5248.29,1101.97,1764.34,1275.03,859.39,3735.59,429.5,818.37,2406.79,2418.07,1823.48,1742.49,364.86,1399.31,452.73,654.63,4085.7,602.96,2002.71,419.58,784.13,5472.19,663.42,4058.77,1108.73,447.36,1620.7,2054.32,664.27,1664.15,2504.29,250.71,2193.46,16763.14,16873.72,11162.79,6053.56,3799.02,4126.02,3048.77,2636.84,3056.18,2597.95,2835.34,2460.48,2572.58,1823.58,1714.6,1668.83,1533.86,1622.35,1384.06,1322.83,1054.12,1208.39,1013.22,857.27,937.69],[14580.34,0,24379.34,7612.7,12813.75,6718.09,4259.02,5005.07,8187.57,5510.9,2321.95,4851.85,17047.18,5231.06,1983.05,2423.7,1678.35,492.39,6532.08,20419.78,4509.92,5163.86,13706.04,2394.46,1256.05,3962.09,7221.4,816.1,1256.85,1487.8,1138.18,9514.3,2202.79,2163.08,1199.97,1639.29,922.55,1267.6,994.84,4116.87,7288.12,50970.84,447.92,1315.52,161.53,850.3,584.06,1362.86,1739.12,945.22,911.51,1118.74,36818.04,7413.96,2271.49,3125.83,10921.87,898.95,1913.45,540,1198.6,501.88,642.81,598.09,12685,3640.54,5352.27,553.01,881.02,2285.24,1418.08,1026.7,834.99,650.26,431.74,1649.34,3129.13,1350.65,1557.82,1545.24,2637.17,711.7,601.4,763.4,263.59,2849.84,603.45,3797.69,1628.12,2551.71,1419.15,322,572.65,29548.22,1278.62,741.04,672.35,492.66,383.36,848.5,553.8,1509.91,280.62,1852.03,937.56,416.76,493.07,625.29,588.84,491.34,1085.16,1891.78,1002.5,883.82,390.29,3553.31,327.6,752.93,244.37,1904.22,496.05,1366.48,404.7,112.74,246.32,24733.33,12850.3,14852.5,8387.38,2132.37,4071.13,4607.72,3692.46,2090.06,1462.63,1366.73,2320.76,1472.25,1150.97,908.8,1153.27,1441.22,1429.48,1081.68,886.11,1349.18,1450.2,778.05,1340.7,1096.74],[19593.6,24379.34,0,8791.32,10358.98,7558.77,4430.7,14242.07,55902.88,15115.67,4298.97,6746.42,3484.16,4665.8,5152.7,2951.93,4021.99,3701.67,9028.21,3505.73,3680.05,2913.34,2977.66,3453.99,915.02,7970.27,1834.69,1326.6,1248.89,10235.03,4925.46,3488.86,2296.93,2781.12,9915.96,4339.9,1174.39,2688.54,2451.47,9446.89,1229.94,4494.06,8226.24,5538.99,121.88,1987.2,1804.47,946.18,2965.57,8120.78,1429.72,1210.13,3099.19,604.42,2052.07,333.25,2182.14,1276.85,1734.58,759.97,1140.46,841.84,677.85,754.94,425.14,4804.76,1684.68,542.85,3282.5,4162.31,7351.07,1062.11,2716.82,1446.66,893.63,2202.84,1415.15,4254.12,619.81,514.58,1373.12,592.65,1088.39,319.03,424.8,2921.76,987.15,3746.65,1775.73,3666.29,1569.8,602.51,792.03,1594.43,807.66,6430.27,878.33,461.64,332.39,746.37,825.69,2125.91,355.63,1498.7,731.03,393.49,333.5,413.69,537.4,707.85,1277.94,626.87,2142.41,1628.63,897.72,7809.52,369.73,443.21,173.31,1427.52,320.75,1380.19,528.36,120.27,319.22,23925.02,19465.51,11217.53,7433.58,6025.97,5455.74,4256.35,3143.71,6074.7,3578.56,6442.56,2539.72,4586.5,3391.09,3293.18,3539.9,2527.62,2339.35,2270.45,2338.75,1329.24,813.81,1238.01,1037.13,957.28],[11851.19,7612.7,8791.32,0,25167.19,3613.18,2991.63,1456.49,2959.39,869.46,1934.2,1653.28,1891.05,2244.54,1583.53,1794.69,1138.45,9125,1405.51,1422.66,3335.42,2593.86,2139.82,1751.24,5171.2,3309.09,1339.35,22034.46,7751.79,452.64,1143.83,2348.43,995.56,2190.71,766.42,1962.41,814.83,828.2,609.25,1059.98,527.08,2089.63,273.67,390.41,8059.24,642.88,539.85,342.44,784.3,332.94,233.96,223.79,788.16,272.75,1331.94,155.25,371.06,434.43,2100.63,430.62,2165.87,362,683.24,323.93,208.63,4815.41,783.77,335.45,551.21,1886.56,822.28,3962,214.76,654.04,409.83,1510.49,12492.37,446.06,948.7,440.89,3444.59,251.83,107.97,545.48,335.76,2265.68,1043.93,47991.3,3000.42,724.48,1000.74,260.35,253.92,844.52,475.84,252.45,2363.47,236.34,240.8,562.19,711.7,1341.9,134.73,3462.83,159.94,139.1,809.28,882.51,394.23,314.63,194.16,321.89,531.18,899.33,373.99,2752.6,277.5,325.8,102.02,3185.38,2242.61,7453.31,168.14,5078.31,132.6,13647.75,18764.02,17283.89,4772.6,2703.76,9259.08,2763.1,2701.5,2715.76,4053.24,2167.11,6589.46,2111.08,1469.24,1603.81,1520.28,2622.87,2575.26,2399.78,2490.95,900.3,4023.31,2440.21,1630.98,2530.02],[8799.03,12813.75,10358.98,25167.19,0,4831.29,3907.74,2196.92,2633.01,1369.18,1642.68,2247.71,2677.15,3131.46,1185.25,3284.09,1277.27,1797.62,2428.14,4471.82,3029.69,3275.04,2333.44,1578.17,6053.87,2438.78,2181.62,1154.7,2433.97,656.67,948.1,2270.66,1502.54,1158.45,518.64,1213.41,729.05,2133.67,950.57,1683.99,1045.44,2674.34,196.78,655.54,7166.26,919.96,382.27,1554.88,1222.77,373.49,606.25,436.26,2923.42,773.56,2086.85,451.67,587.68,435.09,1602.48,377.53,5210.47,625.01,707.47,525.88,529.42,2539.86,1441.34,397.18,605.66,1462.49,1094.63,4892.71,374.97,538.02,338.2,1366.9,8724.39,675.96,2747.67,1169.98,4130.2,604.83,284.25,874.09,335.48,1253.24,685.2,23156.89,1473.57,1256.01,1048.42,379.53,362.13,1069.56,868.05,385.25,1953.33,351.86,224.34,1942.94,508.39,1370.79,200.85,3063.03,318.27,519.47,839.85,1130.78,596.91,321.1,426.58,439.7,565.22,974.87,337.31,1465.73,312.09,446.88,206.81,2338.15,2937.96,2448.53,250.29,733.72,201.11,13292.16,9037.95,8745.71,4676.43,2731.26,1614.31,2558.46,2153.82,2203.25,2302.35,1591.89,1131.42,1616.42,1693.47,1064.79,1037.55,1184.75,1051.81,1086.76,801.91,785.16,164.93,539.63,868.15,363.49],[10788.71,6718.09,7558.77,3613.18,4831.29,0,2227.7,1467.36,2561.41,2937.19,1545.3,1663.02,675.09,3214.92,1385.29,1177.93,4950.51,1530.94,5326.34,1782.61,5666.23,1244.59,788.49,1963.34,368.27,2982.45,634.64,2360.19,996.68,559.9,640.65,1081.95,1338.03,1596.67,854.62,1307.02,5318.84,6113.73,2710.1,1203.15,269.59,1008.35,344.06,957.49,43.54,4033.69,419.32,576.01,3699.21,231.68,470.24,896.99,1998.99,220.46,971.53,126.98,266.82,1081.4,1162.58,497.21,840.79,2535.32,4798.69,627.44,147.12,1777.84,1817.19,678.53,723.83,9302.44,576.24,428.99,429.21,2291.23,316.03,1651.04,604.22,1817.38,278.45,109.57,876.79,320.41,773.42,164.27,2043.05,2464.34,2250.03,1552.16,5450.22,3015.82,1023.26,2392.91,305.09,535.04,547.08,242.07,686.26,259.83,2591.14,246.53,402.9,14471.24,212.07,972.31,142.88,223.44,771.87,322.87,477.1,2126.64,1359.69,199.57,736.75,827.72,1956.38,2076.84,151.49,271.62,249.67,2539.23,333.56,833.96,300.87,252.62,169.84,7070.96,5380.62,4254.02,2327.27,1722.65,917.15,1381.74,1041.09,1218.05,1376.24,1074.88,739.42,1030.77,986.5,785.71,757.57,619.17,671.23,861.56,589.08,371.98,110.92,436.73,354.24,236.91],[14345.28,4259.02,4430.7,2991.63,3907.74,2227.7,0,1995.36,2605.83,1248.52,3194.94,3784.86,499.05,2338.76,4872.65,4125.74,1394.72,317.8,764.73,1322.89,2930.3,1109.06,341.02,2396.26,205.62,3236.41,1562.76,48.28,376.52,274.98,1520.17,1355.99,1488.61,2889.59,320.43,1979.84,614.78,1461.19,187.51,642.98,187.9,1050.29,148.13,443.37,66.37,315.84,1050.96,3180.06,675.79,187.9,3944.28,409.77,569.49,155.5,769.71,92.92,490.08,1710.45,1661.59,2365.86,650.84,339.93,385.84,4466.25,113.93,6882.96,359.36,499.75,865.77,1651.36,512.91,183.03,256.67,851.57,916.57,3172.27,526.27,589.61,883.86,86.57,665.74,196.85,61.32,39.66,419.38,1566.42,751.35,1993.95,655.82,574.49,1053.91,194.51,531.5,332.31,332.49,188.4,356.05,390.7,327.1,177.52,6869.15,840.52,294.26,687.43,41.79,205.16,209.03,184.61,753.26,418.44,214.65,292.82,772.63,6682.74,593.34,1358.21,4340,137.41,290.26,606.69,99.51,515.73,312.06,28.46,233.12,7894.57,15941.03,8346.73,5546.37,3392.07,2186.38,1277.43,1837.84,1455.71,1099.63,1182.68,976.51,1102.28,774.24,849.13,746.33,525.87,774.13,767.94,655.27,640.73,478.33,392.63,300.71,359.21],[4237.44,5005.07,14242.07,1456.49,2196.92,1467.36,1995.36,0,5135.76,2029.38,883.88,1573.48,1076.51,1565.29,881.29,574.17,733.13,332.81,1515.98,2683.17,1740.36,736.39,1383.08,969.04,462.02,901.96,1133.47,80.43,346.88,6123.49,2034.01,1011.83,710.16,801.05,799.73,1242.09,278.87,762.53,1058.76,1465.33,2141.61,932.37,1789.93,829.28,30.1,348.85,255.6,314.75,354.12,1752.69,391.17,373.98,1287.91,162.4,456.86,108.65,247.07,332.78,375.62,164.48,607.59,434.75,127.19,190.87,119.9,1065.94,285.92,122.71,399.52,1224.71,13673.75,330.32,426.7,237.08,178.2,487.34,234.64,1193.02,174.43,228.63,534.44,152.25,139.78,141.6,189,1020.73,167.29,852.75,456.7,974.72,482.24,158.94,254.46,417.62,243.07,2886.54,157.82,114.21,138.43,179.15,187.11,506.15,123.58,264.09,332.84,91.76,80.8,94.64,118.31,258.24,364.76,124.32,390.61,496.82,212.77,1442.72,142.49,124.89,61.93,336.41,77.57,250.2,234.17,25.88,69.2,8432,7113.93,4556.22,2607.59,2478.26,1607.68,1567.17,1200.79,1926.49,1524.77,1869.98,836.14,1726.91,1306.3,1088.6,1003.14,1182.13,834.94,797.82,644.28,502.3,116.15,388.24,453.24,247.03],[6745.18,8187.57,55902.88,2959.39,2633.01,2561.41,2605.83,5135.76,0,9090.21,1311.88,6831.01,1160.06,2392.37,1957.99,863.05,1442.85,569.51,2083.62,1090.46,2626.66,794.39,953.85,1164.74,333.59,1644.91,626.09,1247.45,586.37,1739.56,1222.28,1059.82,1007.42,944.38,8804,3427.84,509.54,1543.98,1509.74,6441.69,1364.12,1281.49,1590.9,8903.75,187.91,485.78,635.85,381.49,607.32,1123.92,446.88,353.82,1668.74,151.49,836.63,122.64,636.64,362.75,594.45,475.33,374.85,465.25,357.66,631.71,115.46,2651.52,454.36,295.57,1740.55,2161.42,1785.09,467.92,2350.35,351.06,587.48,1215.63,1038.65,1006.33,245.34,227.66,654.16,182.94,166.91,140.65,295.96,778.32,404.99,1389.22,1237.73,1344.07,605.23,272.99,293.92,616.02,330.74,976.41,269.43,241.41,202.53,371.16,656.04,713.06,182.69,613.77,88.53,163.53,164.95,238.53,157.08,470.66,394.98,191.58,2030.18,879.27,263.3,6046.2,182.36,197.88,62.27,789.81,164.78,285.42,233.49,110.36,106.97,8185.6,8757.09,5276.14,3040.8,2479.87,2842.37,1571.17,1257.93,2117.51,1851.42,2002.49,1612,1873.82,1458.36,1225.92,1133.6,1157.25,1049.48,962.1,938.18,525.45,791.31,681.59,544.11,636.56],[2274.99,5510.9,15115.67,869.46,1369.18,2937.19,1248.52,2029.38,9090.21,0,636.4,2221.68,265.28,766.32,845.07,899.33,668.33,296.12,626.62,254.66,5816.86,277.8,299.96,284.83,136.99,911.07,324.81,111.14,160.76,1083.97,943.67,380.09,292.24,402.63,954.95,1477.2,385.29,395.43,1030.66,20484.5,139.45,900.68,279.8,2791.97,40.72,132.02,261.24,375.89,155.32,583.31,309.69,246.51,555.89,117.77,368.58,77.5,130.14,231.32,209.47,123.21,166.96,350.5,152,230.72,63.07,971.61,163.96,64.71,2510.24,1616.71,566.02,68.06,1375.2,154.43,198.73,366.75,196.16,389.41,45.27,33.35,209.85,79.11,113.36,93.53,250.53,473.5,163.12,488.75,599.63,381.1,514.6,128.93,74.97,334.1,59.73,350,127.76,60.53,100.57,150.66,165.98,378.06,58.21,440.55,127.65,88.54,46.48,70.58,122.33,181.62,267.59,88.07,2335.58,417.11,243.73,2547.9,77,50.95,24.34,269.74,160.26,116.78,81.14,83.5,32.65,3574.56,2596.68,1691.19,1077.71,850.97,471.58,652.65,473.93,604.41,503.59,626.47,285.23,569.98,450.17,428.59,418.75,298.34,326.92,330.6,251.33,181.82,53.85,168.87,139.16,106.95],[5531.84,2321.95,4298.97,1934.2,1642.68,1545.3,3194.94,883.88,1311.88,636.4,0,6113.06,325.6,1394.76,2506.56,1554.02,565.93,642.09,605.11,895.8,630.38,365.55,266.86,4646.39,106.58,1170.71,369.39,22.62,497.58,512.26,368.15,353.51,560.57,6532.22,290,2730.52,216.23,1957.15,489.06,477.86,179.89,411.17,204.95,458.27,111.36,271.69,777.68,6067.48,316.45,503.04,775.1,261.71,299.91,145.83,1269.15,92.17,49.66,2807.27,800.3,1311.85,1129.8,190.91,444.55,921.1,93.47,8421.46,247.1,948.94,307.17,796.01,197.32,172.07,249.04,217.24,618.84,4625.05,1399.02,997.48,172.73,141.55,410.83,383.28,154.54,81.28,208.67,4101.6,1158.91,1064.16,411.06,358.75,368.58,134.05,266.68,144.24,270.07,188.92,247.78,247.1,146.96,234.32,1385.18,555.69,131.87,411.02,53.31,206.7,124.94,137.98,294.63,201.16,228.69,77.05,189.56,603.31,195.38,1127.36,185.82,59.2,223.55,508.77,692.82,433.35,188.69,67.03,181.36,4133.86,4319.13,2505.23,1630.01,1268.72,891.62,821.36,703.43,977.42,1000.35,801.51,417.79,757.55,867,495.96,503.57,421.61,402.26,393.73,317.1,323.12,80.24,230.19,309.72,167.54],[5132.74,4851.85,6746.42,1653.28,2247.71,1663.02,3784.86,1573.48,6831.01,2221.68,6113.06,0,556.63,1236.4,3602.46,1203.17,745.18,458.94,1278.97,1001.47,745.69,478.63,422.26,2392.74,317.34,1486.91,511.59,95.74,141.27,212.74,708.45,1336.8,720.7,1459.39,357.92,2508.1,204.67,771.06,1222.44,1400.8,107.21,1014.3,177.54,577.28,29.45,748.87,1138.17,3929.74,359.89,129.08,651.8,216.84,1042.69,135.74,562.87,92.43,443.22,911.1,1165.89,878.58,336.83,305.46,352.4,537.14,112.37,14461.76,435.97,280.32,741.62,1068.58,559.83,320.73,240.92,154.88,1338.49,1506.63,208.32,858.06,617.92,167.67,220.74,141.08,136.39,236.51,162.08,1564.34,473.75,546.57,313.12,1045.16,282.99,154.86,268.53,506.06,253.28,136.39,142.91,152.18,165.48,242.07,2189.9,446.26,92.75,359.78,50.89,257.96,109.87,126.13,223.82,230.61,228.85,106.77,735.93,875.43,178.65,1332.09,294.99,79.27,227.92,467.87,139.24,152.37,126.81,21.29,277.87,3253.51,4117.02,2388.13,1546.52,1002.78,561.87,588,586.3,523.07,446.21,450.53,301.1,460.85,337.76,338.63,325.28,229.6,298.2,305.93,270.14,205.7,91.16,139.1,127.1,125.23],[3392.73,17047.18,3484.16,1891.05,2677.15,675.09,499.05,1076.51,1160.06,265.28,325.6,556.63,0,963.24,353.15,499.26,203.08,67.68,736.04,1846.81,490.13,1073.19,29786.74,630.08,1265.62,551.7,2460.68,388.24,396.25,161.45,298.19,1428.02,548.06,4104.92,161.31,433.93,183.68,179.83,125.66,664.87,9413.44,2823.32,176.31,117.56,39.17,219.87,102.47,150.2,608.83,116.58,311.81,264.07,1399.04,2001.81,367.7,6128.52,563.53,203.27,185.23,77.61,323.42,126.5,61.93,195.24,848.96,370.41,650.04,85.59,144.7,346.67,268.43,215.41,97.39,67.54,27.7,394.3,387.53,134.13,251.19,153,315.6,109.93,28.56,133,73.74,780.32,108.3,864.88,238.66,275.38,371.61,55.64,121.56,1234.63,95.76,107.82,125.1,50.27,40.31,81.41,49.55,211.63,52.85,235.21,273.57,57.01,58.69,77.4,42.42,68.04,224.76,242.85,153.38,297.13,124,598.93,41.65,189.77,13.05,252.97,42.94,375.61,68.01,36,26.82,10701.44,9562.43,9549.14,3962.16,798.39,5179.76,2030.31,1744.56,1018.25,1217.14,601.81,3276.36,623.99,433.18,600.8,491.39,1090.11,1157.14,917.59,988.34,533.72,2336.85,1038.25,848.33,1387.39],[12187.56,5231.06,4665.8,2244.54,3131.46,3214.92,2338.76,1565.29,2392.37,766.32,1394.76,1236.4,963.24,0,874.64,1817.62,497.99,230.42,1109.52,1836.07,901.54,1050.49,829.64,1887.39,328.98,1454.28,884.98,249.95,863.57,365.47,416.39,958.26,3380.54,763.43,288.34,1189.92,257.46,610.69,408.29,1018.75,647.91,1000.78,765.62,420.38,43.82,434,258.95,318.16,286.43,317.7,607.78,291.74,1578.24,255.78,3937.31,189.79,615.11,320.08,990.25,448.49,535.69,239.37,182.91,562.13,199.53,1012.15,483.47,263.15,511.56,696.94,534.32,462.09,221.34,163.69,126.63,879.27,398.93,583.73,187.98,262.28,846.81,1514.52,143.05,176.76,287.44,939.48,209.08,1131.74,383.52,870.25,20315.34,138.44,1175.74,429.77,919.15,266.04,210.11,563.34,101.95,309.22,208.73,607.42,498.7,441.69,156.87,727.23,123.98,231.44,367.68,146.76,323.32,210.28,387.99,713.9,115.52,887.68,175.25,260.35,144.35,515.9,140.07,695.43,789.94,37.63,132.46,7454.5,6051.34,4537.25,2783.63,1519.23,1653.36,1243.88,1154.12,1181.96,921.93,1098.62,860.5,930.16,658.7,565.12,537.19,693.35,453.58,440.01,409.97,429.85,478.56,338.23,367.55,308.56],[6231.24,1983.05,5152.7,1583.53,1185.25,1385.29,4872.65,881.29,1957.99,845.07,2506.56,3602.46,353.15,874.64,0,624.89,510.27,462.35,884.77,610.9,387.44,378.61,331.26,1898.4,304.16,716.64,195.78,98.97,232.39,444.21,1239.47,667.34,984.85,995.81,259.32,4917.52,224.34,663.25,273.41,453.54,92.54,422.99,220.25,357.09,9.92,336.37,8596.46,1543.48,198.25,287.87,769.88,64.24,611,73.82,416.56,42.11,101.5,886.38,766.07,545.15,305.67,160.91,180.44,956.68,51.77,7587.09,192.2,149.52,347.45,582.13,489.86,222.59,243.37,301.85,3254.72,1003.63,101.59,409.37,140.12,215.19,223.34,134.24,101.37,34.7,191.79,1087.87,271.37,509.3,226.66,375.46,476.27,127.96,208.36,168.04,222.73,193.79,114.96,160.77,78.38,117.36,1597.43,390.07,107.49,325.01,63.99,100.57,75.01,86.48,188.82,176.78,80.65,67.44,225.2,823.02,85.1,1661.19,294.53,74.59,70.98,343.21,112.76,204.71,129.32,111.38,96.33,4065.53,4712.64,2734.99,1700.97,1254.24,729.44,716.83,737.16,835.47,811.78,793.81,446.47,707.01,580.53,467.58,491.71,431.89,419.95,364.67,322.8,302.39,81.9,233.1,245.94,138.99],[5066.31,2423.7,2951.93,1794.69,3284.09,1177.93,4125.74,574.17,863.05,899.33,1554.02,1203.17,499.26,1817.62,624.89,0,575.14,181.39,787.96,892.48,940.7,1144.7,373.33,1043.04,594.41,8430.64,687.37,1040.96,406.53,136.45,415.89,1430.07,1413.66,877.02,259.84,486.11,184.47,1141.71,356.33,685.37,304.51,502.53,132.05,324.18,82.89,204.99,198.64,487.27,376.76,126.81,502.48,172.17,642.52,94.82,2322.92,71.22,255,276.88,1154.96,319.15,796.4,225.16,159.67,632.56,74.99,1028.84,476.87,371.78,240.25,772.16,171.97,2227.76,116.02,64.06,117.5,723.26,2218.93,141.45,225.67,166.8,4493.87,1350.46,61.4,300.18,86.3,520.12,179.63,1013.36,336.19,183.21,747.68,147.37,200.11,158.56,2366.23,85.51,403.11,367.05,169.69,2543.99,221.05,409.06,96.49,1132.36,123.4,336.95,106.38,911.61,328.81,193.96,197.47,202.53,179.32,335.53,135.36,524.07,253.23,152.75,112.05,445.28,90.07,377.28,167.46,44.96,168.78,4582.3,5183.68,3794.52,2838.97,1352.86,648.27,721.33,957.91,853.73,528.83,705.78,303.94,492.69,412.09,403.98,372.4,270.41,291.93,309.92,299.54,273.38,86.41,150.25,195.49,102.14],[2222.17,1678.35,4021.99,1138.45,1277.27,4950.51,1394.72,733.13,1442.85,668.33,565.93,745.18,203.08,497.99,510.27,575.14,0,216.99,769.13,189.17,1439.93,164.96,240.1,761.99,492.58,440.17,232.83,49.24,264.56,363.25,381.65,397.65,313.05,559.61,758.18,577.11,463.72,944.01,3195.67,794.29,68.85,245.03,123.25,433.19,17.65,722.94,164.09,219.41,628.99,266.4,146.4,1050.19,172.77,43.23,284.21,27.27,106.08,335.69,316.38,171.59,184.05,3136.06,577.25,128,30.73,1012.74,123.28,144.07,879.8,13206.11,191.82,198.6,166.65,1664.31,266.12,486.56,90.75,183.98,83.2,39.96,160.46,73.73,173.84,36.67,1129,901.6,1387.56,383.27,719.88,545.13,182.94,954.8,106.71,91.92,95.47,267.08,212.81,77.46,1050.88,85.95,243.23,1485.29,74.85,390.24,52.7,39.48,115.11,92.06,135.55,4443.45,1385.74,56.91,665.71,193.56,236.51,2050.22,60.58,25.02,61.37,504.67,93.1,155.11,89.38,32.72,65.45,2785.51,2355.29,1798.21,819.97,660.92,397.92,525.04,419.28,456.68,530.63,431.59,334.78,385.39,315.14,306.48,300.33,258.11,264.47,383.39,256.99,160.65,48.86,178.94,134.54,86.78],[1701.28,492.39,3701.67,9125,1797.62,1530.94,317.8,332.81,569.51,296.12,642.09,458.94,67.68,230.42,462.35,181.39,216.99,0,113.3,125.14,609.87,187.12,43.35,154.38,149.92,360.72,96.67,1774.14,26474.81,79.61,316.27,48.86,148.34,190.47,82.98,356.29,302.79,444.4,117.8,42.61,24.06,161.43,55.46,50.96,40.04,31.77,170.81,84.28,21.06,116.85,59.09,15.46,31.95,25.62,417.04,16.53,58.92,131.66,286.14,42.2,287.33,142.5,154.68,147.87,22.4,507.32,44.51,91.95,130.96,325.83,70.39,165.5,29.64,432.54,41.47,193.13,720.17,79.8,173.95,28.05,184.3,67.47,30.81,5.17,495.38,699.54,89.65,2054.08,525.6,359.85,284.19,112.65,42.45,63.43,90.7,134.44,278.06,63.28,74.82,58.01,89.21,598.15,28.31,513.88,42.23,41.86,442.57,117.85,53.68,67.1,19.03,21.46,32.6,201.08,52.51,200.2,31.12,19.82,48.86,1463.77,309.2,11557.47,34.14,609.8,32.66,1447.43,2780.12,2251.42,599.14,360.92,1457.66,313.8,314.2,382.57,572.64,376.53,995.86,352.22,212.23,227.53,272,387.41,397.18,316.69,388.54,117.07,651.8,365.74,216.04,415.15],[3707.21,6532.08,9028.21,1405.51,2428.14,5326.34,764.73,1515.98,2083.62,626.62,605.11,1278.97,736.04,1109.52,884.77,787.96,769.13,113.3,0,573.28,1680.67,499.43,1330.22,584.97,437.72,952.86,212.13,379.91,1577.84,515.91,290.14,949.96,617.31,251.85,411.62,328.84,314.15,791.9,792.19,1209.72,1226.44,1162.9,171.83,310.55,57.27,3344.38,270.19,124.97,8960.41,522.47,248.78,101.9,789.06,144.48,319.41,67.72,222.87,207.69,525.36,128.99,274.3,383.37,447.72,175.9,75.15,799.29,261.66,94.14,344.52,990.45,762.28,224.16,190.4,560.65,123.57,493.44,385.39,197.19,1217.31,78.09,554.49,107.83,1758.72,61.47,249.31,529.83,219.67,876.87,865.31,5514.94,295.14,310.75,131.87,466.21,202.32,441.62,273.74,98.91,116.33,275.66,159.24,1620.12,75.67,478.83,76.75,53.65,120.59,156.17,123.6,275.65,196.88,103.25,368.24,360.93,197.61,1157.17,68.92,80.89,105.08,1355.93,194.5,483.27,119.07,11.69,114.17,4758.61,3311.82,2765.49,1550.05,1159.07,551.47,874.86,647.99,790.63,940.61,721.47,522.03,675.81,612.81,563.69,507.85,356.62,468.69,663.08,471.07,217.81,78.3,321.11,185.7,159.79],[4611.3,20419.78,3505.73,1422.66,4471.82,1782.61,1322.89,2683.17,1090.46,254.66,895.8,1001.47,1846.81,1836.07,610.9,892.48,189.17,125.14,573.28,0,1606.66,1701.19,2807.75,341.49,1825.82,565.01,2311.21,127.09,361.49,627.47,244.81,5188.7,955.84,1881.33,595.29,330.08,78.95,185.98,813.6,536.66,680.91,4044.32,74.9,259.53,82.47,1233.37,198.53,482.19,309.96,190.86,159.09,103.96,2038.5,845.71,708.66,503.75,3579.58,116.92,285.8,332.66,326.72,89.73,103.48,421.32,618.8,636.02,1640.42,251.51,331.18,575.72,653.77,212.82,94.84,175.42,47.78,1031.76,364.04,111.93,2792.65,3694.79,772.79,255.75,82.92,258.53,121.74,446.01,114.27,1507.6,369.28,313.2,604.19,49.6,164.67,1066.31,240.86,223.08,143.18,88.46,71.28,229.21,57.55,364.55,79.24,288.92,276.79,121.84,80.54,136.67,134.14,121.25,93.21,587.21,178.34,218.07,79.14,1680.73,104.68,237.59,35.15,456.29,91.7,573.98,121.55,7.44,29.61,7066.12,3372.69,4147.97,2171.87,763.83,502.01,1407.26,1087.09,656.06,461.29,403.95,269.2,508.29,432.39,265.32,355.9,460.47,377.3,262.29,179.21,396.4,52.29,104.76,389.89,141.51],[5811.29,4509.92,3680.05,3335.42,3029.69,5666.23,2930.3,1740.36,2626.66,5816.86,630.38,745.69,490.13,901.54,387.44,940.7,1439.93,609.87,1680.67,1606.66,0,1768.19,916.62,1233.83,2929.7,4184.12,805.83,108.38,1210.84,1478.78,1091.36,1247.96,430.72,352.56,250.53,1673.95,1498.46,4772.35,444.22,1740.47,2124.73,640.43,182.67,297.48,26.85,232.59,124.73,227.6,227.52,119.44,210.1,4934.74,4733.75,461.94,541.33,204.9,133.39,425.67,1203.61,137.59,2061.98,310.08,633.33,122.97,353.26,820.42,937.38,381.93,104.28,1568.52,313.48,385.69,211.23,268.27,80.36,578.89,588.5,154.85,136.68,143.18,449.66,132.39,165.92,92.57,450.97,1474.27,647.9,1335.65,1001.99,642.9,190.18,330.06,991.86,288.68,572.15,107.84,3046.76,155.26,210.37,286.76,129.04,917.04,113.34,3531.26,60.68,103.12,890.01,522.66,252.41,280.96,2954.82,280.37,163.06,372.11,645.51,604.97,211.92,277.99,140.37,4903.71,151.82,627.35,222.87,50.89,132.04,2165.5,2022.52,1517.21,805.78,510.04,420.64,443.43,347.98,328.61,391.4,339.42,291.51,322.6,232.83,211.76,209.61,213.61,154.47,238.39,203.01,150.53,102.36,146.49,121.65,100.14],[2472.2,5163.86,2913.34,2593.86,3275.04,1244.59,1109.06,736.39,794.39,277.8,365.55,478.63,1073.19,1050.49,378.61,1144.7,164.96,187.12,499.43,1701.19,1768.19,0,1040.26,750.74,551.4,561.25,707.2,130.06,406.81,178.26,209.46,1052.95,420.55,416.87,150.25,250,225.41,733.24,143.08,436.99,304.72,815.68,61.82,146.4,57.94,166.99,111.54,165.46,304.19,102.55,194.15,162.33,842.06,237.81,1436.71,148.1,450.89,167.55,346.6,107.8,518.92,63.98,116.45,226.15,124.7,796.23,1353.48,95.66,152.41,250.44,252.19,422.71,88.91,231.58,90.58,492.14,267.39,935.52,258.84,911.52,1115.19,215.27,105.74,9944.51,81.25,383.01,120.34,1888.79,284.71,475.7,375.73,69.2,118.15,247.81,663.4,100.14,186.22,132.01,36.7,396.36,125.78,329.58,58.06,394.08,206.22,110.03,47.45,141.34,139.31,67.6,91.6,479.32,251.84,257.55,56.2,656.56,86.35,4024.82,37.17,343.27,98.7,424.32,83.97,29.07,37.72,4917.7,2906.35,2510.82,1529.92,548.74,602.08,822.59,658.71,438.08,303.39,335.74,379.29,389.35,258.55,255.42,282.42,220.36,350.63,183.96,178.67,183.92,222.2,129.84,147.02,191.7],[2626.23,13706.04,2977.66,2139.82,2333.44,788.49,341.02,1383.08,953.85,299.96,266.86,422.26,29786.74,829.64,331.26,373.33,240.1,43.35,1330.22,2807.75,916.62,1040.26,0,960.52,2647.87,525.98,2791.48,83.94,144.86,149.21,169.88,1086.36,525.14,1113.81,113.08,625.9,137.43,115.89,126.22,702.99,3643.93,2055.3,86.27,74.55,12.84,176.45,88.12,89.72,1340.11,90.85,193.93,303.1,1714.86,1453.81,293.23,2583.08,587.77,147.15,214.43,76.48,198.61,74.22,65.5,99.15,465.87,247.83,371.49,67.71,152.9,309.21,261.95,130.02,75.69,121.4,25.59,421.69,252.43,184.4,793.04,182.92,291.54,67.32,29.22,273.94,63.21,376.27,77.7,632.64,240.94,405.61,496.31,39.53,160.62,1113.21,90.61,78.5,79.65,52.11,47.56,84.02,42.99,232.19,63.21,112.78,332.8,43.06,92.8,49.31,67.79,59.56,362.42,137.49,151.05,219.98,295.68,376.07,31.4,282.19,19.35,327.35,52.43,124.3,64.12,16.41,20.28,26225.24,6001.22,14601.88,6370.09,1629.84,602.95,4679.36,4014.71,1160.33,585.94,681,369.11,779.28,581.12,455.65,597.15,1216.12,568.84,416.73,134.67,1007.73,78.24,111.85,1402.41,101.66],[9243.11,2394.46,3453.99,1751.24,1578.17,1963.34,2396.26,969.04,1164.74,284.83,4646.39,2392.74,630.08,1887.39,1898.4,1043.04,761.99,154.38,584.97,341.49,1233.83,750.74,960.52,0,1182.02,3252.35,261.83,363.56,166.33,258.12,286.53,265.34,801.71,2824.38,151.91,953.9,189.26,717.05,301.06,370.94,97.56,421.92,212.08,199.77,18.35,231.23,527.07,1751.17,372.45,193.19,577.55,211.75,506.94,120.66,722.6,82.73,150.81,751.91,2323.63,1752.86,500.96,142.85,329.98,1098.07,85.82,2459.04,1081.78,822.64,118.99,665.93,291.25,179.06,114.46,236.82,265.68,8407.64,266.11,220.25,204.49,198.95,795.14,221.85,70.38,32.31,442.64,1172.88,432.73,743.72,335.33,247.68,467.96,197.36,285.44,149.43,470.99,228,192.89,359.57,90.06,568.27,526.3,568.66,139.32,356.97,100.45,187.47,88.47,142.86,534.7,119.89,182.69,268.91,423.75,890.82,204,426.01,159.06,114.05,293.92,315.04,117.94,151.6,225.08,71.36,716.1,3226.1,2946.9,1680.94,1402.58,1044.1,690.28,614.5,534.44,834.84,750.94,724.77,303.09,815.51,661.57,395.68,373.33,378.65,280.14,288.54,274.14,251.85,51.99,164.3,246.71,114.15],[3381.34,1256.05,915.02,5171.2,6053.87,368.27,205.62,462.02,333.59,136.99,106.58,317.34,1265.62,328.98,304.16,594.41,492.58,149.92,437.72,1825.82,2929.7,551.4,2647.87,1182.02,0,169.84,391.23,123.26,226.55,130.6,142.26,579.67,222.81,101.1,55.46,227.36,106.64,4126.25,31.13,228.07,592.68,210.16,44,36.52,535.49,72.49,109.81,70.78,124.85,30.37,94.42,28.24,438.08,32.75,96.81,26.85,41.82,24.26,39.54,25.28,138.34,1810.46,42.42,29.64,21.23,256.79,203.63,23.9,66.17,1746.64,116.41,186.45,29.38,54.53,18.84,159.57,5615.59,89.2,160.21,183.45,144.48,35.84,16.31,86.72,17.65,71.99,37.39,1957.84,79.32,135.04,99.74,360.31,43.6,112.61,166.61,32.74,52.55,14.19,904.21,90.45,30.22,184.97,13.77,216.36,44.55,12.65,39.91,38.67,10.27,484.65,37.13,55.62,70.7,94.64,25.58,156.07,18.92,106.67,3.79,128.01,204.9,226.69,20.83,10.49,4.83,5033.74,2274.34,3678.62,1114.39,674.75,343,974.83,722.15,572.2,633.71,441.27,415.04,408.02,286.14,248.52,262.98,427.9,282.95,428.66,240.82,197.5,33.1,163.98,268.11,61.68],[14734,3962.09,7970.27,3309.09,2438.78,2982.45,3236.41,901.96,1644.91,911.07,1170.71,1486.91,551.7,1454.28,716.64,8430.64,440.17,360.72,952.86,565.01,4184.12,561.25,525.98,3252.35,169.84,0,435.53,1580.06,1446.02,119.76,307.31,437.79,731.55,1116.21,261.16,952.64,337.78,1023.22,167.88,772.98,190.03,800.39,97.02,502.91,111.99,268.99,208.83,433.04,421.69,177.36,293.36,207.57,625.47,140.2,1175.45,72.82,147.98,546.52,7999.71,383.57,675.29,242.65,333.78,545.94,111.33,1646.41,1368.76,963.22,254.18,544.95,319.66,848.97,301.52,259.87,186.59,1673.54,553.3,360.93,268.13,76.25,1223.67,459.55,136.54,145.35,115.45,1635.22,295.21,1217.86,325.41,545.4,593.39,134.66,315.56,320.06,440.45,139.72,483.69,657.86,119.13,606.09,387.4,556.71,122.92,1099.08,100.8,349.84,173.79,457.47,1931.98,122.76,161.19,426.47,135.83,420.82,286.22,913.1,196.11,95.7,1740.86,767.99,111.62,532.68,180.01,31.48,772.1,5163.73,5301.29,3513.5,2140.57,1294.38,1326.47,1019.24,897.41,1073.68,931.9,840.77,691.65,809.4,817.31,538.63,539.98,437.29,525.97,435.6,394.9,349.99,325.53,290.65,292.21,317.66],[2523.92,7221.4,1834.69,1339.35,2181.62,634.64,1562.76,1133.47,626.09,324.81,369.39,511.59,2460.68,884.98,195.78,687.37,232.83,96.67,212.13,2311.21,805.83,707.2,2791.48,261.83,391.23,435.53,0,582.44,176.42,231.38,118.41,16831.24,449.68,102.71,251.52,308.03,107.93,81.25,195.48,574.89,1081.39,1030.16,60.98,137.14,15.99,116.82,65.49,353.24,188.23,150.84,167.12,182.73,564.76,710.61,388.13,421.16,242.03,73.23,232,103.4,207.97,96.22,66.12,194.83,213.8,363.68,899.72,68,147.21,321.09,179.91,120.4,93.96,190.14,58.33,261.4,442.05,162.04,149.43,292.84,442.93,105.04,49.95,163.35,69.07,248.59,78.9,588.57,300.58,132.52,358.98,39.97,117.67,381.75,138.79,117.32,74.7,83.73,51.27,1069.93,68.48,197.39,81.53,221.46,1112.86,61.15,68.56,64.19,122.55,49.2,85.82,396.66,77.72,230.18,130.21,686.71,105.96,105.5,35.38,212.6,80.52,179.88,86.13,19.66,36.85,5821.27,2711.85,2982.97,1790.49,394.78,175.61,1053.83,955.98,322.19,149.45,193.51,125.48,213.5,161.9,136.6,175.42,304.13,212.52,98.22,74.54,302.83,29.57,38.13,295.58,56.4],[1416.4,816.1,1326.6,22034.46,1154.7,2360.19,48.28,80.43,1247.45,111.14,22.62,95.74,388.24,249.95,98.97,1040.96,49.24,1774.14,379.91,127.09,108.38,130.06,83.94,363.56,123.26,1580.06,582.44,0,1829.12,3.39,38.23,110.61,52.61,31.23,20,130.51,261.67,162.72,35.58,11.55,30.82,321.66,0.4,10.37,259.61,68.3,37.04,2.04,20.47,41.55,6.11,3.77,10.65,10.76,165.03,9.62,64.64,2.07,192.56,15.01,375.53,27.12,36.48,13.28,8.06,97.12,95.25,38.12,166.82,50.29,20.35,424.18,8.1,42.85,9.12,129.82,589.55,11.29,3.07,37.68,324.13,68.79,10.74,7.62,15.41,10.23,37.64,4307.33,207.88,1196.67,23.26,49.82,16.7,144.14,67.79,34.5,247.3,24.71,5.77,47.98,17.88,397.62,7.29,272.08,8.71,24.96,161.45,20.87,17.65,13.87,2.82,50.24,12.2,14.6,26.05,63.29,6.99,15.64,3.99,230.63,376.19,996.88,4.28,917.78,10.59,895.46,4009.74,3329.68,488.33,243.44,2851.62,285.78,285.8,427.62,776.32,289.56,1879.44,276.16,191.8,284.88,205.83,572.78,546.78,524.34,612.11,103.9,1342.25,642.08,337.74,777.9],[1871.49,1256.85,1248.89,7751.79,2433.97,996.68,376.52,346.88,586.37,160.76,497.58,141.27,396.25,863.57,232.39,406.53,264.56,26474.81,1577.84,361.49,1210.84,406.81,144.86,166.33,226.55,1446.02,176.42,1829.12,0,39.49,121.81,83.32,121.29,247.64,124.95,566.21,283.94,287.13,125.03,198.7,83.84,250.55,22.62,111.42,252.69,171.69,82.41,25.49,114.54,48.02,67.05,30.63,221.66,28.14,2045.87,26.7,73.42,98.49,2278.17,27.68,266.21,68.57,126.18,30.3,24,451.03,195.16,114.69,206.03,335.08,139.97,566.72,103.63,26.46,24.35,204.04,931.98,55.68,33.5,62.96,212.72,137.72,109.93,30.61,67.09,866.95,110.56,1625.42,1267.93,5093.64,290.56,79.88,43.14,93.43,230.91,41.88,325.1,351.73,53.77,45.82,98.79,416,18.37,1094.69,62.81,90.34,927.36,82.77,359.14,71,19.7,117.93,123.01,135.03,104.74,475.72,33.09,45.85,53.74,8494.77,163.81,11263.28,24.01,1059.97,84.28,1677.42,3740.23,3071.54,659.18,364.35,2347.27,412.55,345.42,454.43,700.83,333.72,1535.21,322.34,230.77,300.23,250.65,468.6,501.25,484.65,523.07,128.81,1080.06,538.55,272.61,639.57],[998.75,1487.8,10235.03,452.64,656.67,559.9,274.98,6123.49,1739.56,1083.97,512.26,212.74,161.45,365.47,444.21,136.45,363.25,79.61,515.91,627.47,1478.78,178.26,149.21,258.12,130.6,119.76,231.38,3.39,39.49,0,322.3,551.09,260.82,128.27,561.99,712.81,57.03,212.17,594.59,492.99,157.11,283.08,1061.27,472.07,49.82,278.07,144.31,44.51,183.87,2995.49,197.81,134.79,334.11,55.61,80.95,21.23,37.02,46.58,130.41,89.7,56.24,98.22,49.75,90.86,40.34,420.28,83.73,29.2,261.76,400.56,2586.78,41.79,301.37,85.5,91.5,199.39,80.38,314.68,66.57,18.06,253.28,20.59,40.2,51.79,47.71,101.48,72.55,183.74,137.3,237.61,501.94,34.91,47.8,93.02,48.85,6151.98,181.05,42.81,40,186.65,94.42,148.52,26.13,213.04,28.75,12.7,15.17,84.23,76.67,76.89,121.04,31.18,157.14,174.04,45.44,811.07,23.35,43.65,22.22,78.04,27.44,48.67,40.87,0.88,18.43,2426.08,2471.31,1067.7,849.02,941.48,868.86,510.34,396.53,886.2,804.43,614.08,238.9,560.66,936.13,394.82,361.91,291.28,301.08,217.08,182.86,199.63,40.17,124.5,240.87,138.49],[1742.16,1138.18,4925.46,1143.83,948.1,640.65,1520.17,2034.01,1222.28,943.67,368.15,708.45,298.19,416.39,1239.47,415.89,381.65,316.27,290.14,244.81,1091.36,209.46,169.88,286.53,142.26,307.31,118.41,38.23,121.81,322.3,0,372.36,1009.38,1225.32,319.36,790.89,81.6,253.93,754.39,260.99,48.28,254.25,507.34,331.17,16.52,157.94,346.02,350.67,202.84,226.47,114.18,245.37,403.14,108.02,292.9,56.22,96.7,67.92,215.13,170.29,117.74,113.13,72.32,145.53,51.42,1118.99,200.83,86.3,147.64,355.77,703.57,136.89,247.21,31.59,253.75,391.24,156.67,4934.23,81.03,42.16,127.18,71.25,28.64,15.3,126.66,210.47,76.54,411.6,166.61,146.18,160.56,55.12,78.32,88.61,67.56,190.88,103.68,59.67,42.19,84.44,226.64,194.57,50.51,190.32,78.98,99.03,22.74,49.29,48.86,68.6,210.49,67.24,131.38,303.51,38.87,1995.08,103.24,25.17,12.55,105.67,50.64,336.98,60.52,14.29,35.57,1689.6,1688.71,952.97,574.15,458.31,300.2,303.22,265.88,370.2,295.94,375.26,170.66,305.02,224.2,209.06,212.2,182.26,169.7,147.98,143.99,113.25,30.45,88.19,84.9,52.47],[2871.69,9514.3,3488.86,2348.43,2270.66,1081.95,1355.99,1011.83,1059.82,380.09,353.51,1336.8,1428.02,958.26,667.34,1430.07,397.65,48.86,949.96,5188.7,1247.96,1052.95,1086.36,265.34,579.67,437.79,16831.24,110.61,83.32,551.09,372.36,0,351.75,650.59,128.62,312.74,83.01,288.9,238.99,873.17,1078.3,1756.47,169.01,115.63,48.99,133.82,197.23,153.48,215.01,134.26,183.13,127.24,1209.63,760.27,552.6,638.48,790.96,238.74,198.94,98.86,199.24,465.63,92.99,151.1,277.18,670.74,998.18,97.72,76.23,339.52,399.55,385.53,79.93,82.03,65.77,379.83,122.33,267.39,122.66,118.39,827.95,125.94,49.71,117.3,99.06,644.22,80.81,703.29,626.69,290.86,1325.72,109.13,117.93,681.4,178.42,122.01,45.7,140.15,41.16,381.06,65.71,295.95,78.58,222.54,976.49,78.57,48.16,70.35,131.54,96.56,128.64,432.97,269.58,374.8,105.13,570.29,112.65,188.68,49.85,218.82,177.5,124.62,107.83,5.14,19.42,10289.43,4127.67,3079.28,4390.13,1125.37,1788.57,2282.75,1639.55,965.72,394.87,472.63,272.65,1235.34,907.7,281.29,680.87,449.58,454.12,323.23,140.75,696.15,158.98,85.83,563.92,414],[22984.36,2202.79,2296.93,995.56,1502.54,1338.03,1488.61,710.16,1007.42,292.24,560.57,720.7,548.06,3380.54,984.85,1413.66,313.05,148.34,617.31,955.84,430.72,420.55,525.14,801.71,222.81,731.55,449.68,52.61,121.29,260.82,1009.38,351.75,0,401.54,202.07,556.51,135.41,249.48,213.96,240.16,562.94,343.59,226.07,236.69,44.44,171.65,256.94,250.81,210.53,88.14,324.4,64.38,349.7,105.53,794.54,65.28,145.05,184.22,994.89,290.89,227.11,160.81,101.55,383.8,79.73,885.67,253.17,139.62,158.56,291.57,202.99,225.36,154.61,104.96,158.76,690.18,205.44,185.23,103.21,61.06,258.11,353.26,70.98,28.1,59.68,318.31,111.9,490.56,141.81,170.34,1130.14,72.8,3039.46,118.46,553.91,108.46,87.26,523.93,69.91,212.18,256.74,272.45,829.88,178.43,153.72,303.92,103.2,72.18,389.42,90.61,75.37,111.41,185.78,890.3,84.91,809.54,83.82,61.72,113.7,330.85,182.19,123.5,1063.34,29.2,144.59,4230,3778.62,2607.91,1598.18,1092.43,561.34,729.62,729.19,709.31,709.29,645.82,398.87,651.88,464.89,397.83,350.95,479.95,360.31,336.8,259.36,290.78,62.08,195.82,252.68,97.34],[3835.37,2163.08,2781.12,2190.71,1158.45,1596.67,2889.59,801.05,944.38,402.63,6532.22,1459.39,4104.92,763.43,995.81,877.02,559.61,190.47,251.85,1881.33,352.56,416.87,1113.81,2824.38,101.1,1116.21,102.71,31.23,247.64,128.27,1225.32,650.59,401.54,0,114.76,661.84,167.56,2991.42,287.2,293.89,58.03,368.25,54.87,161.54,179.96,133.85,271.61,796.99,99.62,58.26,395,184.9,1522.07,86.32,237.02,58.35,77.35,3841.94,2276.96,608.88,109.73,183.05,351.5,500.11,49.69,1484.23,103.88,1046.37,252.07,535.51,206.79,151.93,90.08,171.12,140.63,2713.14,203.78,155.74,64.17,44.09,143.47,106.46,114.13,60.3,83.45,5882.54,631.87,522.62,501.64,222.3,235.09,97.7,126.74,182.53,83.13,61.03,122.72,166.98,134.32,74.83,299.72,326.18,57.7,344.27,28.4,68.57,74.07,97.66,215.92,141.24,155.1,26.51,131.67,629.93,501.95,380.33,193.32,54.6,134.73,420.73,86.43,144.18,90.32,11.81,211.98,2335.97,3327.79,2191.22,1421.7,836.05,395.57,422.3,494.91,426.8,370.15,369.19,222.84,326.49,273.1,253.41,231.99,206.08,164.38,238.45,200.94,178.59,55.53,115.1,105.97,59.34],[1268.5,1199.97,9915.96,766.42,518.64,854.62,320.43,799.73,8804,954.95,290,357.92,161.31,288.34,259.32,259.84,758.18,82.98,411.62,595.29,250.53,150.25,113.08,151.91,55.46,261.16,251.52,20,124.95,561.99,319.36,128.62,202.07,114.76,0,735.81,47.41,362.03,294.79,689.54,87.22,197.55,421.84,1784.73,25.41,76.84,78.35,82.72,107.88,203.44,122.33,46.76,94.35,35.67,144.72,21.97,242.42,61.1,161.23,68.55,45.9,101.9,83.2,110.83,26.69,365.31,80.49,45.7,212.55,448.22,328.77,48.26,944.09,55.4,105.36,166.51,322.39,252.73,33.3,40.61,75.19,54.4,144.39,37.43,25.95,165.02,64.1,193.09,224.73,134.11,119.11,57.25,47.23,77.62,70.12,183.25,38.5,41.6,38.65,56.96,73.55,121.22,32.73,84.77,21.89,38.42,23.2,26.25,48.11,83.86,58.26,37.81,190.01,123.16,56.01,2848.41,24.54,25.14,68.24,76.67,34.06,38.67,40.42,20.53,31.25,1158.36,1209.56,689.36,405.98,336.23,237.81,219.23,184.63,269.41,216.14,291.51,136.75,217.86,158.43,151.56,161.38,137.26,116.47,116.74,111.03,77.35,28.7,68.77,57.64,41.17],[5979.65,1639.29,4339.9,1962.41,1213.41,1307.02,1979.84,1242.09,3427.84,1477.2,2730.52,2508.1,433.93,1189.92,4917.52,486.11,577.11,356.29,328.84,330.08,1673.95,250,625.9,953.9,227.36,952.64,308.03,130.51,566.21,712.81,790.89,312.74,556.51,661.84,735.81,0,227.81,431.12,308.54,1049.04,69.43,342.31,205.85,1087.3,79.24,228.97,1618.19,414.81,393.22,177.82,329.59,168.67,458.85,63.49,434.01,54.43,164.9,584.38,717.92,334.24,360.74,161.86,133.59,395.09,49.23,3679.34,537.39,256.52,301.61,915.79,405.25,243.08,793.78,201.35,1359.64,985.8,77.5,634.48,128.83,52.44,257.74,85.58,86.95,75.44,347.62,1197.83,200.55,735.4,308.97,589.56,314.63,79.05,129.61,142.16,156.83,215.92,193.73,157.27,144.49,225.16,547.76,262.2,61.61,788.38,111.11,79.71,64.99,124.65,107.52,296.39,161.02,75.39,511.38,507.62,119.61,6783.3,146.18,41.32,50.88,323.99,114.11,325.36,88.99,72.36,79.71,3834.71,3585.56,2283,1161.48,953.65,492.92,674.33,558,681.98,654.29,682.47,364.08,613.41,459.06,462.52,422.53,392.29,401.96,361.53,291.63,258.53,60.59,198.64,180.57,118.34],[1833.86,922.55,1174.39,814.83,729.05,5318.84,614.78,278.87,509.54,385.29,216.23,204.67,183.68,257.46,224.34,184.47,463.72,302.79,314.15,78.95,1498.46,225.41,137.43,189.26,106.64,337.78,107.93,261.67,283.94,57.03,81.6,83.01,135.41,167.56,47.41,227.81,0,787.17,242.14,129.61,46.53,156.79,68.32,64.91,8.68,411.39,59.71,75.74,364.82,39.3,65.06,90.47,87.08,23.21,175.41,11.24,19.89,104.79,219.56,74.82,166.79,178.35,798.91,99.11,21.04,292.3,36.31,210.6,168.4,429.79,54,56.56,34.45,139.12,53.18,266.51,87.42,45.07,86.25,35.64,120.35,33.41,129.92,75.68,110.24,537.1,528.62,301.37,7032.36,316.49,166.32,196.31,50.81,67.15,51.85,45.32,259.47,59.72,86.33,42.48,96.35,913.56,32.28,439.1,14.39,21.71,600.23,119.78,96.28,131.14,86.43,19.85,70.35,106.25,2024.58,138.42,37.47,23.06,28.05,2794.75,107.48,256.31,41.41,23.92,27.59,1403.37,1287.74,954.99,498.6,329.12,153.55,256.18,210.98,211.61,212.56,188.63,118,178.48,148.1,165.79,141.3,103.3,154.98,145.82,107.53,75.92,23.86,74.01,45,51.74],[2794.47,1267.6,2688.54,828.2,2133.67,6113.73,1461.19,762.53,1543.98,395.43,1957.15,771.06,179.83,610.69,663.25,1141.71,944.01,444.4,791.9,185.98,4772.35,733.24,115.89,717.05,4126.25,1023.22,81.25,162.72,287.13,212.17,253.93,288.9,249.48,2991.42,362.03,431.12,787.17,0,480.44,482.41,95.33,242.23,47.02,316.81,82.88,299.96,165.6,476.21,325.94,56.8,276.88,190.48,540.21,37.07,311.95,25.39,9.89,878.51,704.57,409.26,559.13,424.68,2025.59,332.75,38.81,1033.54,154.56,924.86,468.54,1810.3,325.16,180.36,120.41,190.92,120.25,1042.63,580.28,154.7,76.54,36.16,642.67,72.83,141.16,27.67,358.8,3776.37,1298.3,678.81,867.26,343.93,662.62,187.19,226.07,96.25,123.11,70.8,533.09,81.44,883.55,212.6,217.69,962.98,87.24,619.1,104.1,50.06,392.33,195.85,120.22,508.05,152.28,84.55,166.39,566.97,807.87,971.65,79.55,104.76,54.83,1362.83,95.36,200.37,95.52,43.52,77.54,3012.92,3498,2510.55,1393.35,855.61,493.97,567.18,546.09,405.19,394.8,360.43,275.55,334.35,246.65,260.46,241.99,180.16,178.89,350.49,250.7,182.38,71.82,133.55,113.6,69.68],[1000.22,994.84,2451.47,609.25,950.57,2710.1,187.51,1058.76,1509.74,1030.66,489.06,1222.44,125.66,408.29,273.41,356.33,3195.67,117.8,792.19,813.6,444.22,143.08,126.22,301.06,31.13,167.88,195.48,35.58,125.03,594.59,754.39,238.99,213.96,287.2,294.79,308.5